,date,hour_of_day,DT_wait_time,POC_wait_time,SM_wait_time
1,2015-01-01,8.0,78.33,,5.0
2,2015-01-01,9.0,103.33,,5.0
3,2015-01-01,10.0,87.5,27.5,15.56
4,2015-01-01,11.0,85.56,62.5,21.88
5,2015-01-01,12.0,121.11,50.0,28.12
6,2015-01-01,13.0,138.33,56.88,59.38
7,2015-01-01,14.0,162.0,60.0,61.25
8,2015-01-01,15.0,148.75,57.5,63.75
9,2015-01-01,16.0,144.44,64.44,70.0
10,2015-01-01,17.0,113.75,48.75,49.38
11,2015-01-01,18.0,103.33,43.57,41.88
12,2015-01-01,19.0,120.0,34.38,34.38
15,2015-01-01,20.0,,,10.62
16,2015-01-01,21.0,,,7.5
13,2015-01-01,22.0,114.0,7.5,6.88
20,2015-01-02,8.0,59.5,5.0,5.0
21,2015-01-02,9.0,88.75,9.0,5.0
22,2015-01-02,10.0,103.33,35.62,18.12
23,2015-01-02,11.0,125.56,52.5,32.5
24,2015-01-02,12.0,125.56,46.67,55.56
25,2015-01-02,13.0,147.5,51.67,87.78
26,2015-01-02,14.0,171.11,70.56,93.12
27,2015-01-02,15.0,182.0,47.22,91.88
28,2015-01-02,16.0,145.0,61.25,84.38
29,2015-01-02,17.0,106.67,58.12,78.75
30,2015-01-02,18.0,107.0,44.0,58.12
31,2015-01-02,19.0,120.0,40.0,50.62
32,2015-01-02,20.0,130.0,33.33,27.5
33,2015-01-02,21.0,85.0,21.25,16.11
34,2015-01-02,22.0,74.38,16.36,27.78
38,2015-01-03,9.0,108.33,5.0,5.0
39,2015-01-03,10.0,76.5,11.25,26.88
40,2015-01-03,11.0,96.67,40.62,46.25
41,2015-01-03,12.0,115.56,34.0,41.5
42,2015-01-03,13.0,130.0,44.44,69.5
43,2015-01-03,14.0,105.0,49.38,76.88
44,2015-01-03,15.0,103.5,41.67,69.38
45,2015-01-03,16.0,137.78,49.38,76.25
46,2015-01-03,17.0,138.75,35.0,78.75
47,2015-01-03,18.0,116.0,38.12,52.5
48,2015-01-03,19.0,80.0,38.75,53.12
49,2015-01-03,20.0,86.67,31.88,30.0
50,2015-01-03,21.0,101.25,18.5,22.27
51,2015-01-03,22.0,85.0,18.75,26.88
57,2015-01-04,9.0,65.56,5.0,5.0
58,2015-01-04,10.0,88.5,7.78,15.56
59,2015-01-04,11.0,105.0,23.33,38.75
60,2015-01-04,12.0,81.25,37.5,43.12
61,2015-01-04,13.0,80.62,41.25,54.38
62,2015-01-04,14.0,106.25,35.62,52.5
63,2015-01-04,15.0,86.67,33.12,43.75
64,2015-01-04,16.0,85.0,36.25,48.33
65,2015-01-04,17.0,87.5,26.11,48.75
66,2015-01-04,18.0,70.0,23.12,50.62
67,2015-01-04,19.0,73.33,17.78,24.38
68,2015-01-04,20.0,91.67,5.0,13.75
69,2015-01-04,21.0,90.0,8.12,16.88
70,2015-01-04,22.0,75.56,7.5,11.25
74,2015-01-05,9.0,50.62,5.0,
75,2015-01-05,10.0,80.0,6.25,
76,2015-01-05,11.0,93.75,35.0,
77,2015-01-05,12.0,91.25,42.5,
78,2015-01-05,13.0,93.75,56.25,
79,2015-01-05,14.0,95.0,43.75,
80,2015-01-05,15.0,101.88,46.25,
81,2015-01-05,16.0,125.0,51.88,
82,2015-01-05,17.0,132.5,41.88,
83,2015-01-05,18.0,130.0,20.0,
84,2015-01-05,19.0,88.75,32.78,
85,2015-01-05,20.0,71.25,11.88,
86,2015-01-05,21.0,45.0,6.25,
87,2015-01-05,22.0,41.25,5.0,
90,2015-01-06,9.0,60.0,5.0,
91,2015-01-06,10.0,77.78,12.22,
92,2015-01-06,11.0,95.0,35.56,
93,2015-01-06,12.0,91.67,31.25,
94,2015-01-06,13.0,81.25,31.67,
95,2015-01-06,14.0,92.5,34.17,
96,2015-01-06,15.0,81.88,23.57,
97,2015-01-06,16.0,78.75,42.22,
98,2015-01-06,17.0,83.75,37.86,
99,2015-01-06,18.0,97.5,25.0,
100,2015-01-06,19.0,82.78,13.12,
101,2015-01-06,20.0,46.11,5.62,
104,2015-01-07,9.0,77.5,,
105,2015-01-07,10.0,80.0,6.43,
106,2015-01-07,11.0,58.0,11.11,
107,2015-01-07,12.0,64.55,21.88,
108,2015-01-07,13.0,90.0,20.56,
109,2015-01-07,14.0,92.5,26.67,
110,2015-01-07,15.0,93.57,15.0,
111,2015-01-07,16.0,120.62,26.11,
112,2015-01-07,17.0,86.0,20.62,
113,2015-01-07,18.0,85.0,17.78,
114,2015-01-07,19.0,83.75,7.5,
115,2015-01-07,20.0,41.0,5.0,
117,2015-01-08,9.0,93.75,5.0,
118,2015-01-08,10.0,53.89,5.5,
119,2015-01-08,11.0,67.73,19.0,
120,2015-01-08,12.0,71.11,29.29,
121,2015-01-08,13.0,86.67,40.56,
122,2015-01-08,14.0,78.75,37.78,
123,2015-01-08,15.0,78.89,30.45,
124,2015-01-08,16.0,80.0,38.0,
125,2015-01-08,17.0,136.0,28.0,
126,2015-01-08,18.0,77.78,16.67,
127,2015-01-08,19.0,68.33,7.78,
128,2015-01-08,20.0,39.09,5.0,
131,2015-01-09,9.0,47.78,6.67,
132,2015-01-09,10.0,59.0,11.67,
133,2015-01-09,11.0,76.0,10.56,
134,2015-01-09,12.0,54.44,22.5,
135,2015-01-09,13.0,60.91,22.27,
136,2015-01-09,14.0,69.0,25.0,
137,2015-01-09,15.0,75.0,29.38,
138,2015-01-09,16.0,62.5,36.5,
139,2015-01-09,17.0,75.0,30.83,
140,2015-01-09,18.0,57.5,16.67,
141,2015-01-09,19.0,42.86,14.17,
142,2015-01-09,20.0,34.62,7.5,
145,2015-01-10,9.0,45.0,10.0,
146,2015-01-10,10.0,60.0,10.0,
147,2015-01-10,11.0,65.38,21.15,
148,2015-01-10,12.0,74.0,40.77,
149,2015-01-10,13.0,100.0,39.17,
150,2015-01-10,14.0,91.25,44.17,
151,2015-01-10,15.0,105.0,42.08,
152,2015-01-10,16.0,105.0,46.25,
153,2015-01-10,17.0,117.08,36.67,
154,2015-01-10,18.0,122.08,30.36,
155,2015-01-10,19.0,79.62,23.75,
156,2015-01-10,20.0,68.33,15.36,
157,2015-01-10,21.0,55.0,10.0,
158,2015-01-10,22.0,60.67,9.62,
163,2015-01-11,9.0,53.0,,
164,2015-01-11,10.0,64.62,6.15,
165,2015-01-11,11.0,47.92,10.0,
166,2015-01-11,12.0,64.17,10.0,
167,2015-01-11,13.0,72.5,15.0,
168,2015-01-11,14.0,90.83,16.92,
169,2015-01-11,15.0,78.33,22.31,
170,2015-01-11,16.0,74.29,22.08,
171,2015-01-11,17.0,67.92,21.43,
172,2015-01-11,18.0,56.0,6.92,
173,2015-01-11,19.0,56.25,7.08,
174,2015-01-11,20.0,55.83,6.92,
179,2015-01-12,9.0,53.08,5.0,
180,2015-01-12,10.0,61.54,5.0,
181,2015-01-12,11.0,60.0,5.77,
182,2015-01-12,12.0,70.0,11.67,
183,2015-01-12,13.0,65.38,16.67,
184,2015-01-12,14.0,53.33,11.92,
185,2015-01-12,15.0,68.33,9.17,
186,2015-01-12,16.0,52.0,10.0,
187,2015-01-12,17.0,40.0,7.5,
188,2015-01-12,18.0,26.0,5.0,
189,2015-01-12,19.0,38.75,5.0,
190,2015-01-12,20.0,20.42,5.0,
193,2015-01-13,9.0,47.81,5.0,
194,2015-01-13,10.0,60.33,9.64,
195,2015-01-13,11.0,66.92,11.92,
196,2015-01-13,12.0,76.0,20.0,
197,2015-01-13,13.0,65.71,21.79,
198,2015-01-13,14.0,60.0,24.55,
199,2015-01-13,15.0,66.67,15.0,
200,2015-01-13,16.0,77.5,21.67,
201,2015-01-13,17.0,66.15,12.92,
202,2015-01-13,18.0,59.17,6.67,
203,2015-01-13,19.0,45.83,5.0,
206,2015-01-14,9.0,46.0,5.0,
207,2015-01-14,10.0,57.69,5.0,
208,2015-01-14,11.0,62.33,6.67,
209,2015-01-14,12.0,76.43,12.73,
210,2015-01-14,13.0,76.67,17.22,
211,2015-01-14,14.0,68.0,18.75,
212,2015-01-14,15.0,57.5,13.75,
213,2015-01-14,16.0,74.62,22.92,
214,2015-01-14,17.0,78.33,14.17,
215,2015-01-14,18.0,39.29,10.0,
216,2015-01-14,19.0,61.54,15.0,
219,2015-01-15,9.0,50.0,5.0,
220,2015-01-15,10.0,66.92,9.17,
221,2015-01-15,11.0,75.0,17.5,
222,2015-01-15,12.0,75.0,23.33,
230,2015-01-15,13.0,,22.08,
231,2015-01-15,14.0,,23.21,
223,2015-01-15,15.0,90.0,15.0,
224,2015-01-15,16.0,67.92,21.43,
225,2015-01-15,17.0,92.86,15.0,
226,2015-01-15,18.0,100.83,5.0,
227,2015-01-15,19.0,45.83,5.0,
228,2015-01-15,20.0,35.36,5.0,
233,2015-01-16,9.0,66.67,5.71,
234,2015-01-16,10.0,82.14,15.42,
235,2015-01-16,11.0,100.83,36.92,
236,2015-01-16,12.0,116.67,46.82,
237,2015-01-16,13.0,118.33,46.25,
238,2015-01-16,14.0,124.55,48.75,
239,2015-01-16,15.0,143.85,45.38,
240,2015-01-16,16.0,148.33,45.77,
241,2015-01-16,17.0,175.45,39.62,
242,2015-01-16,18.0,152.31,35.0,
243,2015-01-16,19.0,84.17,26.67,
244,2015-01-16,20.0,75.83,15.0,
245,2015-01-16,21.0,88.18,10.0,
246,2015-01-16,22.0,54.17,10.0,
249,2015-01-17,9.0,63.18,,
250,2015-01-17,10.0,79.58,,
251,2015-01-17,11.0,124.44,,
252,2015-01-17,12.0,135.0,,
253,2015-01-17,13.0,134.62,,
254,2015-01-17,14.0,122.5,,
255,2015-01-17,15.0,131.67,,
256,2015-01-17,16.0,131.54,,
257,2015-01-17,17.0,145.0,,
258,2015-01-17,18.0,132.5,53.75,
259,2015-01-17,19.0,105.38,28.0,
260,2015-01-17,20.0,90.83,48.85,
261,2015-01-17,21.0,80.0,32.5,
262,2015-01-17,22.0,70.38,27.69,
267,2015-01-18,9.0,69.58,6.25,
268,2015-01-18,10.0,84.62,26.79,
269,2015-01-18,11.0,115.33,36.43,
270,2015-01-18,12.0,107.69,40.5,
271,2015-01-18,13.0,90.0,45.0,
272,2015-01-18,14.0,102.31,41.25,
273,2015-01-18,15.0,128.33,40.77,
274,2015-01-18,16.0,135.29,44.17,
275,2015-01-18,17.0,81.67,38.12,
276,2015-01-18,18.0,95.83,38.33,
277,2015-01-18,19.0,87.5,33.0,
278,2015-01-18,20.0,73.08,26.25,
279,2015-01-18,21.0,58.33,20.45,
280,2015-01-18,22.0,62.5,16.82,
285,2015-01-19,9.0,58.93,5.0,
286,2015-01-19,10.0,67.14,14.64,
287,2015-01-19,11.0,113.0,28.89,
288,2015-01-19,12.0,126.92,42.33,
289,2015-01-19,13.0,115.0,59.29,
290,2015-01-19,14.0,95.56,43.75,
291,2015-01-19,15.0,100.0,33.85,
292,2015-01-19,16.0,119.17,39.58,
293,2015-01-19,17.0,123.85,50.0,
294,2015-01-19,18.0,99.17,15.5,
295,2015-01-19,19.0,76.43,20.0,
296,2015-01-19,20.0,80.0,11.67,
297,2015-01-19,21.0,54.17,5.83,
298,2015-01-19,22.0,47.5,5.0,
301,2015-01-20,9.0,51.25,5.0,
302,2015-01-20,10.0,85.0,19.62,
303,2015-01-20,11.0,120.83,41.15,
304,2015-01-20,12.0,123.08,35.42,
305,2015-01-20,13.0,79.23,45.5,
306,2015-01-20,14.0,83.33,42.5,
307,2015-01-20,15.0,100.83,42.5,
308,2015-01-20,16.0,115.83,43.46,
309,2015-01-20,17.0,77.5,42.27,
310,2015-01-20,18.0,84.17,28.64,
311,2015-01-20,19.0,95.0,11.67,
312,2015-01-20,20.0,56.67,5.42,
313,2015-01-20,21.0,47.5,6.25,
316,2015-01-21,9.0,58.57,5.0,
317,2015-01-21,10.0,61.33,6.25,
318,2015-01-21,11.0,62.14,23.75,
319,2015-01-21,12.0,62.31,19.0,
320,2015-01-21,13.0,81.67,22.22,
321,2015-01-21,14.0,74.17,21.25,
322,2015-01-21,15.0,63.33,12.08,
323,2015-01-21,16.0,83.08,25.0,
324,2015-01-21,17.0,71.67,19.23,
325,2015-01-21,18.0,51.67,10.0,
326,2015-01-21,19.0,61.54,10.83,
329,2015-01-22,9.0,55.0,5.71,
330,2015-01-22,10.0,74.62,22.0,
331,2015-01-22,11.0,74.67,27.69,
332,2015-01-22,12.0,67.5,36.92,
333,2015-01-22,13.0,75.83,36.54,
334,2015-01-22,14.0,89.29,38.33,
335,2015-01-22,15.0,100.0,35.0,
336,2015-01-22,16.0,85.71,38.75,
337,2015-01-22,17.0,80.0,32.92,
338,2015-01-22,18.0,70.0,21.25,
339,2015-01-22,19.0,56.15,12.08,
340,2015-01-22,20.0,39.38,5.0,
342,2015-01-23,9.0,81.82,5.0,
343,2015-01-23,10.0,69.17,8.33,
344,2015-01-23,11.0,56.67,13.75,
345,2015-01-23,12.0,89.23,13.46,
346,2015-01-23,13.0,98.08,23.57,
347,2015-01-23,14.0,61.54,25.42,
348,2015-01-23,15.0,70.0,15.0,
349,2015-01-23,16.0,91.67,24.23,
350,2015-01-23,17.0,59.29,18.75,
351,2015-01-23,18.0,47.5,10.0,
352,2015-01-23,19.0,65.83,5.0,
353,2015-01-23,20.0,29.58,5.0,
356,2015-01-24,9.0,46.07,5.0,
357,2015-01-24,10.0,61.92,9.29,
358,2015-01-24,11.0,87.69,29.23,
359,2015-01-24,12.0,81.54,39.58,
360,2015-01-24,13.0,84.17,37.08,
361,2015-01-24,14.0,101.15,38.85,
362,2015-01-24,15.0,110.0,37.08,
363,2015-01-24,16.0,100.0,44.62,
364,2015-01-24,17.0,95.0,39.58,
365,2015-01-24,18.0,96.92,36.25,
366,2015-01-24,19.0,78.33,23.33,
367,2015-01-24,20.0,65.83,13.21,
368,2015-01-24,21.0,58.46,13.0,
369,2015-01-24,22.0,55.0,16.25,
373,2015-01-25,9.0,58.85,5.0,
374,2015-01-25,10.0,68.75,11.25,
375,2015-01-25,11.0,71.67,22.92,
376,2015-01-25,12.0,70.0,37.5,
377,2015-01-25,13.0,85.38,32.31,
378,2015-01-25,14.0,90.0,35.77,
379,2015-01-25,15.0,109.17,24.17,
380,2015-01-25,16.0,108.33,37.5,
381,2015-01-25,17.0,102.5,31.54,
382,2015-01-25,18.0,55.83,20.77,
383,2015-01-25,19.0,66.92,12.5,
384,2015-01-25,20.0,58.33,5.83,
388,2015-01-26,9.0,57.5,5.0,
389,2015-01-26,10.0,54.17,10.0,
390,2015-01-26,11.0,58.33,10.38,
391,2015-01-26,12.0,77.5,10.0,
392,2015-01-26,13.0,82.5,20.77,
393,2015-01-26,14.0,77.5,24.17,
394,2015-01-26,15.0,70.0,15.77,
395,2015-01-26,16.0,90.0,20.42,
396,2015-01-26,17.0,74.0,19.58,
397,2015-01-26,18.0,54.17,10.0,
398,2015-01-26,19.0,69.17,5.0,
399,2015-01-26,20.0,50.0,5.0,
401,2015-01-27,9.0,65.0,5.0,
402,2015-01-27,10.0,72.67,13.08,
403,2015-01-27,11.0,74.17,34.62,
404,2015-01-27,12.0,90.0,36.25,
405,2015-01-27,13.0,106.15,46.88,
406,2015-01-27,14.0,136.43,,
407,2015-01-27,15.0,112.5,31.43,
408,2015-01-27,16.0,85.83,42.27,
409,2015-01-27,17.0,99.23,51.54,
410,2015-01-27,18.0,97.5,28.85,
411,2015-01-27,19.0,80.0,10.42,
412,2015-01-27,20.0,40.62,5.0,
414,2015-01-28,9.0,57.0,5.0,
415,2015-01-28,10.0,56.67,5.0,
416,2015-01-28,11.0,80.0,16.25,
417,2015-01-28,12.0,77.5,16.67,
418,2015-01-28,13.0,60.0,15.0,
424,2015-01-28,14.0,,15.0,
419,2015-01-28,15.0,70.0,10.0,
420,2015-01-28,16.0,80.0,30.0,
421,2015-01-28,17.0,80.0,25.0,
422,2015-01-28,18.0,40.0,,
423,2015-01-28,19.0,40.0,,
426,2015-01-29,9.0,68.33,,
437,2015-01-29,10.0,,30.0,
427,2015-01-29,11.0,76.0,25.0,
428,2015-01-29,12.0,84.17,25.77,
429,2015-01-29,13.0,82.08,18.48,
430,2015-01-29,14.0,63.08,18.54,
431,2015-01-29,15.0,76.67,13.08,
432,2015-01-29,16.0,94.44,21.96,
433,2015-01-29,17.0,73.21,19.79,
434,2015-01-29,18.0,93.08,16.0,
435,2015-01-29,19.0,59.17,12.5,
442,2015-01-30,9.0,71.25,5.0,
443,2015-01-30,10.0,90.0,5.0,
444,2015-01-30,11.0,83.33,34.17,
445,2015-01-30,12.0,80.0,26.39,
446,2015-01-30,13.0,90.77,40.36,
447,2015-01-30,14.0,96.67,38.75,
448,2015-01-30,15.0,94.17,36.67,
449,2015-01-30,16.0,101.92,,
450,2015-01-30,17.0,92.86,,
451,2015-01-30,18.0,71.54,,
452,2015-01-30,19.0,66.15,,
453,2015-01-30,20.0,49.23,,
458,2015-01-31,8.0,45.0,5.0,
459,2015-01-31,9.0,60.0,5.0,
460,2015-01-31,10.0,66.67,11.92,
461,2015-01-31,11.0,76.79,32.08,
462,2015-01-31,12.0,89.38,38.33,
463,2015-01-31,13.0,98.57,41.43,
464,2015-01-31,14.0,115.0,46.54,
473,2015-01-31,15.0,,41.25,
465,2015-01-31,16.0,120.0,49.62,
466,2015-01-31,17.0,116.67,46.25,
467,2015-01-31,18.0,135.62,40.42,
468,2015-01-31,19.0,145.38,38.08,
469,2015-01-31,20.0,133.08,25.42,10.0
470,2015-01-31,21.0,83.33,22.5,10.0
471,2015-01-31,22.0,75.83,17.08,7.08
475,2015-02-01,9.0,63.75,5.0,5.0
476,2015-02-01,10.0,73.64,10.38,12.92
477,2015-02-01,11.0,67.5,21.0,15.0
478,2015-02-01,12.0,75.0,30.0,
479,2015-02-01,13.0,105.83,35.0,25.0
480,2015-02-01,14.0,110.0,34.5,40.0
481,2015-02-01,15.0,87.0,17.14,25.5
482,2015-02-01,16.0,75.83,30.0,36.67
483,2015-02-01,17.0,87.5,25.77,23.75
484,2015-02-01,18.0,70.77,15.71,7.92
485,2015-02-01,19.0,63.33,13.33,5.0
486,2015-02-01,20.0,35.0,5.83,5.0
487,2015-02-01,21.0,37.86,5.0,5.0
489,2015-02-02,9.0,75.0,,
495,2015-02-02,10.0,,7.5,
496,2015-02-02,11.0,,27.5,
490,2015-02-02,13.0,70.0,,
491,2015-02-02,14.0,70.0,,
492,2015-02-02,15.0,70.0,,15.0
497,2015-02-02,17.0,,17.5,15.0
493,2015-02-02,18.0,80.0,,
494,2015-02-02,21.0,30.0,,5.0
499,2015-02-03,9.0,52.31,5.0,5.0
511,2015-02-03,10.0,,7.31,5.0
500,2015-02-03,11.0,63.46,23.08,12.31
501,2015-02-03,12.0,78.46,29.62,22.92
502,2015-02-03,13.0,106.15,30.0,30.42
503,2015-02-03,14.0,105.45,33.33,16.25
504,2015-02-03,15.0,80.83,23.5,19.23
505,2015-02-03,16.0,80.0,32.5,29.64
506,2015-02-03,17.0,99.17,30.0,13.33
507,2015-02-03,18.0,78.33,14.62,5.38
508,2015-02-03,19.0,52.31,5.0,5.0
509,2015-02-03,20.0,39.17,5.0,5.0
513,2015-02-04,9.0,57.69,5.0,5.0
514,2015-02-04,10.0,60.71,5.0,6.33
515,2015-02-04,11.0,68.33,9.0,15.36
516,2015-02-04,12.0,65.0,10.0,21.25
517,2015-02-04,13.0,55.83,15.38,21.25
518,2015-02-04,14.0,60.77,16.5,28.33
519,2015-02-04,15.0,68.33,10.0,17.92
520,2015-02-04,16.0,59.17,25.36,20.36
521,2015-02-04,17.0,62.31,20.42,8.75
522,2015-02-04,18.0,53.57,7.92,5.83
523,2015-02-04,19.0,49.0,5.0,5.0
524,2015-02-04,20.0,38.85,5.0,5.0
528,2015-02-05,9.0,45.0,5.5,5.0
529,2015-02-05,10.0,39.17,5.0,5.0
530,2015-02-05,11.0,48.18,5.0,5.0
531,2015-02-05,12.0,52.5,12.5,5.0
532,2015-02-05,13.0,55.71,18.33,7.0
533,2015-02-05,14.0,50.0,15.77,7.31
534,2015-02-05,15.0,44.23,7.08,7.5
535,2015-02-05,16.0,68.89,15.83,5.0
536,2015-02-05,17.0,69.17,14.23,6.25
537,2015-02-05,18.0,44.17,10.77,5.0
538,2015-02-05,19.0,55.83,5.0,5.0
539,2015-02-05,20.0,30.83,5.0,5.0
542,2015-02-06,9.0,56.0,5.0,5.0
543,2015-02-06,10.0,70.83,7.92,5.0
544,2015-02-06,11.0,65.0,29.62,15.83
545,2015-02-06,12.0,61.67,31.25,30.0
546,2015-02-06,13.0,103.85,42.92,47.08
547,2015-02-06,14.0,126.15,40.83,37.31
548,2015-02-06,15.0,105.0,36.15,37.5
549,2015-02-06,16.0,81.67,42.92,42.92
550,2015-02-06,17.0,105.0,34.58,32.31
551,2015-02-06,18.0,113.0,32.5,19.17
552,2015-02-06,19.0,84.17,22.08,5.0
553,2015-02-06,20.0,66.25,10.0,5.0
554,2015-02-06,21.0,39.29,5.83,5.0
555,2015-02-06,22.0,59.17,5.0,5.0
558,2015-02-07,8.0,45.0,5.0,5.0
559,2015-02-07,9.0,57.5,7.08,5.0
560,2015-02-07,10.0,70.0,11.67,5.0
561,2015-02-07,11.0,79.23,17.08,11.67
562,2015-02-07,12.0,75.83,37.5,30.77
563,2015-02-07,13.0,86.92,36.67,40.0
564,2015-02-07,14.0,108.33,37.5,38.08
565,2015-02-07,15.0,80.0,42.5,32.5
566,2015-02-07,16.0,76.67,39.64,43.33
567,2015-02-07,17.0,99.17,35.38,28.08
568,2015-02-07,18.0,91.67,31.67,18.75
569,2015-02-07,19.0,56.67,26.67,10.42
570,2015-02-07,20.0,61.15,24.17,10.0
571,2015-02-07,21.0,53.33,13.08,5.83
572,2015-02-07,22.0,51.67,5.0,5.0
577,2015-02-08,9.0,45.0,5.45,5.0
578,2015-02-08,10.0,62.92,5.0,11.67
579,2015-02-08,11.0,68.46,20.77,22.92
580,2015-02-08,12.0,60.83,28.85,35.0
581,2015-02-08,13.0,80.0,27.31,41.54
582,2015-02-08,14.0,73.08,25.0,42.92
583,2015-02-08,15.0,60.83,24.62,41.15
584,2015-02-08,16.0,77.5,18.75,29.58
585,2015-02-08,17.0,76.79,18.18,22.5
586,2015-02-08,18.0,51.67,5.0,13.33
587,2015-02-08,19.0,52.5,5.0,5.83
588,2015-02-08,20.0,61.67,5.0,4.62
589,2015-02-08,21.0,42.5,5.0,5.0
590,2015-02-08,22.0,46.15,5.0,5.0
593,2015-02-09,9.0,50.36,5.0,5.0
594,2015-02-09,10.0,70.83,6.25,5.36
595,2015-02-09,11.0,91.54,17.5,16.92
596,2015-02-09,12.0,73.33,27.27,21.15
597,2015-02-09,13.0,75.0,25.62,20.42
598,2015-02-09,14.0,65.0,,11.67
599,2015-02-09,15.0,45.0,,8.46
600,2015-02-09,16.0,54.58,,5.0
601,2015-02-09,17.0,28.33,,5.0
602,2015-02-09,18.0,27.5,,5.0
603,2015-02-09,19.0,20.0,,5.0
604,2015-02-09,20.0,21.54,,5.0
605,2015-02-09,21.0,20.83,,
608,2015-02-10,9.0,46.15,5.0,5.0
609,2015-02-10,10.0,58.93,10.77,5.0
610,2015-02-10,11.0,64.62,27.22,5.0
611,2015-02-10,12.0,65.83,,
612,2015-02-10,13.0,82.92,25.0,15.0
613,2015-02-10,14.0,102.5,38.75,
614,2015-02-10,15.0,75.0,34.0,
615,2015-02-10,16.0,81.54,50.0,
616,2015-02-10,17.0,96.92,49.0,
617,2015-02-10,18.0,66.92,,
618,2015-02-10,19.0,62.73,,
619,2015-02-10,20.0,52.5,,
620,2015-02-10,21.0,42.86,,
621,2015-02-10,22.0,29.17,,5.0
624,2015-02-11,9.0,45.0,6.36,5.0
625,2015-02-11,10.0,60.36,11.15,6.25
626,2015-02-11,11.0,72.5,25.36,10.0
627,2015-02-11,12.0,62.5,36.15,14.23
628,2015-02-11,13.0,74.58,38.18,24.62
629,2015-02-11,14.0,76.15,41.25,28.75
630,2015-02-11,15.0,65.0,40.83,19.58
631,2015-02-11,16.0,78.33,42.08,31.54
632,2015-02-11,17.0,83.33,33.08,17.08
633,2015-02-11,18.0,56.67,38.85,5.42
634,2015-02-11,19.0,66.67,28.33,5.0
635,2015-02-11,20.0,35.83,15.0,5.0
636,2015-02-11,21.0,36.92,5.0,5.0
639,2015-02-12,9.0,54.17,7.08,5.0
640,2015-02-12,10.0,62.5,25.0,15.77
641,2015-02-12,11.0,75.83,37.92,29.17
642,2015-02-12,12.0,70.83,44.17,36.92
643,2015-02-12,13.0,70.91,41.25,38.33
644,2015-02-12,14.0,91.43,38.33,32.08
645,2015-02-12,15.0,80.83,42.73,28.75
646,2015-02-12,16.0,67.5,51.15,43.33
647,2015-02-12,17.0,87.5,37.5,27.92
648,2015-02-12,18.0,81.54,32.27,14.55
649,2015-02-12,19.0,70.0,26.25,5.0
650,2015-02-12,20.0,49.0,9.17,5.0
651,2015-02-12,21.0,53.85,5.0,5.0
654,2015-02-13,8.0,45.0,,5.0
655,2015-02-13,9.0,58.85,5.91,5.0
656,2015-02-13,10.0,100.0,18.75,5.42
657,2015-02-13,11.0,81.67,35.0,17.08
658,2015-02-13,12.0,68.46,44.17,22.08
659,2015-02-13,13.0,81.0,47.08,30.0
660,2015-02-13,14.0,96.43,45.0,40.42
661,2015-02-13,15.0,100.0,53.57,27.86
662,2015-02-13,16.0,101.67,41.25,39.58
663,2015-02-13,17.0,98.89,29.58,22.92
664,2015-02-13,18.0,75.0,31.25,10.77
665,2015-02-13,19.0,59.17,25.42,10.0
666,2015-02-13,20.0,75.83,19.17,9.58
667,2015-02-13,21.0,79.17,9.17,5.0
668,2015-02-13,22.0,45.83,10.0,5.0
671,2015-02-14,8.0,53.57,5.0,5.0
672,2015-02-14,9.0,75.0,6.54,5.0
673,2015-02-14,10.0,74.58,21.0,6.5
674,2015-02-14,11.0,80.83,37.5,10.83
675,2015-02-14,12.0,100.36,46.88,18.33
676,2015-02-14,13.0,116.25,58.33,29.17
677,2015-02-14,14.0,141.43,,52.08
678,2015-02-14,15.0,150.0,,47.08
679,2015-02-14,16.0,134.17,57.0,62.08
680,2015-02-14,17.0,111.54,90.0,40.0
681,2015-02-14,18.0,120.0,87.5,22.92
682,2015-02-14,19.0,136.67,74.0,10.0
683,2015-02-14,20.0,119.17,65.0,5.42
684,2015-02-14,21.0,67.5,,5.0
685,2015-02-14,22.0,80.0,,5.0
689,2015-02-15,8.0,56.25,,5.0
690,2015-02-15,9.0,65.0,,5.77
691,2015-02-15,10.0,93.75,,28.33
692,2015-02-15,11.0,115.0,,55.42
693,2015-02-15,12.0,133.85,,50.0
694,2015-02-15,13.0,103.75,,77.08
695,2015-02-15,14.0,96.67,47.5,92.08
696,2015-02-15,15.0,115.38,70.0,70.0
697,2015-02-15,16.0,120.0,77.5,53.75
698,2015-02-15,17.0,116.67,81.67,43.0
699,2015-02-15,18.0,100.42,72.92,
700,2015-02-15,19.0,92.5,58.33,15.0
701,2015-02-15,20.0,95.83,46.25,13.33
702,2015-02-15,21.0,82.31,37.69,5.0
703,2015-02-15,22.0,61.67,29.62,5.0
707,2015-02-16,8.0,50.42,5.0,5.0
708,2015-02-16,9.0,74.64,9.64,6.88
709,2015-02-16,10.0,110.0,35.42,31.43
710,2015-02-16,11.0,97.86,70.42,40.83
711,2015-02-16,12.0,92.67,79.17,52.5
712,2015-02-16,13.0,113.33,63.85,53.46
713,2015-02-16,14.0,137.5,68.75,62.69
714,2015-02-16,15.0,133.33,65.0,79.17
715,2015-02-16,16.0,109.17,65.45,73.75
716,2015-02-16,17.0,85.83,66.36,47.92
717,2015-02-16,18.0,83.33,54.58,31.67
718,2015-02-16,19.0,103.33,40.83,15.83
719,2015-02-16,20.0,103.85,34.17,8.46
720,2015-02-16,21.0,68.33,21.15,7.86
721,2015-02-16,22.0,51.79,11.92,6.25
724,2015-02-17,8.0,50.0,3.33,5.0
725,2015-02-17,9.0,70.0,12.5,9.23
726,2015-02-17,10.0,71.67,30.0,36.82
727,2015-02-17,11.0,80.83,50.0,61.15
728,2015-02-17,12.0,90.0,34.17,34.17
729,2015-02-17,13.0,96.25,50.0,55.0
730,2015-02-17,14.0,124.17,39.58,38.75
731,2015-02-17,15.0,130.91,40.91,37.5
732,2015-02-17,16.0,62.5,50.0,29.17
733,2015-02-17,17.0,50.0,26.67,15.0
734,2015-02-17,18.0,46.67,7.31,
735,2015-02-17,19.0,28.0,5.0,6.25
736,2015-02-17,20.0,39.17,5.0,
737,2015-02-17,21.0,35.42,5.0,5.5
738,2015-02-17,22.0,32.08,5.0,5.0
742,2015-02-18,8.0,61.25,5.0,5.0
743,2015-02-18,9.0,78.0,7.92,5.0
755,2015-02-18,10.0,,31.67,8.75
756,2015-02-18,11.0,,44.17,15.83
744,2015-02-18,12.0,101.67,36.25,32.08
745,2015-02-18,13.0,125.38,65.0,39.17
746,2015-02-18,14.0,142.31,63.75,37.5
747,2015-02-18,15.0,162.5,54.62,37.08
748,2015-02-18,16.0,170.0,72.0,45.42
757,2015-02-18,17.0,,,28.75
749,2015-02-18,18.0,120.0,43.89,17.92
750,2015-02-18,19.0,99.17,54.23,5.0
751,2015-02-18,20.0,92.5,,5.0
752,2015-02-18,21.0,60.77,23.33,5.0
753,2015-02-18,22.0,51.67,12.5,5.0
765,2015-02-19,9.0,,6.0,5.0
766,2015-02-19,10.0,,25.36,5.0
767,2015-02-19,11.0,,36.36,5.0
768,2015-02-19,12.0,,50.0,6.15
769,2015-02-19,13.0,,39.17,6.67
770,2015-02-19,14.0,,52.73,10.83
771,2015-02-19,15.0,,48.18,11.67
772,2015-02-19,16.0,,76.25,15.83
758,2015-02-19,17.0,114.44,52.27,14.17
759,2015-02-19,18.0,116.67,37.27,5.0
760,2015-02-19,19.0,115.83,31.25,5.0
761,2015-02-19,20.0,86.43,24.17,5.0
762,2015-02-19,21.0,50.0,7.5,5.0
763,2015-02-19,22.0,64.17,5.0,5.0
776,2015-02-20,9.0,55.38,5.83,5.0
777,2015-02-20,10.0,79.0,6.43,5.0
778,2015-02-20,11.0,98.46,30.0,5.42
779,2015-02-20,12.0,104.44,40.5,9.17
780,2015-02-20,13.0,120.0,44.64,18.46
781,2015-02-20,14.0,102.22,51.54,26.67
782,2015-02-20,15.0,100.83,59.17,19.23
783,2015-02-20,16.0,116.92,48.33,18.33
784,2015-02-20,17.0,108.46,43.18,5.0
785,2015-02-20,18.0,69.23,39.0,5.0
786,2015-02-20,19.0,92.5,25.0,5.0
787,2015-02-20,20.0,77.5,20.83,5.0
788,2015-02-20,21.0,42.14,6.25,5.0
789,2015-02-20,22.0,47.27,5.0,5.0
792,2015-02-21,8.0,45.0,5.0,5.0
793,2015-02-21,9.0,47.08,5.83,5.0
794,2015-02-21,10.0,61.79,16.33,8.33
795,2015-02-21,11.0,97.69,32.08,20.0
796,2015-02-21,12.0,91.67,39.17,22.08
797,2015-02-21,13.0,82.31,40.71,42.92
798,2015-02-21,14.0,92.5,32.86,42.08
799,2015-02-21,15.0,107.5,45.45,39.62
800,2015-02-21,16.0,117.5,47.69,37.08
801,2015-02-21,17.0,117.69,48.75,36.67
802,2015-02-21,18.0,115.83,48.75,27.31
803,2015-02-21,19.0,90.0,35.0,12.31
804,2015-02-21,20.0,74.62,27.31,6.25
805,2015-02-21,21.0,57.86,15.77,5.42
806,2015-02-21,22.0,53.93,10.77,7.5
809,2015-02-22,9.0,45.0,5.0,5.0
810,2015-02-22,10.0,58.46,8.08,12.5
811,2015-02-22,11.0,90.0,23.46,24.67
812,2015-02-22,12.0,80.38,28.18,42.31
813,2015-02-22,13.0,67.08,40.42,52.08
814,2015-02-22,14.0,83.33,42.5,58.85
815,2015-02-22,15.0,90.0,36.54,50.83
816,2015-02-22,16.0,79.17,36.43,46.25
817,2015-02-22,17.0,83.08,31.54,41.54
818,2015-02-22,18.0,74.17,29.17,28.33
819,2015-02-22,19.0,71.67,12.5,17.31
820,2015-02-22,20.0,80.83,6.92,10.0
821,2015-02-22,21.0,40.77,5.0,5.0
822,2015-02-22,22.0,56.67,5.0,5.0
826,2015-02-23,9.0,63.64,,5.0
827,2015-02-23,10.0,88.46,,10.83
828,2015-02-23,11.0,83.08,,30.0
829,2015-02-23,12.0,72.69,,45.0
830,2015-02-23,13.0,73.33,,54.17
831,2015-02-23,14.0,84.17,,45.0
832,2015-02-23,15.0,81.54,,36.92
833,2015-02-23,16.0,90.0,,
834,2015-02-23,17.0,100.71,,37.5
835,2015-02-23,18.0,72.08,,41.67
836,2015-02-23,19.0,56.92,,22.5
837,2015-02-23,20.0,50.77,,5.0
838,2015-02-23,21.0,40.42,,5.0
839,2015-02-23,22.0,50.0,,5.0
842,2015-02-24,9.0,51.67,,5.0
843,2015-02-24,10.0,71.43,,16.92
844,2015-02-24,11.0,79.55,,39.58
845,2015-02-24,12.0,70.0,,26.15
846,2015-02-24,13.0,55.83,10.0,34.58
847,2015-02-24,14.0,79.29,,25.42
848,2015-02-24,15.0,110.77,20.0,20.0
849,2015-02-24,16.0,90.0,20.0,27.86
850,2015-02-24,17.0,67.5,20.38,19.58
851,2015-02-24,18.0,69.17,19.62,8.75
852,2015-02-24,19.0,52.5,8.33,5.42
853,2015-02-24,20.0,51.54,8.33,5.0
854,2015-02-24,21.0,51.67,5.0,5.0
855,2015-02-24,22.0,50.0,5.0,5.0
858,2015-02-25,9.0,56.54,5.0,5.0
859,2015-02-25,10.0,58.85,7.5,5.0
860,2015-02-25,11.0,66.92,24.29,5.0
861,2015-02-25,12.0,76.67,31.15,12.08
862,2015-02-25,13.0,84.17,31.25,20.0
863,2015-02-25,14.0,77.5,30.0,19.23
864,2015-02-25,15.0,63.46,27.08,23.33
865,2015-02-25,16.0,73.33,36.67,24.17
866,2015-02-25,17.0,80.0,25.0,21.25
867,2015-02-25,18.0,60.0,16.25,10.0
868,2015-02-25,19.0,47.5,6.67,
869,2015-02-25,20.0,38.75,5.0,6.67
872,2015-02-26,9.0,60.42,9.17,5.0
873,2015-02-26,10.0,53.57,28.33,7.92
874,2015-02-26,11.0,64.29,30.83,15.0
875,2015-02-26,12.0,75.83,28.75,14.58
876,2015-02-26,13.0,76.36,29.55,23.64
877,2015-02-26,14.0,62.92,27.69,14.17
878,2015-02-26,15.0,68.33,19.58,14.23
879,2015-02-26,16.0,87.69,31.67,13.08
880,2015-02-26,17.0,71.67,23.33,7.92
881,2015-02-26,18.0,61.43,30.0,5.0
882,2015-02-26,19.0,54.17,22.0,5.0
883,2015-02-26,20.0,34.17,5.83,5.0
886,2015-02-27,9.0,55.31,5.83,5.0
887,2015-02-27,10.0,68.57,20.59,5.0
888,2015-02-27,11.0,83.33,42.5,5.38
889,2015-02-27,12.0,84.29,56.25,5.42
890,2015-02-27,13.0,80.0,45.0,5.0
891,2015-02-27,14.0,87.5,32.5,5.0
892,2015-02-27,15.0,92.14,47.69,5.77
893,2015-02-27,16.0,77.5,39.17,13.33
894,2015-02-27,17.0,79.29,32.31,5.0
895,2015-02-27,18.0,73.85,27.92,5.0
896,2015-02-27,19.0,74.17,22.69,5.0
897,2015-02-27,20.0,60.83,18.33,5.0
898,2015-02-27,21.0,69.62,11.67,5.0
899,2015-02-27,22.0,73.85,5.0,5.0
902,2015-02-28,8.0,41.54,5.5,5.0
903,2015-02-28,9.0,45.0,5.77,5.0
904,2015-02-28,10.0,66.79,11.25,10.42
905,2015-02-28,11.0,86.43,35.83,10.83
906,2015-02-28,12.0,70.91,42.5,10.83
907,2015-02-28,13.0,40.0,29.58,12.92
908,2015-02-28,14.0,40.0,43.33,6.25
917,2015-02-28,15.0,,25.45,12.5
909,2015-02-28,16.0,91.0,28.75,9.58
910,2015-02-28,17.0,72.5,10.77,6.43
911,2015-02-28,18.0,75.0,10.0,
912,2015-02-28,19.0,60.0,10.0,5.0
913,2015-02-28,20.0,50.83,5.42,5.0
914,2015-02-28,21.0,59.17,5.0,5.0
915,2015-02-28,22.0,60.0,5.0,5.0
921,2015-03-01,9.0,45.71,5.45,5.0
922,2015-03-01,10.0,61.67,12.08,13.75
923,2015-03-01,11.0,85.0,24.17,26.67
924,2015-03-01,12.0,75.83,36.15,36.67
925,2015-03-01,13.0,70.0,33.75,43.75
926,2015-03-01,14.0,87.5,42.08,41.79
927,2015-03-01,15.0,85.0,32.31,46.25
928,2015-03-01,16.0,63.33,28.46,43.75
929,2015-03-01,17.0,78.46,26.67,31.25
930,2015-03-01,18.0,74.58,10.83,18.75
931,2015-03-01,19.0,45.0,10.0,29.23
932,2015-03-01,20.0,54.17,8.33,14.17
933,2015-03-01,21.0,44.17,5.0,5.0
934,2015-03-01,22.0,40.0,5.0,5.0
950,2015-03-02,9.0,,5.0,5.0
951,2015-03-02,10.0,,11.67,11.25
937,2015-03-02,11.0,44.29,36.25,33.33
938,2015-03-02,12.0,86.15,35.83,41.92
939,2015-03-02,13.0,106.67,42.5,57.69
940,2015-03-02,14.0,110.0,40.0,45.42
941,2015-03-02,15.0,76.15,30.77,42.08
942,2015-03-02,16.0,70.0,30.71,50.42
943,2015-03-02,17.0,75.0,27.08,43.33
944,2015-03-02,18.0,63.33,21.79,32.08
945,2015-03-02,19.0,67.69,16.67,15.0
946,2015-03-02,20.0,48.67,7.08,5.83
947,2015-03-02,21.0,53.67,5.0,6.25
948,2015-03-02,22.0,59.67,5.0,5.38
953,2015-03-03,9.0,47.5,5.0,5.0
954,2015-03-03,10.0,61.92,17.08,17.92
955,2015-03-03,11.0,102.5,32.08,29.23
956,2015-03-03,12.0,71.67,30.0,37.92
957,2015-03-03,13.0,57.69,34.58,42.08
958,2015-03-03,14.0,76.15,29.58,38.33
959,2015-03-03,15.0,58.33,36.0,37.92
960,2015-03-03,16.0,63.33,42.08,46.25
961,2015-03-03,17.0,71.67,32.92,36.67
962,2015-03-03,18.0,50.83,30.83,27.86
963,2015-03-03,19.0,60.83,17.92,20.0
964,2015-03-03,20.0,41.67,6.36,7.92
965,2015-03-03,21.0,40.83,5.0,5.0
967,2015-03-04,9.0,47.31,5.42,5.0
968,2015-03-04,10.0,56.0,7.5,14.23
969,2015-03-04,11.0,56.67,12.31,19.23
970,2015-03-04,12.0,46.67,19.17,26.15
971,2015-03-04,13.0,52.86,18.46,28.33
972,2015-03-04,14.0,53.85,17.92,26.25
973,2015-03-04,15.0,50.77,8.75,20.83
974,2015-03-04,16.0,56.25,14.17,25.0
975,2015-03-04,17.0,51.36,8.18,16.36
976,2015-03-04,18.0,48.46,7.5,10.42
977,2015-03-04,19.0,45.0,5.83,11.43
978,2015-03-04,20.0,32.5,5.0,5.0
979,2015-03-04,21.0,32.5,5.0,5.0
982,2015-03-05,9.0,65.0,10.0,9.44
983,2015-03-05,10.0,58.75,22.08,19.58
984,2015-03-05,11.0,60.0,38.33,31.92
985,2015-03-05,12.0,67.08,37.67,35.36
986,2015-03-05,13.0,98.33,37.5,44.17
987,2015-03-05,14.0,122.5,35.0,40.83
988,2015-03-05,15.0,98.75,27.08,32.5
989,2015-03-05,16.0,65.83,25.0,38.75
990,2015-03-05,17.0,67.5,24.17,44.58
991,2015-03-05,18.0,54.17,18.75,28.75
992,2015-03-05,19.0,67.5,14.58,19.17
993,2015-03-05,20.0,84.17,5.42,7.92
994,2015-03-05,21.0,32.5,5.0,5.0
997,2015-03-06,9.0,56.25,5.0,5.0
998,2015-03-06,10.0,65.38,8.08,7.08
999,2015-03-06,11.0,63.33,18.75,13.75
1000,2015-03-06,12.0,69.58,39.17,13.33
1001,2015-03-06,13.0,64.62,30.0,23.33
1002,2015-03-06,14.0,78.33,29.58,15.42
1003,2015-03-06,15.0,83.5,27.08,10.0
1004,2015-03-06,16.0,89.17,26.67,10.83
1005,2015-03-06,17.0,54.58,23.33,6.67
1006,2015-03-06,18.0,54.58,17.08,5.0
1007,2015-03-06,19.0,63.08,10.83,5.0
1008,2015-03-06,20.0,50.83,12.08,5.0
1009,2015-03-06,21.0,51.54,5.83,5.0
1010,2015-03-06,22.0,35.0,5.0,5.0
1013,2015-03-07,8.0,45.0,5.0,5.0
1014,2015-03-07,9.0,45.0,5.0,5.0
1015,2015-03-07,10.0,62.5,7.5,5.0
1016,2015-03-07,11.0,67.5,18.33,10.0
1017,2015-03-07,12.0,73.33,34.62,18.08
1018,2015-03-07,13.0,72.86,33.85,17.5
1019,2015-03-07,14.0,93.33,42.08,23.33
1020,2015-03-07,15.0,78.33,35.83,33.75
1021,2015-03-07,16.0,101.67,42.5,30.42
1022,2015-03-07,17.0,120.0,35.71,10.42
1023,2015-03-07,18.0,111.82,30.83,13.08
1024,2015-03-07,19.0,100.0,32.5,7.5
1025,2015-03-07,20.0,60.0,23.08,6.25
1026,2015-03-07,21.0,60.0,11.54,5.0
1027,2015-03-07,22.0,64.62,10.0,5.0
1031,2015-03-08,8.0,45.0,5.0,5.0
1032,2015-03-08,9.0,55.71,5.0,5.0
1033,2015-03-08,10.0,62.14,11.92,6.15
1034,2015-03-08,11.0,65.0,31.92,18.75
1035,2015-03-08,12.0,84.55,40.0,41.33
1036,2015-03-08,13.0,104.17,40.0,42.92
1037,2015-03-08,14.0,90.0,34.58,44.17
1038,2015-03-08,15.0,83.33,33.85,42.08
1039,2015-03-08,16.0,83.33,35.83,50.42
1040,2015-03-08,17.0,69.17,27.92,44.58
1041,2015-03-08,18.0,58.57,22.92,37.92
1042,2015-03-08,19.0,65.0,17.31,25.83
1043,2015-03-08,20.0,52.5,10.0,10.38
1044,2015-03-08,21.0,46.92,9.17,7.92
1045,2015-03-08,22.0,36.92,10.0,10.0
1047,2015-03-09,8.0,45.0,5.0,5.0
1048,2015-03-09,9.0,56.25,11.15,5.0
1049,2015-03-09,10.0,68.85,19.58,9.58
1050,2015-03-09,11.0,76.15,33.93,29.62
1051,2015-03-09,12.0,80.0,46.0,57.5
1052,2015-03-09,13.0,80.77,,71.67
1053,2015-03-09,14.0,71.67,,71.25
1054,2015-03-09,15.0,86.15,42.5,66.25
1055,2015-03-09,16.0,102.86,50.0,63.85
1056,2015-03-09,17.0,68.57,54.38,58.75
1057,2015-03-09,18.0,72.92,,48.85
1058,2015-03-09,19.0,66.67,34.55,37.08
1059,2015-03-09,20.0,68.57,33.33,16.67
1060,2015-03-09,21.0,52.5,16.67,13.33
1061,2015-03-09,22.0,42.5,12.5,10.0
1063,2015-03-10,8.0,45.0,5.0,5.0
1064,2015-03-10,9.0,52.5,5.42,7.27
1065,2015-03-10,10.0,66.67,13.85,21.67
1066,2015-03-10,11.0,71.67,44.17,
1067,2015-03-10,12.0,69.17,43.33,62.73
1068,2015-03-10,13.0,85.0,38.33,77.5
1069,2015-03-10,14.0,69.17,47.08,76.67
1070,2015-03-10,15.0,63.33,31.67,61.67
1071,2015-03-10,16.0,84.0,43.75,83.33
1072,2015-03-10,17.0,108.33,36.0,70.42
1073,2015-03-10,18.0,53.08,15.0,65.0
1074,2015-03-10,19.0,69.17,38.75,41.25
1075,2015-03-10,20.0,77.5,25.42,33.33
1076,2015-03-10,21.0,53.08,5.0,25.83
1077,2015-03-10,22.0,43.33,5.42,11.25
1079,2015-03-11,8.0,45.0,5.0,5.83
1080,2015-03-11,9.0,52.5,7.92,9.17
1081,2015-03-11,10.0,74.17,11.15,20.83
1082,2015-03-11,11.0,58.46,25.42,27.08
1083,2015-03-11,12.0,62.5,25.77,48.46
1084,2015-03-11,13.0,85.0,30.0,54.09
1085,2015-03-11,14.0,70.0,32.92,51.25
1086,2015-03-11,15.0,62.5,20.0,46.25
1087,2015-03-11,16.0,75.0,30.83,56.67
1088,2015-03-11,17.0,68.18,24.5,47.08
1089,2015-03-11,18.0,53.33,13.33,37.5
1090,2015-03-11,19.0,63.08,15.42,33.33
1091,2015-03-11,20.0,64.17,10.0,17.86
1092,2015-03-11,21.0,52.5,5.0,23.33
1093,2015-03-11,22.0,41.43,5.0,7.92
1096,2015-03-12,8.0,65.83,5.0,8.75
1097,2015-03-12,9.0,54.29,7.0,16.67
1098,2015-03-12,10.0,65.71,28.46,40.0
1099,2015-03-12,11.0,68.57,48.33,
1100,2015-03-12,12.0,71.67,42.69,70.0
1101,2015-03-12,13.0,70.0,43.75,80.0
1102,2015-03-12,14.0,84.17,43.33,70.38
1103,2015-03-12,15.0,88.46,33.5,80.0
1104,2015-03-12,16.0,91.67,50.0,91.25
1105,2015-03-12,17.0,84.17,,68.75
1106,2015-03-12,18.0,86.92,,58.33
1107,2015-03-12,19.0,80.0,25.56,48.75
1108,2015-03-12,20.0,77.5,41.5,45.83
1109,2015-03-12,21.0,50.83,7.5,19.58
1110,2015-03-12,22.0,48.33,8.75,10.83
1112,2015-03-13,8.0,56.67,5.0,5.0
1113,2015-03-13,9.0,67.86,7.08,7.86
1114,2015-03-13,10.0,70.0,13.75,24.17
1115,2015-03-13,11.0,110.91,34.58,68.33
1116,2015-03-13,12.0,77.5,39.17,56.25
1117,2015-03-13,13.0,68.75,37.5,77.08
1118,2015-03-13,14.0,93.33,42.69,67.92
1119,2015-03-13,15.0,77.69,34.58,55.0
1120,2015-03-13,16.0,74.23,42.08,55.0
1121,2015-03-13,17.0,95.42,27.92,71.92
1122,2015-03-13,18.0,72.5,21.67,57.08
1123,2015-03-13,19.0,63.33,22.08,34.58
1124,2015-03-13,20.0,79.23,15.0,34.62
1125,2015-03-13,21.0,67.5,5.0,15.0
1126,2015-03-13,22.0,40.77,5.0,5.0
1128,2015-03-14,8.0,45.0,5.0,5.0
1129,2015-03-14,9.0,64.62,5.77,5.83
1130,2015-03-14,10.0,73.33,13.85,22.69
1131,2015-03-14,11.0,81.67,33.08,31.11
1132,2015-03-14,12.0,77.69,46.67,
1133,2015-03-14,13.0,84.62,43.75,65.0
1134,2015-03-14,14.0,96.92,53.85,73.85
1135,2015-03-14,15.0,87.5,47.92,75.83
1136,2015-03-14,16.0,90.0,41.25,66.25
1137,2015-03-14,17.0,110.0,41.36,71.25
1138,2015-03-14,18.0,73.85,33.85,72.5
1139,2015-03-14,19.0,72.08,35.83,53.75
1140,2015-03-14,20.0,80.77,27.5,37.08
1141,2015-03-14,21.0,72.5,14.17,23.75
1142,2015-03-14,22.0,56.15,15.38,31.25
1145,2015-03-15,8.0,45.0,5.0,5.0
1146,2015-03-15,9.0,46.07,7.08,11.0
1147,2015-03-15,10.0,62.0,14.62,15.0
1148,2015-03-15,11.0,78.33,25.0,32.31
1149,2015-03-15,12.0,77.5,30.0,44.23
1150,2015-03-15,13.0,76.67,41.25,49.58
1151,2015-03-15,14.0,71.67,41.36,56.67
1152,2015-03-15,15.0,76.92,41.25,48.33
1153,2015-03-15,16.0,88.89,26.25,58.33
1160,2015-03-15,17.0,,37.08,44.17
1161,2015-03-15,18.0,,27.08,37.5
1154,2015-03-15,19.0,82.5,21.92,34.58
1155,2015-03-15,20.0,92.92,13.64,19.58
1156,2015-03-15,21.0,55.0,5.83,10.42
1157,2015-03-15,22.0,52.08,5.0,12.92
1162,2015-03-16,8.0,72.31,5.0,5.0
1163,2015-03-16,9.0,77.14,5.0,
1164,2015-03-16,10.0,76.67,17.22,36.11
1165,2015-03-16,11.0,85.0,28.33,71.54
1166,2015-03-16,12.0,82.5,40.0,67.08
1177,2015-03-16,13.0,,35.0,91.67
1167,2015-03-16,14.0,110.0,51.36,103.33
1168,2015-03-16,15.0,105.42,,83.75
1169,2015-03-16,16.0,103.85,,87.08
1170,2015-03-16,17.0,95.83,39.55,74.62
1171,2015-03-16,18.0,75.38,40.83,67.5
1172,2015-03-16,19.0,80.45,40.0,60.0
1173,2015-03-16,20.0,89.23,27.92,41.25
1174,2015-03-16,21.0,62.14,14.58,15.83
1175,2015-03-16,22.0,70.0,7.08,10.0
1178,2015-03-17,8.0,59.38,5.0,5.0
1179,2015-03-17,9.0,76.0,8.93,14.29
1180,2015-03-17,10.0,74.67,25.45,35.38
1181,2015-03-17,11.0,86.92,25.0,58.57
1182,2015-03-17,12.0,89.23,35.0,57.86
1183,2015-03-17,13.0,91.43,38.75,76.25
1184,2015-03-17,14.0,100.0,40.5,119.17
1185,2015-03-17,15.0,96.92,37.92,105.42
1186,2015-03-17,16.0,79.29,40.42,64.58
1187,2015-03-17,17.0,85.83,36.54,72.08
1188,2015-03-17,18.0,81.67,34.58,72.92
1189,2015-03-17,19.0,70.83,41.67,50.42
1190,2015-03-17,20.0,81.25,27.31,37.92
1191,2015-03-17,21.0,87.31,6.43,16.92
1192,2015-03-17,22.0,57.14,5.0,15.0
1194,2015-03-18,8.0,66.25,5.0,5.0
1195,2015-03-18,9.0,68.75,10.42,13.08
1196,2015-03-18,10.0,75.0,28.33,50.0
1197,2015-03-18,11.0,85.83,32.86,40.83
1198,2015-03-18,12.0,76.67,48.75,46.54
1199,2015-03-18,13.0,90.83,51.67,65.0
1200,2015-03-18,14.0,95.38,40.83,65.38
1201,2015-03-18,15.0,86.67,38.08,65.0
1202,2015-03-18,16.0,90.0,45.0,75.83
1203,2015-03-18,17.0,90.83,38.33,54.23
1204,2015-03-18,18.0,74.17,29.58,62.08
1205,2015-03-18,19.0,75.0,27.5,41.92
1206,2015-03-18,20.0,92.31,24.58,28.93
1207,2015-03-18,21.0,90.0,16.25,13.33
1208,2015-03-18,22.0,,6.25,13.33
1210,2015-03-19,8.0,66.25,5.0,5.0
1211,2015-03-19,9.0,60.0,5.83,16.67
1212,2015-03-19,10.0,72.31,25.42,32.08
1213,2015-03-19,11.0,81.67,46.67,48.75
1214,2015-03-19,12.0,75.0,44.17,47.69
1215,2015-03-19,13.0,78.75,,67.5
1216,2015-03-19,14.0,93.33,35.0,63.33
1217,2015-03-19,15.0,94.62,55.83,63.75
1218,2015-03-19,16.0,93.33,45.42,63.46
1219,2015-03-19,17.0,98.33,52.5,72.08
1220,2015-03-19,18.0,67.69,48.75,67.5
1221,2015-03-19,19.0,72.5,33.75,39.58
1222,2015-03-19,20.0,97.5,24.17,29.17
1223,2015-03-19,21.0,50.42,12.92,17.5
1224,2015-03-19,22.0,40.83,5.83,5.0
1226,2015-03-20,8.0,57.86,5.0,5.0
1227,2015-03-20,9.0,75.0,5.0,5.83
1228,2015-03-20,10.0,68.75,27.27,20.0
1229,2015-03-20,11.0,80.83,23.46,62.08
1230,2015-03-20,12.0,90.0,38.33,57.69
1231,2015-03-20,13.0,93.33,52.0,70.0
1232,2015-03-20,14.0,90.0,55.42,57.92
1233,2015-03-20,15.0,92.31,30.62,65.0
1234,2015-03-20,16.0,104.17,40.0,77.92
1235,2015-03-20,17.0,93.33,37.92,66.67
1236,2015-03-20,18.0,64.17,30.0,52.92
1237,2015-03-20,19.0,75.38,21.07,45.83
1238,2015-03-20,20.0,80.83,19.17,28.33
1239,2015-03-20,21.0,51.67,6.25,11.25
1240,2015-03-20,22.0,52.86,5.0,18.21
1242,2015-03-21,8.0,45.0,5.0,5.0
1243,2015-03-21,9.0,47.5,6.54,13.33
1244,2015-03-21,10.0,76.25,19.58,36.67
1245,2015-03-21,11.0,77.69,33.5,44.23
1246,2015-03-21,12.0,86.67,42.08,49.62
1247,2015-03-21,13.0,90.0,40.0,63.33
1248,2015-03-21,14.0,92.31,47.92,63.33
1249,2015-03-21,15.0,87.5,34.5,69.17
1250,2015-03-21,16.0,90.83,44.58,66.67
1251,2015-03-21,17.0,82.5,35.71,74.17
1252,2015-03-21,18.0,70.0,40.83,61.67
1253,2015-03-21,19.0,86.67,36.25,48.46
1254,2015-03-21,20.0,98.33,25.0,32.08
1255,2015-03-21,21.0,61.67,12.08,31.07
1256,2015-03-21,22.0,72.86,18.46,18.75
1260,2015-03-22,9.0,50.77,5.0,5.0
1261,2015-03-22,10.0,80.83,9.0,29.33
1262,2015-03-22,11.0,84.62,37.69,34.23
1263,2015-03-22,12.0,75.83,35.77,47.31
1264,2015-03-22,13.0,90.0,42.86,65.0
1265,2015-03-22,14.0,94.17,36.67,79.58
1266,2015-03-22,15.0,78.33,37.69,47.08
1267,2015-03-22,16.0,70.0,33.33,45.83
1268,2015-03-22,17.0,70.0,30.0,48.33
1269,2015-03-22,18.0,90.0,22.5,52.92
1270,2015-03-22,19.0,75.0,18.33,51.67
1271,2015-03-22,20.0,80.0,11.67,39.58
1272,2015-03-22,21.0,74.17,10.0,15.42
1273,2015-03-22,22.0,47.69,5.0,12.0
1276,2015-03-23,9.0,45.0,5.0,5.0
1277,2015-03-23,10.0,60.0,7.14,9.58
1278,2015-03-23,11.0,78.33,25.38,18.85
1279,2015-03-23,12.0,83.33,32.92,34.33
1280,2015-03-23,13.0,89.17,32.92,37.92
1281,2015-03-23,14.0,80.83,27.92,36.25
1282,2015-03-23,15.0,88.33,27.22,47.08
1283,2015-03-23,16.0,87.5,,44.58
1284,2015-03-23,17.0,76.67,21.0,49.17
1285,2015-03-23,18.0,60.83,25.42,37.92
1286,2015-03-23,19.0,59.17,23.75,21.67
1287,2015-03-23,20.0,55.83,12.5,14.23
1288,2015-03-23,21.0,60.0,5.0,10.45
1289,2015-03-23,22.0,39.23,5.0,6.25
1292,2015-03-24,9.0,74.67,6.43,6.25
1293,2015-03-24,10.0,90.0,18.21,15.0
1294,2015-03-24,11.0,96.15,45.62,29.17
1295,2015-03-24,12.0,87.78,42.0,50.38
1296,2015-03-24,13.0,110.0,66.43,61.54
1297,2015-03-24,14.0,115.0,60.38,77.08
1298,2015-03-24,15.0,113.33,54.62,75.42
1299,2015-03-24,16.0,102.08,72.92,88.75
1300,2015-03-24,17.0,100.0,65.83,66.67
1301,2015-03-24,18.0,106.15,48.75,67.92
1302,2015-03-24,19.0,90.83,42.92,60.0
1303,2015-03-24,20.0,70.0,38.21,43.75
1304,2015-03-24,21.0,76.88,8.75,18.33
1305,2015-03-24,22.0,60.0,5.0,12.5
1308,2015-03-25,9.0,61.88,5.0,5.0
1309,2015-03-25,10.0,76.15,15.67,13.85
1310,2015-03-25,11.0,96.15,41.25,25.42
1311,2015-03-25,12.0,84.17,47.73,70.42
1312,2015-03-25,13.0,85.0,37.08,57.92
1313,2015-03-25,14.0,99.23,40.42,74.58
1314,2015-03-25,15.0,104.62,32.08,62.5
1315,2015-03-25,16.0,80.83,37.08,57.92
1316,2015-03-25,17.0,86.67,35.83,62.5
1317,2015-03-25,18.0,63.33,29.58,48.85
1318,2015-03-25,19.0,66.67,32.08,42.92
1319,2015-03-25,20.0,70.0,27.5,26.25
1320,2015-03-25,21.0,68.33,9.17,17.08
1321,2015-03-25,22.0,50.0,5.83,11.25
1324,2015-03-26,9.0,90.0,7.5,12.14
1325,2015-03-26,10.0,87.86,25.0,45.0
1326,2015-03-26,11.0,78.46,43.75,41.25
1327,2015-03-26,12.0,88.46,52.31,41.92
1328,2015-03-26,13.0,101.67,55.83,77.08
1331,2015-03-26,14.0,,50.0,70.0
1332,2015-03-26,15.0,,35.0,65.0
1333,2015-03-26,19.0,,25.0,
1329,2015-03-26,21.0,100.0,,
1330,2015-03-26,22.0,40.0,5.0,5.0
1334,2015-03-27,9.0,55.0,,
1339,2015-03-27,10.0,,10.0,36.25
1335,2015-03-27,11.0,100.0,30.0,
1340,2015-03-27,12.0,,33.33,
1336,2015-03-27,13.0,90.0,40.0,
1337,2015-03-27,14.0,80.0,,
1341,2015-03-27,16.0,,30.0,
1342,2015-03-27,17.0,,,25.0
1343,2015-03-27,19.0,,,5.0
1338,2015-03-27,21.0,30.0,,
1344,2015-03-28,8.0,65.0,,
1345,2015-03-28,10.0,75.0,20.0,
1346,2015-03-28,11.0,90.0,40.0,
1349,2015-03-28,13.0,,65.0,
1350,2015-03-28,17.0,,37.5,
1347,2015-03-28,20.0,80.0,40.0,
1351,2015-03-28,22.0,,10.0,10.0
1354,2015-03-29,8.0,77.5,2.5,
1359,2015-03-29,9.0,,25.0,
1360,2015-03-29,10.0,,30.0,5.0
1361,2015-03-29,12.0,,35.0,55.0
1355,2015-03-29,13.0,120.0,,
1362,2015-03-29,14.0,,60.0,
1363,2015-03-29,16.0,,55.0,
1364,2015-03-29,17.0,,80.0,
1356,2015-03-29,18.0,120.0,35.0,45.0
1357,2015-03-29,22.0,70.0,5.0,
1366,2015-03-30,8.0,60.0,,
1367,2015-03-30,9.0,75.0,10.0,5.0
1368,2015-03-30,10.0,80.0,35.0,
1369,2015-03-30,11.0,120.0,,55.0
1370,2015-03-30,12.0,140.0,,
1381,2015-03-30,13.0,,65.0,
1371,2015-03-30,14.0,155.0,85.0,110.0
1372,2015-03-30,15.0,99.09,71.82,120.91
1373,2015-03-30,16.0,107.69,62.5,131.25
1374,2015-03-30,17.0,132.0,52.27,105.0
1375,2015-03-30,18.0,139.17,50.0,105.0
1376,2015-03-30,19.0,110.83,45.0,67.92
1377,2015-03-30,20.0,78.33,27.5,31.25
1378,2015-03-30,21.0,61.54,15.83,18.75
1379,2015-03-30,22.0,62.08,10.83,13.75
1383,2015-03-31,8.0,55.83,6.25,5.0
1384,2015-03-31,9.0,82.5,10.77,27.14
1385,2015-03-31,10.0,87.5,46.15,80.38
1386,2015-03-31,11.0,95.5,55.0,61.88
1387,2015-03-31,12.0,115.42,45.83,93.75
1388,2015-03-31,14.0,90.0,,
1390,2015-03-31,22.0,,,15.0
1392,2015-04-01,8.0,100.0,,5.0
1393,2015-04-01,9.0,90.0,12.5,40.0
1399,2015-04-01,10.0,,30.0,
1400,2015-04-01,11.0,,60.0,
1404,2015-04-01,12.0,,,95.0
1394,2015-04-01,13.0,120.0,40.0,
1401,2015-04-01,14.0,,35.0,
1395,2015-04-01,15.0,120.0,,
1402,2015-04-01,16.0,,40.0,50.0
1396,2015-04-01,19.0,112.5,30.0,
1403,2015-04-01,21.0,,10.0,
1397,2015-04-01,22.0,90.0,,
1406,2015-04-02,8.0,60.0,5.0,
1421,2015-04-02,9.0,,10.0,42.5
1407,2015-04-02,10.0,90.0,45.0,60.0
1408,2015-04-02,11.0,96.25,50.0,66.88
1409,2015-04-02,12.0,100.0,45.71,67.86
1410,2015-04-02,13.0,120.0,50.0,105.0
1411,2015-04-02,14.0,131.82,45.45,114.55
1412,2015-04-02,15.0,108.33,33.33,110.0
1413,2015-04-02,16.0,106.25,46.25,82.0
1414,2015-04-02,17.0,113.75,39.55,116.36
1415,2015-04-02,18.0,99.58,29.09,76.25
1416,2015-04-02,19.0,84.0,26.82,83.5
1417,2015-04-02,20.0,90.91,21.82,43.18
1418,2015-04-02,21.0,46.0,12.5,28.5
1419,2015-04-02,22.0,67.27,9.17,29.55
1423,2015-04-03,8.0,55.77,5.0,7.0
1424,2015-04-03,9.0,65.0,8.64,21.54
1425,2015-04-03,10.0,79.55,22.78,41.25
1426,2015-04-03,11.0,111.67,36.82,68.18
1427,2015-04-03,12.0,115.0,33.85,65.45
1428,2015-04-03,13.0,91.11,42.78,93.89
1429,2015-04-03,14.0,97.73,39.09,75.0
1430,2015-04-03,15.0,112.22,41.5,20.0
1431,2015-04-03,16.0,113.75,37.0,88.12
1432,2015-04-03,17.0,90.0,25.0,90.5
1433,2015-04-03,18.0,78.89,20.56,88.33
1434,2015-04-03,19.0,87.27,19.17,60.0
1435,2015-04-03,20.0,86.36,12.0,42.92
1436,2015-04-03,21.0,63.33,6.67,33.33
1437,2015-04-03,22.0,60.0,15.0,34.17
1440,2015-04-04,8.0,50.0,5.56,5.0
1441,2015-04-04,9.0,75.0,8.21,17.5
1442,2015-04-04,10.0,71.36,18.5,38.5
1443,2015-04-04,11.0,71.11,30.0,43.89
1444,2015-04-04,12.0,90.0,32.0,62.78
1445,2015-04-04,13.0,90.0,33.0,50.0
1446,2015-04-04,14.0,96.0,43.0,80.0
1447,2015-04-04,15.0,129.17,29.17,
1448,2015-04-04,16.0,121.0,35.5,87.78
1449,2015-04-04,17.0,87.73,24.55,101.36
1450,2015-04-04,18.0,66.36,14.55,80.42
1451,2015-04-04,19.0,83.64,19.09,52.73
1452,2015-04-04,20.0,94.44,18.33,31.82
1453,2015-04-04,21.0,87.5,15.0,25.0
1454,2015-04-04,22.0,67.27,17.86,24.17
1458,2015-04-05,8.0,64.09,5.0,5.0
1459,2015-04-05,9.0,80.0,6.0,15.0
1460,2015-04-05,10.0,64.5,23.33,26.5
1461,2015-04-05,11.0,76.67,37.5,47.92
1462,2015-04-05,12.0,105.45,30.42,63.5
1463,2015-04-05,13.0,116.67,34.67,63.75
1464,2015-04-05,14.0,100.0,36.82,83.89
1465,2015-04-05,15.0,81.82,37.08,
1466,2015-04-05,16.0,109.29,32.5,
1467,2015-04-05,17.0,118.18,27.08,83.5
1468,2015-04-05,18.0,85.45,23.64,90.0
1469,2015-04-05,19.0,76.92,24.17,53.33
1470,2015-04-05,20.0,93.08,12.5,26.67
1471,2015-04-05,21.0,37.5,10.0,11.92
1472,2015-04-05,22.0,64.55,9.55,14.55
1475,2015-04-06,8.0,70.0,5.0,5.56
1476,2015-04-06,9.0,84.58,9.17,20.38
1477,2015-04-06,10.0,85.0,31.36,57.73
1478,2015-04-06,11.0,107.5,44.58,56.67
1479,2015-04-06,12.0,121.82,50.0,70.0
1480,2015-04-06,13.0,118.89,55.0,79.44
1481,2015-04-06,14.0,115.83,57.92,101.25
1482,2015-04-06,15.0,118.33,40.42,101.67
1483,2015-04-06,16.0,124.17,42.5,88.33
1484,2015-04-06,17.0,120.91,38.64,89.58
1485,2015-04-06,18.0,98.18,33.46,95.0
1486,2015-04-06,19.0,95.45,23.75,62.27
1487,2015-04-06,20.0,112.0,30.0,45.5
1488,2015-04-06,21.0,80.0,10.45,25.5
1489,2015-04-06,22.0,70.5,6.0,23.18
1492,2015-04-07,8.0,54.55,5.0,10.0
1493,2015-04-07,9.0,78.46,11.25,35.71
1494,2015-04-07,10.0,85.45,45.45,47.73
1495,2015-04-07,11.0,121.82,57.31,78.18
1496,2015-04-07,12.0,143.33,53.64,83.08
1497,2015-04-07,13.0,114.17,60.83,86.92
1498,2015-04-07,14.0,103.33,59.17,120.0
1499,2015-04-07,15.0,120.0,57.0,105.0
1500,2015-04-07,16.0,130.0,59.55,87.5
1501,2015-04-07,17.0,130.0,48.75,87.78
1502,2015-04-07,18.0,130.83,41.54,98.33
1503,2015-04-07,19.0,101.11,40.56,78.12
1504,2015-04-07,20.0,85.45,25.45,45.91
1505,2015-04-07,21.0,87.27,14.0,37.0
1506,2015-04-07,22.0,75.0,16.36,36.0
1509,2015-04-08,8.0,75.0,5.0,12.5
1510,2015-04-08,9.0,90.0,15.38,39.23
1511,2015-04-08,10.0,99.23,30.71,58.85
1512,2015-04-08,11.0,113.85,45.62,84.58
1513,2015-04-08,12.0,103.64,45.42,86.67
1514,2015-04-08,13.0,107.5,54.58,95.0
1515,2015-04-08,14.0,113.0,64.5,
1516,2015-04-08,15.0,140.0,44.09,75.0
1517,2015-04-08,16.0,116.36,44.5,122.27
1518,2015-04-08,17.0,95.45,34.17,116.92
1519,2015-04-08,18.0,94.17,41.67,120.0
1520,2015-04-08,19.0,100.91,40.42,50.0
1521,2015-04-08,20.0,94.17,25.83,59.58
1522,2015-04-08,21.0,65.0,17.08,46.67
1523,2015-04-08,22.0,67.31,23.18,42.27
1527,2015-04-09,8.0,61.67,5.0,12.31
1528,2015-04-09,9.0,81.67,13.18,39.44
1529,2015-04-09,10.0,93.0,37.73,70.0
1530,2015-04-09,11.0,83.0,39.5,63.18
1531,2015-04-09,12.0,87.0,32.5,94.5
1532,2015-04-09,13.0,110.91,45.42,90.45
1533,2015-04-09,14.0,113.0,51.5,78.0
1534,2015-04-09,15.0,92.0,37.73,75.91
1535,2015-04-09,16.0,84.17,47.5,81.25
1536,2015-04-09,17.0,106.0,37.86,85.5
1537,2015-04-09,18.0,85.0,41.36,100.0
1538,2015-04-09,19.0,78.18,26.36,69.55
1539,2015-04-09,20.0,92.22,29.44,47.22
1540,2015-04-09,21.0,75.0,12.5,27.5
1541,2015-04-09,22.0,65.71,15.71,43.75
1544,2015-04-10,8.0,70.38,5.83,9.0
1545,2015-04-10,9.0,74.58,10.38,
1546,2015-04-10,10.0,66.36,28.18,
1547,2015-04-10,11.0,86.25,40.0,
1548,2015-04-10,12.0,90.0,47.92,
1549,2015-04-10,13.0,100.0,39.09,45.0
1550,2015-04-10,14.0,90.91,44.17,88.93
1551,2015-04-10,15.0,78.33,22.5,110.71
1552,2015-04-10,16.0,79.33,26.11,114.23
1553,2015-04-10,17.0,81.82,32.0,98.5
1554,2015-04-10,18.0,76.67,27.22,70.56
1555,2015-04-10,19.0,89.0,20.83,62.27
1556,2015-04-10,20.0,65.0,18.18,40.91
1557,2015-04-10,21.0,73.64,10.0,28.75
1558,2015-04-10,22.0,50.83,9.55,30.45
1561,2015-04-11,8.0,45.0,5.0,5.0
1562,2015-04-11,9.0,45.0,6.11,15.45
1563,2015-04-11,10.0,68.18,7.08,29.17
1564,2015-04-11,11.0,80.83,22.5,35.0
1565,2015-04-11,12.0,59.0,20.5,47.5
1566,2015-04-11,13.0,77.14,27.86,57.86
1567,2015-04-11,14.0,95.56,35.0,57.22
1568,2015-04-11,15.0,81.11,28.18,58.0
1569,2015-04-11,16.0,91.25,34.38,60.62
1570,2015-04-11,17.0,85.45,23.64,51.82
1571,2015-04-11,18.0,63.08,22.08,51.92
1572,2015-04-11,19.0,65.56,17.22,36.67
1573,2015-04-11,20.0,76.0,8.75,20.45
1576,2015-04-11,21.0,,7.08,6.67
1574,2015-04-11,22.0,41.67,10.0,6.11
1579,2015-04-12,9.0,58.85,5.0,5.0
1580,2015-04-12,10.0,65.45,8.33,23.75
1581,2015-04-12,11.0,79.23,27.5,40.0
1582,2015-04-12,12.0,90.0,28.64,38.75
1583,2015-04-12,13.0,110.0,27.5,49.55
1584,2015-04-12,14.0,79.17,36.67,53.33
1585,2015-04-12,15.0,60.0,23.33,45.91
1586,2015-04-12,16.0,87.27,31.25,51.82
1587,2015-04-12,17.0,59.62,22.27,51.36
1588,2015-04-12,18.0,65.38,9.62,32.92
1589,2015-04-12,19.0,59.17,6.25,25.83
1590,2015-04-12,20.0,49.17,6.25,13.33
1591,2015-04-12,21.0,31.67,5.0,5.0
1592,2015-04-12,22.0,29.23,5.0,5.0
1596,2015-04-13,9.0,45.0,5.0,5.91
1597,2015-04-13,10.0,62.27,8.18,28.64
1598,2015-04-13,11.0,79.17,26.92,40.42
1599,2015-04-13,12.0,72.5,31.25,47.5
1600,2015-04-13,13.0,79.17,32.69,52.5
1601,2015-04-13,14.0,86.67,23.0,48.5
1602,2015-04-13,15.0,65.0,16.79,43.33
1603,2015-04-13,16.0,70.0,24.09,43.64
1604,2015-04-13,17.0,82.86,12.73,50.0
1605,2015-04-13,18.0,75.0,5.0,29.0
1606,2015-04-13,19.0,81.54,5.0,25.42
1607,2015-04-13,20.0,55.0,5.0,15.5
1608,2015-04-13,21.0,35.0,5.0,4.55
1609,2015-04-13,22.0,37.5,5.0,5.0
1612,2015-04-14,9.0,58.5,5.62,11.25
1613,2015-04-14,10.0,67.5,,44.23
1614,2015-04-14,11.0,91.67,29.0,38.75
1615,2015-04-14,12.0,101.43,47.27,56.0
1616,2015-04-14,13.0,102.5,42.73,63.33
1617,2015-04-14,14.0,104.17,44.58,55.0
1618,2015-04-14,15.0,76.36,29.09,59.55
1619,2015-04-14,16.0,69.55,34.09,45.0
1620,2015-04-14,17.0,78.33,22.5,51.82
1621,2015-04-14,18.0,87.27,13.64,39.55
1622,2015-04-14,19.0,54.55,10.71,37.0
1623,2015-04-14,20.0,55.83,10.56,30.0
1624,2015-04-14,21.0,44.17,5.0,10.91
1625,2015-04-14,22.0,40.0,5.0,7.5
1628,2015-04-15,9.0,46.15,5.0,5.0
1629,2015-04-15,10.0,67.69,6.25,26.92
1630,2015-04-15,11.0,68.57,18.57,37.14
1631,2015-04-15,12.0,52.31,28.75,39.09
1632,2015-04-15,13.0,73.33,27.5,43.21
1633,2015-04-15,14.0,72.73,30.0,38.64
1634,2015-04-15,15.0,55.56,22.22,35.0
1635,2015-04-15,16.0,65.0,16.0,36.0
1636,2015-04-15,17.0,67.69,13.75,32.08
1637,2015-04-15,18.0,43.85,10.0,28.33
1638,2015-04-15,19.0,55.0,10.0,22.5
1639,2015-04-15,20.0,43.0,8.5,23.0
1640,2015-04-15,21.0,38.33,5.0,5.0
1641,2015-04-15,22.0,34.55,5.0,5.0
1645,2015-04-16,9.0,60.0,9.5,8.33
1646,2015-04-16,10.0,66.67,22.08,31.67
1647,2015-04-16,11.0,70.91,26.82,43.18
1648,2015-04-16,12.0,65.56,32.22,49.44
1649,2015-04-16,13.0,65.45,23.75,54.55
1650,2015-04-16,14.0,60.0,25.45,55.0
1651,2015-04-16,15.0,60.0,18.64,53.75
1652,2015-04-16,16.0,75.0,22.5,47.0
1653,2015-04-16,17.0,82.86,14.55,41.43
1654,2015-04-16,18.0,30.0,10.5,8.75
1655,2015-04-16,19.0,57.5,5.0,28.75
1656,2015-04-16,20.0,70.0,9.55,23.64
1657,2015-04-16,21.0,35.0,5.0,7.86
1658,2015-04-16,22.0,24.29,5.0,
1661,2015-04-17,9.0,57.0,,9.0
1662,2015-04-17,10.0,67.27,20.0,20.0
1663,2015-04-17,11.0,81.0,30.0,34.0
1664,2015-04-17,12.0,73.64,41.36,50.0
1665,2015-04-17,13.0,75.83,40.0,51.5
1666,2015-04-17,14.0,81.82,,62.22
1667,2015-04-17,15.0,80.0,35.0,61.11
1668,2015-04-17,16.0,75.0,,56.36
1669,2015-04-17,17.0,58.0,,46.25
1670,2015-04-17,18.0,67.27,,40.91
1671,2015-04-17,19.0,55.83,,40.83
1672,2015-04-17,20.0,65.0,,37.73
1673,2015-04-17,21.0,47.78,20.0,12.22
1674,2015-04-17,22.0,43.18,10.91,19.09
1677,2015-04-18,8.0,45.0,5.0,5.0
1678,2015-04-18,9.0,45.0,,6.67
1679,2015-04-18,10.0,64.0,,30.56
1680,2015-04-18,11.0,107.5,28.75,47.27
1681,2015-04-18,12.0,108.18,48.5,74.5
1682,2015-04-18,13.0,80.0,45.0,91.36
1683,2015-04-18,14.0,92.73,43.33,75.45
1684,2015-04-18,15.0,81.0,,61.0
1685,2015-04-18,16.0,80.91,32.0,60.0
1686,2015-04-18,17.0,90.0,35.83,58.0
1687,2015-04-18,18.0,69.09,40.83,58.64
1688,2015-04-18,19.0,70.0,33.75,47.5
1689,2015-04-18,20.0,69.17,29.58,23.33
1690,2015-04-18,21.0,50.0,8.89,14.44
1691,2015-04-18,22.0,49.0,11.67,17.5
1695,2015-04-19,9.0,61.25,5.0,7.27
1696,2015-04-19,10.0,75.0,10.83,45.0
1697,2015-04-19,11.0,95.45,30.45,58.64
1698,2015-04-19,12.0,73.0,36.0,62.0
1699,2015-04-19,13.0,72.73,29.55,46.0
1700,2015-04-19,14.0,82.73,29.09,37.73
1701,2015-04-19,15.0,90.0,22.22,39.0
1702,2015-04-19,16.0,90.0,34.17,60.0
1709,2015-04-19,17.0,,27.0,32.5
1703,2015-04-19,18.0,90.0,15.42,40.0
1704,2015-04-19,19.0,84.17,9.17,34.17
1705,2015-04-19,20.0,57.5,5.0,17.5
1706,2015-04-19,21.0,47.5,5.0,5.0
1707,2015-04-19,22.0,30.83,5.0,5.0
1711,2015-04-20,9.0,45.0,5.0,5.83
1712,2015-04-20,10.0,62.31,5.0,28.75
1713,2015-04-20,11.0,88.18,26.33,36.67
1714,2015-04-20,12.0,60.0,30.56,44.44
1715,2015-04-20,13.0,90.0,27.5,48.57
1716,2015-04-20,14.0,92.0,23.12,50.0
1717,2015-04-20,15.0,90.0,6.11,45.0
1718,2015-04-20,16.0,112.5,15.83,32.5
1719,2015-04-20,17.0,80.83,5.0,43.5
1720,2015-04-20,18.0,38.0,6.5,12.5
1721,2015-04-20,19.0,55.83,5.0,5.42
1722,2015-04-20,20.0,61.11,5.0,5.0
1723,2015-04-20,21.0,41.82,5.0,5.0
1724,2015-04-20,22.0,36.5,5.0,3.85
1727,2015-04-21,9.0,54.0,5.0,5.45
1728,2015-04-21,10.0,78.46,12.22,38.18
1729,2015-04-21,11.0,76.67,33.64,53.18
1730,2015-04-21,12.0,70.0,49.55,41.82
1731,2015-04-21,13.0,81.67,28.85,55.83
1732,2015-04-21,14.0,85.0,31.5,51.0
1733,2015-04-21,15.0,84.44,21.67,38.33
1734,2015-04-21,16.0,83.64,19.5,57.5
1735,2015-04-21,17.0,59.17,20.0,47.73
1736,2015-04-21,18.0,59.55,10.83,43.64
1737,2015-04-21,19.0,65.0,13.0,31.5
1738,2015-04-21,20.0,63.64,10.0,30.0
1739,2015-04-21,21.0,46.67,10.0,12.78
1740,2015-04-21,22.0,53.33,7.22,10.0
1743,2015-04-22,9.0,47.69,5.0,5.42
1744,2015-04-22,10.0,62.27,7.73,21.67
1745,2015-04-22,11.0,83.75,24.38,
1746,2015-04-22,12.0,90.0,35.91,57.14
1747,2015-04-22,13.0,68.0,20.5,82.5
1757,2015-04-22,14.0,,11.25,52.86
1748,2015-04-22,15.0,67.5,14.55,44.55
1749,2015-04-22,16.0,76.36,23.18,51.36
1750,2015-04-22,17.0,92.5,18.89,43.12
1751,2015-04-22,18.0,79.5,8.5,42.5
1752,2015-04-22,19.0,57.27,6.0,39.5
1753,2015-04-22,20.0,55.56,5.0,22.78
1754,2015-04-22,21.0,58.08,5.0,12.73
1755,2015-04-22,22.0,36.54,5.0,7.92
1760,2015-04-23,9.0,45.0,5.71,7.5
1761,2015-04-23,10.0,45.0,9.17,6.0
1762,2015-04-23,11.0,71.88,23.75,21.0
1763,2015-04-23,12.0,80.0,11.67,44.62
1764,2015-04-23,13.0,41.67,17.27,41.0
1765,2015-04-23,14.0,76.0,21.0,17.73
1766,2015-04-23,15.0,80.0,11.0,34.0
1767,2015-04-23,16.0,78.0,17.27,42.5
1768,2015-04-23,17.0,83.64,10.0,41.82
1769,2015-04-23,18.0,78.18,6.67,36.92
1770,2015-04-23,19.0,60.0,5.91,23.5
1771,2015-04-23,20.0,60.0,5.91,17.27
1772,2015-04-23,21.0,71.11,5.0,5.0
1773,2015-04-23,22.0,34.55,5.0,5.0
1776,2015-04-24,9.0,54.55,5.0,12.5
1777,2015-04-24,10.0,71.36,13.75,50.45
1778,2015-04-24,11.0,91.0,36.0,49.09
1779,2015-04-24,12.0,95.0,40.0,71.36
1780,2015-04-24,13.0,90.0,44.23,69.55
1781,2015-04-24,14.0,90.0,37.73,90.5
1782,2015-04-24,15.0,94.55,32.73,74.58
1783,2015-04-24,16.0,124.0,36.15,66.0
1784,2015-04-24,17.0,127.78,31.67,75.56
1785,2015-04-24,18.0,97.5,32.22,61.11
1786,2015-04-24,19.0,79.38,25.62,61.88
1787,2015-04-24,20.0,96.67,24.55,55.0
1788,2015-04-24,21.0,48.64,10.0,25.0
1789,2015-04-24,22.0,55.0,6.67,20.83
1792,2015-04-25,8.0,45.0,5.0,5.0
1793,2015-04-25,9.0,58.85,5.0,10.0
1794,2015-04-25,10.0,85.45,13.64,38.33
1795,2015-04-25,11.0,54.17,33.85,62.14
1796,2015-04-25,12.0,69.17,42.08,66.36
1797,2015-04-25,13.0,80.0,39.58,74.17
1798,2015-04-25,14.0,80.0,33.33,64.17
1799,2015-04-25,15.0,80.0,35.0,58.18
1800,2015-04-25,16.0,93.64,29.55,55.91
1801,2015-04-25,17.0,85.0,24.44,50.56
1802,2015-04-25,18.0,69.62,27.31,47.5
1803,2015-04-25,19.0,66.67,26.11,38.33
1804,2015-04-25,20.0,68.57,14.29,33.12
1805,2015-04-25,21.0,60.0,6.25,16.88
1806,2015-04-25,22.0,60.0,18.33,20.0
1810,2015-04-26,9.0,50.0,5.0,5.0
1811,2015-04-26,10.0,64.62,5.83,17.69
1812,2015-04-26,11.0,63.0,23.0,33.0
1813,2015-04-26,12.0,51.82,21.82,35.0
1814,2015-04-26,13.0,59.17,15.0,31.67
1815,2015-04-26,14.0,58.33,34.17,26.25
1816,2015-04-26,15.0,73.33,16.25,37.5
1817,2015-04-26,16.0,63.33,24.62,35.83
1818,2015-04-26,17.0,46.25,11.0,50.62
1819,2015-04-26,18.0,42.5,6.36,34.58
1820,2015-04-26,19.0,58.18,9.09,26.82
1821,2015-04-26,20.0,46.36,5.45,17.73
1822,2015-04-26,21.0,42.0,5.0,10.0
1823,2015-04-26,22.0,42.73,,10.0
1826,2015-04-27,9.0,45.0,5.0,5.0
1827,2015-04-27,10.0,56.67,15.45,10.5
1828,2015-04-27,11.0,82.27,33.89,26.67
1829,2015-04-27,12.0,110.91,30.0,34.0
1830,2015-04-27,13.0,95.0,44.09,
1831,2015-04-27,14.0,74.0,35.0,48.18
1832,2015-04-27,15.0,85.45,23.18,54.55
1833,2015-04-27,16.0,88.18,30.0,68.64
1834,2015-04-27,17.0,72.73,29.55,52.73
1835,2015-04-27,18.0,63.0,12.0,37.86
1836,2015-04-27,19.0,71.67,15.83,41.15
1837,2015-04-27,20.0,82.5,6.36,26.82
1838,2015-04-27,21.0,54.55,5.0,11.36
1839,2015-04-27,22.0,44.55,5.0,7.27
1842,2015-04-28,9.0,44.62,5.0,5.0
1843,2015-04-28,10.0,35.0,5.0,5.0
1844,2015-04-28,11.0,47.27,5.0,5.0
1845,2015-04-28,12.0,54.55,9.29,9.23
1846,2015-04-28,13.0,57.5,16.67,13.75
1847,2015-04-28,14.0,51.54,16.25,17.69
1848,2015-04-28,15.0,54.62,12.08,21.25
1849,2015-04-28,16.0,64.55,11.82,32.73
1850,2015-04-28,17.0,52.92,5.42,33.75
1851,2015-04-28,18.0,51.5,9.0,33.0
1852,2015-04-28,19.0,65.71,8.12,17.5
1853,2015-04-28,20.0,51.82,9.55,10.83
1854,2015-04-28,21.0,34.55,5.0,5.0
1855,2015-04-28,22.0,34.0,5.0,5.0
1858,2015-04-29,9.0,45.0,5.0,6.0
1859,2015-04-29,10.0,61.25,5.0,9.5
1860,2015-04-29,11.0,86.67,11.25,30.0
1861,2015-04-29,12.0,53.08,19.17,22.92
1862,2015-04-29,13.0,70.0,15.0,45.56
1863,2015-04-29,14.0,79.09,13.64,36.25
1864,2015-04-29,15.0,66.0,10.0,26.5
1865,2015-04-29,16.0,75.83,12.5,33.33
1866,2015-04-29,17.0,96.25,8.33,32.22
1867,2015-04-29,18.0,55.42,5.0,32.5
1868,2015-04-29,19.0,54.09,5.0,22.27
1869,2015-04-29,20.0,60.0,5.0,18.64
1870,2015-04-29,21.0,39.23,5.0,5.0
1871,2015-04-29,22.0,34.58,5.0,5.0
1875,2015-04-30,9.0,45.0,5.0,5.0
1876,2015-04-30,10.0,80.0,8.33,12.5
1877,2015-04-30,11.0,70.0,27.31,30.83
1878,2015-04-30,12.0,71.67,32.78,39.09
1879,2015-04-30,13.0,91.0,37.27,61.25
1880,2015-04-30,14.0,107.5,30.91,54.55
1881,2015-04-30,15.0,103.64,23.5,45.5
1882,2015-04-30,16.0,67.0,31.36,69.09
1888,2015-04-30,17.0,,27.78,63.33
1883,2015-04-30,18.0,60.0,23.5,60.91
1884,2015-04-30,19.0,100.0,25.5,47.73
1885,2015-04-30,20.0,90.0,16.36,33.0
1886,2015-04-30,21.0,110.0,9.5,15.0
1887,2015-04-30,22.0,42.86,5.0,
1890,2015-05-01,9.0,48.57,5.0,6.11
1891,2015-05-01,10.0,70.0,22.14,20.0
1892,2015-05-01,11.0,88.0,35.0,55.0
1893,2015-05-01,12.0,65.45,38.08,
1894,2015-05-01,13.0,70.91,40.0,51.0
1895,2015-05-01,14.0,96.15,29.55,80.0
1896,2015-05-01,15.0,93.33,28.64,70.45
1897,2015-05-01,16.0,53.46,39.0,68.33
1898,2015-05-01,17.0,73.64,25.5,67.27
1899,2015-05-01,18.0,70.0,25.83,61.5
1900,2015-05-01,19.0,70.0,25.0,41.5
1901,2015-05-01,20.0,51.0,17.0,33.89
1902,2015-05-01,21.0,64.0,13.5,31.11
1903,2015-05-01,22.0,52.73,12.22,20.56
1906,2015-05-02,8.0,45.0,5.0,5.0
1907,2015-05-02,9.0,55.77,5.83,5.0
1908,2015-05-02,10.0,79.17,12.14,27.73
1909,2015-05-02,11.0,50.83,22.5,49.29
1910,2015-05-02,12.0,69.58,33.85,47.08
1911,2015-05-02,13.0,88.33,50.0,52.0
1912,2015-05-02,14.0,90.0,35.0,48.33
1913,2015-05-02,15.0,63.33,31.88,56.67
1914,2015-05-02,16.0,71.67,39.17,60.0
1915,2015-05-02,17.0,88.33,38.75,59.17
1916,2015-05-02,18.0,57.69,34.17,48.64
1917,2015-05-02,19.0,75.62,30.62,44.38
1918,2015-05-02,20.0,69.09,23.5,32.0
1919,2015-05-02,21.0,59.0,10.0,23.5
1920,2015-05-02,22.0,60.83,8.85,8.85
1925,2015-05-03,9.0,55.0,5.0,5.0
1926,2015-05-03,10.0,72.27,5.0,23.46
1927,2015-05-03,11.0,63.12,27.0,40.62
1928,2015-05-03,12.0,66.36,32.27,36.25
1929,2015-05-03,13.0,70.0,29.09,54.62
1930,2015-05-03,14.0,70.0,28.64,42.5
1931,2015-05-03,15.0,64.17,27.92,41.25
1932,2015-05-03,16.0,65.5,32.0,51.5
1933,2015-05-03,17.0,80.0,25.91,35.91
1939,2015-05-03,18.0,,10.0,41.25
1934,2015-05-03,19.0,70.0,10.38,33.33
1935,2015-05-03,20.0,70.0,10.42,17.69
1936,2015-05-03,21.0,50.5,7.92,7.73
1937,2015-05-03,22.0,61.82,4.58,4.62
1941,2015-05-04,9.0,55.0,5.0,5.83
1942,2015-05-04,10.0,67.0,8.64,27.0
1943,2015-05-04,11.0,81.82,23.18,39.17
1944,2015-05-04,12.0,72.5,34.58,45.42
1945,2015-05-04,13.0,76.92,35.0,61.25
1946,2015-05-04,14.0,92.5,45.42,50.42
1947,2015-05-04,15.0,90.0,23.89,43.18
1948,2015-05-04,16.0,90.0,41.67,68.64
1949,2015-05-04,17.0,90.0,40.77,63.75
1950,2015-05-04,18.0,76.92,19.58,47.92
1951,2015-05-04,19.0,69.09,11.36,29.55
1952,2015-05-04,20.0,55.83,10.0,15.83
1953,2015-05-04,21.0,47.27,5.0,5.0
1954,2015-05-04,22.0,50.0,5.0,5.0
1957,2015-05-05,9.0,55.38,5.5,5.91
1958,2015-05-05,10.0,60.91,11.0,22.5
1959,2015-05-05,11.0,60.0,29.17,40.42
1960,2015-05-05,12.0,66.36,31.36,55.0
1961,2015-05-05,13.0,74.17,35.38,44.17
1962,2015-05-05,14.0,80.0,29.58,41.25
1963,2015-05-05,15.0,76.36,26.25,40.91
1964,2015-05-05,16.0,92.5,20.83,34.58
1965,2015-05-05,17.0,67.5,18.33,38.75
1966,2015-05-05,18.0,60.0,11.43,42.69
1967,2015-05-05,19.0,67.0,10.0,31.82
1968,2015-05-05,20.0,50.0,9.17,12.08
1969,2015-05-05,21.0,45.45,5.0,5.0
1970,2015-05-05,22.0,40.71,5.0,5.0
1973,2015-05-06,9.0,58.93,6.15,5.77
1974,2015-05-06,10.0,55.0,10.0,23.46
1975,2015-05-06,11.0,66.36,20.42,31.92
1976,2015-05-06,12.0,65.83,20.0,45.42
1977,2015-05-06,13.0,75.83,20.0,44.55
1985,2015-05-06,14.0,,28.33,45.0
1978,2015-05-06,15.0,87.5,13.64,38.08
1979,2015-05-06,16.0,90.0,22.22,31.0
1980,2015-05-06,17.0,70.0,15.56,44.55
1986,2015-05-06,18.0,,6.82,29.09
1981,2015-05-06,19.0,70.0,8.5,19.5
1982,2015-05-06,20.0,81.82,5.0,13.64
1983,2015-05-06,21.0,55.45,5.0,5.0
1984,2015-05-06,22.0,34.55,5.0,5.0
1989,2015-05-07,9.0,60.0,9.0,12.5
1990,2015-05-07,10.0,51.54,11.15,29.23
1991,2015-05-07,11.0,56.67,22.31,31.07
1992,2015-05-07,12.0,85.91,29.55,37.92
1993,2015-05-07,13.0,80.0,22.69,44.58
1994,2015-05-07,14.0,63.12,18.21,42.5
1995,2015-05-07,15.0,67.5,15.71,33.33
1996,2015-05-07,16.0,57.0,22.5,32.27
1997,2015-05-07,17.0,69.09,14.55,42.73
1998,2015-05-07,18.0,43.75,5.0,32.92
1999,2015-05-07,19.0,61.11,5.0,26.11
2000,2015-05-07,20.0,55.0,10.91,16.67
2001,2015-05-07,21.0,40.0,6.5,6.0
2002,2015-05-07,22.0,34.17,6.5,5.0
2005,2015-05-08,9.0,45.77,5.0,6.25
2006,2015-05-08,10.0,66.67,6.25,27.86
2007,2015-05-08,11.0,82.5,28.46,39.29
2008,2015-05-08,12.0,70.0,31.67,48.33
2009,2015-05-08,13.0,70.0,31.36,45.45
2010,2015-05-08,14.0,70.0,28.75,47.92
2011,2015-05-08,15.0,67.0,17.27,52.73
2012,2015-05-08,16.0,80.0,30.0,50.83
2013,2015-05-08,17.0,89.17,22.92,49.17
2014,2015-05-08,18.0,50.0,16.67,26.25
2015,2015-05-08,19.0,83.33,14.55,
2016,2015-05-08,20.0,102.0,8.5,23.0
2017,2015-05-08,21.0,36.67,5.0,26.11
2018,2015-05-08,22.0,45.38,5.0,11.67
2021,2015-05-09,8.0,45.0,5.0,6.43
2022,2015-05-09,9.0,51.25,5.71,10.0
2023,2015-05-09,10.0,74.17,16.15,25.0
2024,2015-05-09,11.0,72.73,38.64,47.31
2025,2015-05-09,12.0,64.55,34.17,57.0
2026,2015-05-09,13.0,82.0,38.5,54.0
2027,2015-05-09,14.0,100.83,40.45,47.27
2028,2015-05-09,15.0,70.83,30.0,51.25
2029,2015-05-09,16.0,60.0,36.67,51.67
2030,2015-05-09,17.0,55.0,26.67,50.56
2031,2015-05-09,18.0,79.09,25.0,38.18
2032,2015-05-09,19.0,96.67,30.83,40.83
2033,2015-05-09,20.0,95.83,26.36,29.55
2034,2015-05-09,21.0,52.31,10.56,17.78
2035,2015-05-09,22.0,61.82,10.77,16.25
2038,2015-05-10,9.0,60.56,5.0,5.56
2039,2015-05-10,10.0,71.0,18.75,23.64
2040,2015-05-10,11.0,70.0,28.85,31.36
2041,2015-05-10,12.0,58.33,39.38,38.12
2042,2015-05-10,13.0,79.09,36.82,50.0
2043,2015-05-10,14.0,100.0,24.09,41.36
2044,2015-05-10,15.0,57.5,25.77,45.42
2045,2015-05-10,16.0,70.0,21.82,41.82
2046,2015-05-10,17.0,75.0,19.09,31.0
2047,2015-05-10,18.0,45.0,14.67,25.0
2048,2015-05-10,19.0,62.73,6.92,22.27
2049,2015-05-10,20.0,70.77,12.69,13.75
2050,2015-05-10,21.0,42.0,5.0,8.64
2051,2015-05-10,22.0,41.82,5.0,6.54
2055,2015-05-11,9.0,45.0,8.44,
2056,2015-05-11,10.0,57.5,17.22,22.0
2057,2015-05-11,11.0,63.75,30.0,50.62
2058,2015-05-11,12.0,52.5,25.45,42.73
2059,2015-05-11,13.0,67.0,27.22,60.5
2060,2015-05-11,14.0,70.91,24.55,45.45
2061,2015-05-11,15.0,52.73,19.0,39.0
2062,2015-05-11,16.0,60.91,19.09,35.0
2063,2015-05-11,17.0,65.45,12.5,42.92
2064,2015-05-11,18.0,48.33,21.07,31.43
2065,2015-05-11,19.0,59.17,7.92,42.08
2066,2015-05-11,20.0,43.33,5.0,30.45
2067,2015-05-11,21.0,40.0,5.0,7.5
2068,2015-05-11,22.0,31.0,5.0,5.0
2071,2015-05-12,9.0,45.0,5.0,5.0
2072,2015-05-12,10.0,55.83,7.31,22.31
2073,2015-05-12,11.0,73.33,18.93,41.25
2074,2015-05-12,12.0,60.0,29.5,42.5
2075,2015-05-12,13.0,55.45,27.73,65.91
2076,2015-05-12,14.0,71.0,27.5,39.09
2077,2015-05-12,15.0,80.0,23.46,35.83
2078,2015-05-12,16.0,62.0,21.88,37.5
2079,2015-05-12,17.0,55.0,18.0,37.5
2080,2015-05-12,18.0,60.0,17.14,33.75
2081,2015-05-12,19.0,70.0,14.38,24.0
2082,2015-05-12,20.0,90.0,8.57,6.0
2083,2015-05-12,21.0,44.17,5.0,7.0
2084,2015-05-12,22.0,50.0,5.0,5.0
2087,2015-05-13,9.0,45.0,5.0,5.0
2088,2015-05-13,10.0,71.54,8.33,14.17
2089,2015-05-13,11.0,70.91,17.08,35.0
2090,2015-05-13,12.0,44.55,23.18,42.73
2091,2015-05-13,13.0,67.5,19.17,43.75
2092,2015-05-13,14.0,73.33,13.75,37.31
2093,2015-05-13,15.0,45.45,10.0,35.91
2094,2015-05-13,16.0,61.0,18.18,30.91
2099,2015-05-13,17.0,,10.45,31.67
2100,2015-05-13,18.0,,14.0,27.08
2095,2015-05-13,19.0,50.0,11.25,19.58
2096,2015-05-13,20.0,59.09,11.36,12.78
2097,2015-05-13,21.0,82.14,6.11,5.0
2098,2015-05-13,22.0,28.33,5.0,5.0
2104,2015-05-14,9.0,60.0,5.0,10.42
2105,2015-05-14,10.0,60.0,10.0,31.79
2106,2015-05-14,11.0,60.83,27.5,40.91
2107,2015-05-14,12.0,79.09,31.33,43.33
2108,2015-05-14,13.0,80.77,28.75,48.46
2109,2015-05-14,14.0,58.33,31.54,58.75
2110,2015-05-14,15.0,63.33,16.11,47.0
2111,2015-05-14,16.0,87.27,20.0,58.64
2112,2015-05-14,17.0,74.55,20.83,40.45
2113,2015-05-14,18.0,48.0,16.11,39.0
2114,2015-05-14,19.0,64.62,17.27,33.18
2115,2015-05-14,20.0,69.17,9.55,25.0
2116,2015-05-14,21.0,40.83,8.18,10.45
2117,2015-05-14,22.0,40.0,7.0,7.0
2119,2015-05-15,9.0,54.09,5.56,6.5
2120,2015-05-15,10.0,72.73,15.0,23.64
2121,2015-05-15,11.0,65.83,17.92,40.42
2122,2015-05-15,12.0,65.0,33.57,47.08
2123,2015-05-15,13.0,76.67,27.31,63.85
2124,2015-05-15,14.0,83.33,35.0,48.33
2125,2015-05-15,15.0,59.17,23.0,58.75
2126,2015-05-15,16.0,64.55,30.0,55.0
2127,2015-05-15,17.0,71.0,29.0,64.0
2128,2015-05-15,18.0,42.73,9.55,37.27
2129,2015-05-15,19.0,68.33,15.0,41.36
2130,2015-05-15,20.0,70.91,12.27,32.08
2131,2015-05-15,21.0,42.0,10.0,11.0
2132,2015-05-15,22.0,47.78,8.12,7.5
2135,2015-05-16,9.0,55.91,5.0,6.82
2136,2015-05-16,10.0,76.36,12.31,41.82
2137,2015-05-16,11.0,77.0,33.64,44.09
2138,2015-05-16,12.0,72.14,35.0,53.93
2139,2015-05-16,13.0,81.54,43.5,58.33
2140,2015-05-16,14.0,82.31,38.33,60.38
2141,2015-05-16,15.0,78.89,39.55,58.75
2142,2015-05-16,16.0,79.09,45.0,61.67
2143,2015-05-16,17.0,76.67,36.25,61.67
2144,2015-05-16,18.0,60.0,32.5,61.92
2145,2015-05-16,19.0,71.54,30.77,56.15
2146,2015-05-16,20.0,70.91,26.82,47.5
2147,2015-05-16,21.0,67.14,15.0,37.86
2148,2015-05-16,22.0,61.43,18.46,57.5
2153,2015-05-17,9.0,52.5,5.0,5.0
2154,2015-05-17,10.0,64.29,10.67,17.86
2155,2015-05-17,11.0,77.5,26.43,25.0
2156,2015-05-17,12.0,70.0,33.57,41.43
2157,2015-05-17,13.0,68.33,28.33,38.75
2158,2015-05-17,14.0,65.83,38.0,47.27
2159,2015-05-17,15.0,87.69,19.17,31.15
2160,2015-05-17,16.0,76.67,30.45,45.0
2161,2015-05-17,17.0,51.67,15.83,32.5
2162,2015-05-17,18.0,57.5,7.92,33.18
2163,2015-05-17,19.0,51.11,6.67,24.44
2164,2015-05-17,20.0,57.5,5.5,17.0
2165,2015-05-17,21.0,40.0,5.0,
2166,2015-05-17,22.0,41.0,6.82,20.0
2169,2015-05-18,9.0,56.25,5.0,7.14
2170,2015-05-18,10.0,66.67,8.67,27.27
2171,2015-05-18,11.0,69.29,32.73,53.64
2172,2015-05-18,12.0,69.09,34.44,48.33
2173,2015-05-18,13.0,79.09,33.64,58.64
2174,2015-05-18,14.0,63.33,37.69,45.83
2175,2015-05-18,15.0,65.45,22.92,42.5
2176,2015-05-18,16.0,70.0,22.0,51.82
2177,2015-05-18,17.0,63.08,16.67,55.0
2178,2015-05-18,18.0,70.83,21.67,41.67
2179,2015-05-18,19.0,65.71,14.0,43.75
2180,2015-05-18,20.0,51.0,22.0,27.22
2181,2015-05-18,21.0,54.55,5.0,7.22
2182,2015-05-18,22.0,33.33,5.0,5.56
2185,2015-05-19,9.0,47.86,5.0,5.0
2199,2015-05-19,10.0,,15.38,25.42
2186,2015-05-19,11.0,90.0,21.67,46.25
2187,2015-05-19,12.0,120.0,30.77,53.46
2188,2015-05-19,13.0,115.0,28.75,55.38
2189,2015-05-19,14.0,108.46,29.23,44.17
2190,2015-05-19,15.0,90.0,16.25,47.08
2191,2015-05-19,16.0,90.0,23.33,46.67
2192,2015-05-19,17.0,78.18,11.25,38.33
2193,2015-05-19,18.0,48.18,10.0,38.18
2194,2015-05-19,19.0,85.0,19.23,19.0
2195,2015-05-19,20.0,90.0,7.5,25.0
2196,2015-05-19,21.0,57.27,5.0,9.09
2197,2015-05-19,22.0,32.73,5.91,5.0
2201,2015-05-20,9.0,49.17,5.0,5.0
2202,2015-05-20,10.0,57.27,8.64,25.77
2203,2015-05-20,11.0,60.0,24.38,35.0
2204,2015-05-20,12.0,57.0,28.18,56.25
2205,2015-05-20,13.0,49.0,25.56,60.0
2206,2015-05-20,14.0,54.55,17.92,47.73
2207,2015-05-20,15.0,60.91,11.82,45.45
2208,2015-05-20,16.0,41.0,14.0,40.5
2215,2015-05-20,17.0,,18.0,
2209,2015-05-20,18.0,110.0,11.82,31.11
2210,2015-05-20,19.0,45.0,5.0,37.5
2211,2015-05-20,20.0,52.5,10.62,21.36
2212,2015-05-20,21.0,40.83,5.0,7.27
2213,2015-05-20,22.0,30.0,5.0,5.0
2218,2015-05-21,9.0,49.17,5.0,10.0
2219,2015-05-21,10.0,55.45,11.54,21.67
2220,2015-05-21,11.0,60.91,27.27,42.73
2221,2015-05-21,12.0,71.11,32.22,52.78
2222,2015-05-21,13.0,73.33,39.17,44.0
2223,2015-05-21,14.0,74.0,28.75,45.42
2224,2015-05-21,15.0,53.0,15.0,41.5
2225,2015-05-21,16.0,64.17,27.08,65.0
2226,2015-05-21,17.0,73.0,16.5,59.09
2227,2015-05-21,18.0,48.18,7.27,53.18
2228,2015-05-21,19.0,52.0,5.91,50.5
2229,2015-05-21,20.0,70.0,11.15,27.5
2230,2015-05-21,21.0,43.33,5.0,22.0
2231,2015-05-21,22.0,38.0,5.0,6.0
2233,2015-05-22,6.0,60.0,5.0,5.0
2234,2015-05-22,7.0,57.0,5.0,9.64
2235,2015-05-22,8.0,60.0,5.0,8.18
2248,2015-05-22,9.0,,5.83,21.33
2236,2015-05-22,10.0,96.82,21.92,38.33
2237,2015-05-22,11.0,64.17,33.33,52.27
2238,2015-05-22,12.0,66.0,29.55,54.09
2239,2015-05-22,13.0,62.27,37.0,62.0
2240,2015-05-22,14.0,76.67,37.08,64.62
2249,2015-05-22,15.0,,29.58,57.5
2241,2015-05-22,16.0,60.0,30.0,68.0
2242,2015-05-22,17.0,65.77,25.5,49.58
2243,2015-05-22,18.0,80.77,13.08,48.18
2244,2015-05-22,19.0,68.33,16.82,37.08
2245,2015-05-22,20.0,68.64,26.82,36.5
2246,2015-05-22,21.0,56.36,17.08,28.46
2247,2015-05-22,22.0,60.0,33.75,35.0
2256,2015-05-23,9.0,45.0,5.0,5.91
2257,2015-05-23,10.0,55.77,10.42,32.0
2258,2015-05-23,11.0,80.45,42.22,51.0
2259,2015-05-23,12.0,67.5,37.14,58.33
2260,2015-05-23,13.0,60.83,37.14,67.92
2261,2015-05-23,14.0,85.83,38.75,61.25
2262,2015-05-23,15.0,87.5,40.0,73.18
2263,2015-05-23,16.0,109.09,40.45,64.55
2264,2015-05-23,17.0,115.0,38.75,66.25
2265,2015-05-23,18.0,70.91,32.08,66.82
2266,2015-05-23,19.0,70.0,33.12,54.0
2267,2015-05-23,20.0,100.0,28.46,58.33
2268,2015-05-23,21.0,80.91,13.64,
2269,2015-05-23,22.0,60.91,13.18,36.67
2274,2015-05-24,9.0,62.14,5.0,5.83
2275,2015-05-24,10.0,87.69,17.5,35.38
2276,2015-05-24,11.0,71.33,31.67,50.0
2277,2015-05-24,12.0,84.55,40.0,53.18
2278,2015-05-24,13.0,105.45,47.0,101.5
2279,2015-05-24,14.0,106.67,52.22,95.0
2280,2015-05-24,15.0,80.0,35.0,73.75
2281,2015-05-24,16.0,81.67,41.67,58.46
2282,2015-05-24,17.0,109.09,34.55,71.82
2283,2015-05-24,18.0,90.91,35.45,66.36
2284,2015-05-24,19.0,82.0,37.0,58.5
2285,2015-05-24,20.0,80.0,25.0,41.43
2286,2015-05-24,21.0,80.0,10.0,23.89
2287,2015-05-24,22.0,74.62,16.15,24.58
2291,2015-05-25,9.0,65.36,7.08,9.09
2292,2015-05-25,10.0,75.0,13.33,38.64
2293,2015-05-25,11.0,97.73,41.25,58.85
2294,2015-05-25,12.0,100.77,42.5,56.43
2295,2015-05-25,13.0,100.0,32.78,76.11
2296,2015-05-25,14.0,81.0,33.64,49.0
2297,2015-05-25,15.0,68.33,26.67,37.78
2298,2015-05-25,16.0,107.0,37.5,68.75
2299,2015-05-25,17.0,87.69,21.67,62.5
2300,2015-05-25,18.0,56.5,11.0,49.09
2301,2015-05-25,19.0,74.55,10.0,43.64
2302,2015-05-25,20.0,90.0,10.0,30.0
2303,2015-05-25,21.0,57.5,6.25,25.0
2304,2015-05-25,22.0,46.92,5.0,12.5
2307,2015-05-26,9.0,57.31,5.0,10.45
2308,2015-05-26,10.0,70.45,20.59,50.0
2309,2015-05-26,11.0,96.67,38.85,58.21
2310,2015-05-26,12.0,98.85,54.09,64.17
2311,2015-05-26,13.0,80.42,51.5,75.0
2312,2015-05-26,14.0,80.0,44.09,84.17
2313,2015-05-26,15.0,77.0,35.0,56.0
2314,2015-05-26,16.0,102.5,42.5,75.0
2315,2015-05-26,17.0,96.25,36.67,84.38
2316,2015-05-26,18.0,61.0,23.12,53.12
2317,2015-05-26,19.0,68.33,29.55,59.09
2318,2015-05-26,20.0,75.56,12.22,37.27
2319,2015-05-26,21.0,61.25,8.12,27.78
2320,2015-05-26,22.0,53.64,8.85,20.0
2322,2015-05-27,9.0,67.5,8.75,8.57
2323,2015-05-27,10.0,66.67,21.82,38.16
2324,2015-05-27,11.0,65.0,35.0,50.77
2325,2015-05-27,12.0,70.0,36.11,62.5
2326,2015-05-27,13.0,70.0,40.0,78.5
2327,2015-05-27,14.0,81.0,35.71,50.45
2328,2015-05-27,15.0,86.0,38.5,58.18
2329,2015-05-27,16.0,70.77,42.5,55.0
2330,2015-05-27,17.0,80.83,25.0,62.27
2331,2015-05-27,18.0,87.27,11.43,64.0
2332,2015-05-27,19.0,79.17,21.82,60.91
2333,2015-05-27,20.0,93.0,19.09,35.0
2334,2015-05-27,21.0,63.21,7.31,20.0
2335,2015-05-27,22.0,54.64,5.71,21.25
2340,2015-05-28,9.0,75.0,10.0,34.33
2341,2015-05-28,10.0,68.5,40.56,46.36
2342,2015-05-28,11.0,65.36,,65.91
2343,2015-05-28,12.0,77.27,38.33,77.5
2344,2015-05-28,13.0,83.33,44.0,83.33
2345,2015-05-28,14.0,80.0,43.0,54.09
2346,2015-05-28,15.0,80.0,35.56,60.0
2347,2015-05-28,16.0,80.0,40.0,66.25
2348,2015-05-28,17.0,80.0,36.25,80.0
2349,2015-05-28,18.0,62.0,29.0,58.89
2350,2015-05-28,19.0,70.0,28.18,51.36
2351,2015-05-28,20.0,66.67,24.62,52.5
2352,2015-05-28,21.0,62.73,13.75,23.18
2353,2015-05-28,22.0,49.58,12.5,27.92
2355,2015-05-29,9.0,75.0,5.0,11.54
2356,2015-05-29,10.0,76.54,14.23,39.62
2357,2015-05-29,11.0,70.0,30.0,46.0
2358,2015-05-29,12.0,75.45,33.5,65.0
2359,2015-05-29,13.0,80.91,39.0,80.45
2360,2015-05-29,14.0,93.33,38.21,55.42
2361,2015-05-29,15.0,85.0,33.33,63.18
2362,2015-05-29,16.0,100.0,38.33,65.0
2363,2015-05-29,17.0,92.0,38.64,62.5
2364,2015-05-29,18.0,63.08,24.17,61.82
2365,2015-05-29,19.0,75.38,18.75,65.0
2366,2015-05-29,20.0,92.67,14.69,34.33
2367,2015-05-29,21.0,54.17,5.0,27.31
2368,2015-05-29,22.0,45.0,7.5,18.0
2372,2015-05-30,8.0,44.62,5.0,5.56
2373,2015-05-30,9.0,54.23,7.92,14.23
2374,2015-05-30,10.0,80.0,20.0,37.5
2375,2015-05-30,11.0,78.18,36.11,38.57
2376,2015-05-30,12.0,90.0,,55.0
2377,2015-05-30,13.0,90.83,,61.67
2378,2015-05-30,14.0,75.45,,66.25
2379,2015-05-30,15.0,100.0,,66.0
2380,2015-05-30,16.0,98.18,,80.45
2381,2015-05-30,17.0,87.69,,64.5
2382,2015-05-30,18.0,75.45,25.0,
2383,2015-05-30,19.0,82.69,53.21,48.08
2384,2015-05-30,20.0,119.33,49.17,49.17
2385,2015-05-30,21.0,71.67,30.45,44.09
2386,2015-05-30,22.0,65.0,35.83,34.64
2391,2015-05-31,9.0,55.36,5.45,25.0
2392,2015-05-31,10.0,59.17,10.42,25.0
2393,2015-05-31,11.0,66.67,10.91,40.83
2394,2015-05-31,12.0,65.38,20.0,37.92
2395,2015-05-31,13.0,76.36,17.73,46.82
2396,2015-05-31,14.0,64.55,20.45,46.36
2397,2015-05-31,15.0,77.08,11.15,45.0
2398,2015-05-31,16.0,63.33,18.5,49.0
2400,2015-05-31,17.0,,12.5,23.08
2403,2015-06-01,8.0,50.0,5.0,5.42
2404,2015-06-01,9.0,60.0,7.73,23.93
2405,2015-06-01,10.0,68.5,31.67,44.5
2406,2015-06-01,11.0,78.18,36.36,62.73
2407,2015-06-01,12.0,90.71,40.38,69.55
2408,2015-06-01,13.0,65.83,38.46,69.23
2409,2015-06-01,14.0,69.17,38.33,76.67
2410,2015-06-01,15.0,87.27,33.18,60.45
2411,2015-06-01,16.0,84.58,30.83,67.5
2412,2015-06-01,17.0,80.0,38.46,61.43
2416,2015-06-01,18.0,,32.5,
2417,2015-06-01,19.0,,16.25,10.0
2413,2015-06-01,20.0,30.0,20.0,9.23
2418,2015-06-01,21.0,,5.0,20.0
2414,2015-06-01,22.0,53.75,5.0,8.75
2420,2015-06-02,9.0,50.71,5.0,5.45
2421,2015-06-02,10.0,75.0,11.36,27.69
2422,2015-06-02,11.0,81.25,30.62,34.0
2423,2015-06-02,12.0,83.33,37.5,52.5
2424,2015-06-02,13.0,80.0,39.17,56.15
2425,2015-06-02,14.0,80.91,41.0,47.73
2426,2015-06-02,15.0,85.0,48.18,42.5
2427,2015-06-02,16.0,72.31,41.67,47.5
2428,2015-06-02,17.0,82.5,48.33,43.33
2429,2015-06-02,18.0,60.0,21.0,28.64
2430,2015-06-02,19.0,49.17,12.08,18.46
2431,2015-06-02,20.0,50.0,7.22,7.5
2432,2015-06-02,21.0,40.0,6.11,5.91
2433,2015-06-02,22.0,35.83,5.0,6.67
2435,2015-06-03,9.0,60.0,7.86,10.0
2436,2015-06-03,10.0,82.5,20.0,29.58
2437,2015-06-03,11.0,94.17,41.54,40.91
2438,2015-06-03,12.0,71.54,34.58,59.58
2439,2015-06-03,13.0,70.91,38.5,70.45
2440,2015-06-03,14.0,88.33,41.67,55.42
2441,2015-06-03,15.0,86.67,32.31,61.67
2442,2015-06-03,16.0,85.83,39.17,61.67
2443,2015-06-03,17.0,79.17,28.46,64.17
2444,2015-06-03,18.0,53.33,24.17,59.58
2445,2015-06-03,19.0,65.45,33.33,50.45
2446,2015-06-03,20.0,84.55,19.44,39.55
2447,2015-06-03,21.0,64.55,5.0,20.91
2448,2015-06-03,22.0,40.0,7.5,24.58
2452,2015-06-04,9.0,60.0,5.83,24.64
2453,2015-06-04,10.0,67.5,21.07,41.79
2454,2015-06-04,11.0,84.17,31.07,69.17
2455,2015-06-04,12.0,70.0,34.17,70.0
2456,2015-06-04,13.0,65.0,35.42,74.58
2457,2015-06-04,14.0,75.83,31.0,61.67
2458,2015-06-04,15.0,78.33,25.77,66.25
2459,2015-06-04,16.0,69.17,31.79,64.62
2460,2015-06-04,17.0,68.33,24.62,72.5
2461,2015-06-04,18.0,70.0,17.5,43.33
2462,2015-06-04,19.0,59.23,16.36,46.79
2463,2015-06-04,20.0,75.56,20.83,44.0
2464,2015-06-04,21.0,62.5,11.0,22.0
2465,2015-06-04,22.0,49.23,7.08,26.07
2468,2015-06-05,9.0,62.0,5.0,7.69
2469,2015-06-05,10.0,80.0,12.86,32.69
2470,2015-06-05,11.0,55.0,33.93,41.54
2471,2015-06-05,12.0,64.62,25.77,55.38
2472,2015-06-05,13.0,78.33,28.75,53.18
2473,2015-06-05,14.0,61.25,32.5,44.58
2474,2015-06-05,15.0,70.0,22.31,43.18
2475,2015-06-05,16.0,83.0,30.0,44.5
2482,2015-06-05,17.0,,19.09,
2476,2015-06-05,18.0,80.0,20.83,16.25
2477,2015-06-05,19.0,80.0,6.82,47.27
2478,2015-06-05,20.0,72.0,13.75,35.5
2479,2015-06-05,21.0,68.33,8.18,16.82
2480,2015-06-05,22.0,50.42,5.83,8.85
2483,2015-06-06,8.0,40.91,8.75,5.0
2484,2015-06-06,9.0,77.5,6.25,11.67
2485,2015-06-06,10.0,87.5,15.77,20.42
2486,2015-06-06,11.0,67.5,34.0,41.36
2487,2015-06-06,12.0,75.45,45.0,68.75
2488,2015-06-06,13.0,100.0,42.22,63.18
2489,2015-06-06,14.0,112.5,41.25,67.27
2490,2015-06-06,15.0,92.5,47.5,67.08
2491,2015-06-06,16.0,90.0,52.5,
2492,2015-06-06,17.0,117.08,30.42,53.75
2493,2015-06-06,18.0,101.67,31.36,70.91
2494,2015-06-06,19.0,83.33,34.58,78.33
2495,2015-06-06,20.0,90.0,25.42,53.33
2496,2015-06-06,21.0,76.36,16.25,28.64
2497,2015-06-06,22.0,52.31,18.57,42.31
2502,2015-06-07,9.0,53.75,10.42,7.5
2503,2015-06-07,10.0,75.0,16.36,29.64
2504,2015-06-07,11.0,80.71,32.69,46.43
2505,2015-06-07,12.0,87.5,32.69,81.67
2506,2015-06-07,13.0,88.46,36.67,75.77
2507,2015-06-07,14.0,80.83,45.42,68.46
2508,2015-06-07,15.0,77.5,42.0,58.64
2509,2015-06-07,16.0,90.0,39.23,54.17
2510,2015-06-07,17.0,74.0,40.0,62.5
2511,2015-06-07,18.0,64.09,25.91,58.64
2512,2015-06-07,19.0,74.17,34.58,49.17
2513,2015-06-07,20.0,76.67,24.17,38.85
2514,2015-06-07,21.0,61.82,19.17,28.33
2515,2015-06-07,22.0,45.0,5.0,31.82
2518,2015-06-08,8.0,50.36,,5.0
2519,2015-06-08,9.0,66.54,,28.21
2520,2015-06-08,10.0,83.33,,46.79
2521,2015-06-08,11.0,87.5,,74.58
2522,2015-06-08,12.0,74.17,,78.64
2523,2015-06-08,13.0,83.33,,91.67
2524,2015-06-08,14.0,90.0,,111.67
2525,2015-06-08,15.0,84.55,,130.0
2526,2015-06-08,16.0,88.18,,104.09
2527,2015-06-08,17.0,107.5,,71.67
2528,2015-06-08,18.0,85.38,,55.42
2529,2015-06-08,19.0,68.33,,62.5
2530,2015-06-08,20.0,71.67,,48.75
2531,2015-06-08,21.0,61.82,,29.09
2532,2015-06-08,22.0,52.31,,29.17
2535,2015-06-09,8.0,43.85,,5.42
2536,2015-06-09,9.0,60.0,,26.54
2537,2015-06-09,10.0,68.64,,46.54
2538,2015-06-09,11.0,80.0,,66.43
2539,2015-06-09,12.0,60.0,,94.58
2549,2015-06-09,13.0,,,107.86
2540,2015-06-09,14.0,62.5,,80.0
2541,2015-06-09,15.0,120.0,,64.44
2542,2015-06-09,16.0,75.0,,76.82
2543,2015-06-09,17.0,105.83,,61.25
2544,2015-06-09,18.0,117.27,,60.0
2545,2015-06-09,19.0,102.5,,
2546,2015-06-09,21.0,40.0,,18.33
2547,2015-06-09,22.0,90.0,,9.58
2551,2015-06-10,8.0,48.75,,6.92
2552,2015-06-10,9.0,60.0,,34.64
2553,2015-06-10,10.0,72.31,,77.92
2554,2015-06-10,11.0,83.64,,61.54
2555,2015-06-10,12.0,82.22,,63.46
2556,2015-06-10,13.0,106.67,,65.83
2557,2015-06-10,14.0,100.0,,45.0
2558,2015-06-10,15.0,119.38,,38.57
2559,2015-06-10,16.0,127.14,,45.71
2560,2015-06-10,17.0,68.33,,41.25
2561,2015-06-10,18.0,64.17,,44.55
2562,2015-06-10,19.0,95.38,,37.69
2563,2015-06-10,20.0,68.64,,16.36
2564,2015-06-10,21.0,47.27,,17.14
2565,2015-06-10,22.0,43.64,,12.0
2570,2015-06-11,9.0,70.0,,23.82
2571,2015-06-11,10.0,72.22,,48.33
2572,2015-06-11,11.0,70.0,,44.23
2573,2015-06-11,12.0,80.0,,63.5
2574,2015-06-11,13.0,100.0,,72.73
2575,2015-06-11,14.0,110.83,,86.67
2576,2015-06-11,15.0,75.83,,69.09
2577,2015-06-11,16.0,73.33,,70.0
2578,2015-06-11,17.0,97.0,,66.0
2579,2015-06-11,18.0,70.83,,70.83
2580,2015-06-11,19.0,57.73,,85.91
2581,2015-06-11,20.0,71.54,,58.75
2582,2015-06-11,21.0,60.0,,41.82
2583,2015-06-11,22.0,50.77,,36.54
2586,2015-06-12,9.0,45.0,,13.08
2587,2015-06-12,10.0,58.46,,42.31
2588,2015-06-12,11.0,97.73,,45.45
2589,2015-06-12,12.0,107.5,,51.36
2590,2015-06-12,13.0,95.0,,76.92
2591,2015-06-12,14.0,87.5,,85.45
2592,2015-06-12,15.0,84.17,,70.0
2593,2015-06-12,16.0,102.31,,60.38
2594,2015-06-12,17.0,93.0,,47.92
2600,2015-06-12,18.0,,,52.73
2595,2015-06-12,19.0,69.0,,45.0
2596,2015-06-12,20.0,66.5,,42.5
2597,2015-06-12,21.0,102.0,,16.0
2598,2015-06-12,22.0,54.62,,22.92
2603,2015-06-13,9.0,30.0,,10.0
2617,2015-06-13,10.0,,,24.62
2604,2015-06-13,11.0,120.0,,45.36
2605,2015-06-13,12.0,77.69,,51.5
2606,2015-06-13,13.0,86.15,,57.92
2607,2015-06-13,14.0,118.33,,66.67
2608,2015-06-13,15.0,106.67,,58.33
2609,2015-06-13,16.0,91.11,,43.75
2610,2015-06-13,17.0,79.23,,50.0
2611,2015-06-13,18.0,72.73,,45.0
2612,2015-06-13,19.0,65.83,,43.08
2613,2015-06-13,20.0,74.62,,42.08
2614,2015-06-13,21.0,60.0,,17.92
2615,2015-06-13,22.0,49.09,,21.25
2621,2015-06-14,9.0,68.18,,8.64
2622,2015-06-14,10.0,78.33,,33.18
2623,2015-06-14,11.0,67.69,,37.69
2624,2015-06-14,12.0,51.67,,51.67
2625,2015-06-14,13.0,77.08,,81.54
2626,2015-06-14,14.0,81.67,,57.92
2627,2015-06-14,15.0,70.83,,41.67
2628,2015-06-14,16.0,80.0,,43.0
2629,2015-06-14,17.0,81.82,,50.0
2630,2015-06-14,18.0,49.62,,38.75
2631,2015-06-14,19.0,63.33,,35.83
2632,2015-06-14,20.0,74.17,,38.85
2633,2015-06-14,21.0,42.0,,20.45
2634,2015-06-14,22.0,54.62,,14.33
2638,2015-06-15,8.0,42.14,,5.0
2639,2015-06-15,9.0,65.0,,17.06
2640,2015-06-15,10.0,65.45,,41.25
2641,2015-06-15,11.0,76.15,,51.25
2642,2015-06-15,12.0,87.5,,63.75
2643,2015-06-15,13.0,84.0,,80.0
2644,2015-06-15,14.0,96.36,,59.55
2645,2015-06-15,15.0,90.83,,62.31
2646,2015-06-15,16.0,92.31,,62.08
2647,2015-06-15,17.0,100.0,,64.0
2648,2015-06-15,18.0,81.82,,58.64
2649,2015-06-15,19.0,71.0,,51.0
2650,2015-06-15,20.0,76.67,,40.0
2651,2015-06-15,21.0,86.67,,22.5
2652,2015-06-15,22.0,45.45,,20.83
2655,2015-06-16,8.0,36.92,,5.0
2656,2015-06-16,9.0,54.38,,14.0
2657,2015-06-16,10.0,67.5,,37.5
2658,2015-06-16,11.0,85.0,,63.0
2659,2015-06-16,12.0,71.54,,72.08
2660,2015-06-16,13.0,70.0,,77.27
2661,2015-06-16,14.0,79.29,,56.67
2662,2015-06-16,15.0,80.0,,55.5
2663,2015-06-16,16.0,73.0,,65.0
2664,2015-06-16,17.0,85.45,,61.25
2665,2015-06-16,18.0,65.38,,50.42
2666,2015-06-16,19.0,61.67,,52.69
2667,2015-06-16,20.0,81.43,,33.08
2668,2015-06-16,21.0,60.0,,25.45
2669,2015-06-16,22.0,42.92,,16.67
2672,2015-06-17,8.0,33.75,,5.83
2673,2015-06-17,9.0,45.0,,14.58
2674,2015-06-17,10.0,68.08,,37.31
2675,2015-06-17,11.0,61.82,,60.42
2676,2015-06-17,12.0,70.91,,69.58
2677,2015-06-17,13.0,70.0,,66.36
2678,2015-06-17,14.0,70.0,,43.89
2679,2015-06-17,15.0,60.0,,46.67
2680,2015-06-17,16.0,72.73,,65.0
2681,2015-06-17,17.0,77.5,,76.67
2682,2015-06-17,18.0,56.36,,50.45
2683,2015-06-17,19.0,66.67,,47.08
2684,2015-06-17,20.0,59.09,,37.73
2685,2015-06-17,21.0,54.44,,28.12
2686,2015-06-17,22.0,43.0,,32.73
2690,2015-06-18,9.0,60.0,,23.64
2691,2015-06-18,10.0,64.55,,42.27
2692,2015-06-18,11.0,81.82,,60.83
2693,2015-06-18,12.0,56.36,,54.58
2694,2015-06-18,13.0,70.0,,62.92
2695,2015-06-18,14.0,77.5,,58.85
2696,2015-06-18,15.0,62.73,,57.73
2697,2015-06-18,16.0,60.0,,70.42
2703,2015-06-18,17.0,,,56.11
2704,2015-06-18,18.0,,,63.5
2698,2015-06-18,19.0,60.0,,
2699,2015-06-18,20.0,82.5,,34.09
2700,2015-06-18,21.0,85.71,,28.57
2701,2015-06-18,22.0,48.0,,22.0
2706,2015-06-19,9.0,54.0,,10.91
2707,2015-06-19,10.0,61.25,,40.71
2708,2015-06-19,11.0,82.92,,50.91
2709,2015-06-19,12.0,78.46,,50.36
2710,2015-06-19,13.0,61.82,,52.73
2711,2015-06-19,14.0,62.5,,46.92
2712,2015-06-19,15.0,72.5,,41.25
2713,2015-06-19,16.0,66.67,,49.38
2714,2015-06-19,17.0,102.5,,46.67
2715,2015-06-19,18.0,100.0,,60.0
2716,2015-06-19,19.0,95.0,,14.0
2717,2015-06-19,20.0,56.67,,32.08
2718,2015-06-19,21.0,66.67,,7.78
2720,2015-06-19,22.0,,,12.73
2722,2015-06-20,9.0,48.75,,6.67
2723,2015-06-20,10.0,66.92,,36.67
2724,2015-06-20,11.0,61.82,,44.17
2725,2015-06-20,12.0,61.25,,49.44
2726,2015-06-20,13.0,76.92,,61.67
2727,2015-06-20,14.0,73.33,,43.0
2728,2015-06-20,16.0,63.89,,28.5
2729,2015-06-20,17.0,68.33,,41.67
2730,2015-06-20,18.0,75.0,,24.17
2731,2015-06-20,19.0,142.73,,41.67
2732,2015-06-20,20.0,76.54,,25.83
2733,2015-06-20,21.0,51.82,,10.45
2734,2015-06-20,22.0,56.0,,17.27
2737,2015-06-21,9.0,56.25,,10.0
2738,2015-06-21,10.0,64.58,,40.42
2739,2015-06-21,11.0,60.91,,45.91
2740,2015-06-21,12.0,75.0,,49.55
2752,2015-06-21,13.0,,,58.18
2741,2015-06-21,14.0,70.0,,59.62
2742,2015-06-21,15.0,70.0,,48.75
2743,2015-06-21,16.0,90.77,,43.33
2744,2015-06-21,17.0,85.83,,47.08
2745,2015-06-21,18.0,55.0,,40.0
2746,2015-06-21,19.0,77.27,,39.09
2747,2015-06-21,20.0,100.0,,31.67
2748,2015-06-21,21.0,54.58,,11.36
2749,2015-06-21,22.0,40.91,,16.0
2754,2015-06-22,8.0,37.5,,5.0
2755,2015-06-22,9.0,65.0,,14.58
2756,2015-06-22,10.0,64.58,,42.08
2757,2015-06-22,11.0,92.69,,54.17
2758,2015-06-22,12.0,104.17,,97.69
2759,2015-06-22,13.0,86.67,,71.67
2760,2015-06-22,14.0,80.0,,71.36
2761,2015-06-22,15.0,87.5,,61.67
2762,2015-06-22,16.0,94.55,,57.27
2763,2015-06-22,17.0,82.5,,82.5
2764,2015-06-22,18.0,58.33,,55.83
2765,2015-06-22,19.0,78.33,,50.0
2766,2015-06-22,20.0,74.29,,37.14
2767,2015-06-22,21.0,54.0,,27.5
2768,2015-06-22,22.0,49.09,,25.42
2771,2015-06-23,8.0,45.0,,5.0
2772,2015-06-23,9.0,45.0,,19.62
2773,2015-06-23,10.0,68.18,,38.0
2774,2015-06-23,11.0,105.5,,61.25
2775,2015-06-23,12.0,110.0,,88.08
2776,2015-06-23,13.0,70.0,,79.38
2777,2015-06-23,14.0,76.67,,90.0
2778,2015-06-23,15.0,78.33,,67.08
2779,2015-06-23,16.0,71.11,,56.0
2780,2015-06-23,17.0,80.0,,48.33
2781,2015-06-23,18.0,80.0,,50.0
2783,2015-06-23,22.0,,,18.33
2785,2015-06-24,8.0,53.18,,5.0
2786,2015-06-24,9.0,60.0,,24.55
2787,2015-06-24,10.0,65.45,,51.82
2788,2015-06-24,11.0,80.77,,69.29
2789,2015-06-24,12.0,90.0,,74.58
2790,2015-06-24,13.0,95.42,,75.0
2791,2015-06-24,14.0,89.09,,83.18
2792,2015-06-24,15.0,80.0,,79.17
2793,2015-06-24,16.0,88.33,,79.23
2794,2015-06-24,17.0,82.5,,71.25
2795,2015-06-24,19.0,120.0,,53.64
2796,2015-06-24,20.0,120.0,,58.46
2797,2015-06-24,21.0,82.5,,29.09
2798,2015-06-24,22.0,55.0,,34.23
2802,2015-06-25,9.0,75.0,,28.67
2803,2015-06-25,10.0,78.75,,49.64
2804,2015-06-25,11.0,82.73,,50.38
2805,2015-06-25,12.0,81.82,,68.33
2806,2015-06-25,13.0,95.45,,77.27
2807,2015-06-25,14.0,99.17,,61.25
2808,2015-06-25,15.0,78.33,,62.5
2809,2015-06-25,16.0,85.0,,50.56
2810,2015-06-25,17.0,135.0,,
2816,2015-06-25,18.0,,,32.5
2811,2015-06-25,19.0,75.71,,43.64
2812,2015-06-25,20.0,107.5,,49.58
2813,2015-06-25,21.0,101.82,,16.36
2814,2015-06-25,22.0,60.0,,22.08
2818,2015-06-26,9.0,53.08,,13.46
2819,2015-06-26,10.0,62.5,,55.0
2820,2015-06-26,11.0,89.09,,53.64
2821,2015-06-26,12.0,82.5,,62.5
2822,2015-06-26,13.0,95.83,,69.17
2823,2015-06-26,14.0,85.0,,63.0
2824,2015-06-26,15.0,80.0,,51.67
2825,2015-06-26,16.0,78.33,,48.75
2826,2015-06-26,17.0,65.83,,49.62
2827,2015-06-26,18.0,73.08,,42.92
2828,2015-06-26,19.0,92.73,,41.36
2829,2015-06-26,20.0,61.0,,36.5
2830,2015-06-26,21.0,62.73,,21.5
2831,2015-06-26,22.0,50.91,,21.82
2835,2015-06-27,9.0,55.0,,6.36
2836,2015-06-27,10.0,54.0,,33.64
2837,2015-06-27,11.0,66.92,,45.0
2838,2015-06-27,12.0,92.5,,56.25
2839,2015-06-27,13.0,90.83,,54.58
2840,2015-06-27,14.0,70.0,,50.0
2841,2015-06-27,15.0,76.0,,44.5
2842,2015-06-27,16.0,95.83,,51.67
2843,2015-06-27,17.0,77.27,,69.17
2844,2015-06-27,18.0,75.0,,44.55
2845,2015-06-27,19.0,82.0,,45.42
2846,2015-06-27,20.0,52.73,,36.82
2847,2015-06-27,21.0,50.0,,23.18
2848,2015-06-27,22.0,48.64,,31.5
2852,2015-06-28,9.0,45.0,,7.5
2853,2015-06-28,10.0,60.0,,30.0
2854,2015-06-28,11.0,79.0,,38.18
2855,2015-06-28,12.0,78.18,,37.73
2856,2015-06-28,13.0,70.0,,36.25
2857,2015-06-28,14.0,77.0,,39.0
2858,2015-06-28,15.0,73.33,,40.83
2859,2015-06-28,16.0,70.0,,59.09
2860,2015-06-28,17.0,69.17,,60.0
2861,2015-06-28,18.0,58.18,,34.17
2867,2015-06-28,19.0,,,60.42
2862,2015-06-28,20.0,60.0,,49.55
2863,2015-06-28,21.0,58.18,,18.18
2864,2015-06-28,22.0,45.0,,14.55
2869,2015-06-29,9.0,43.75,,8.0
2870,2015-06-29,10.0,60.5,,45.0
2871,2015-06-29,11.0,98.0,,58.5
2872,2015-06-29,12.0,84.55,,32.73
2873,2015-06-29,13.0,87.5,,20.0
2874,2015-06-29,14.0,81.82,,24.09
2875,2015-06-29,15.0,69.17,,39.17
2876,2015-06-29,16.0,93.64,,50.83
2877,2015-06-29,17.0,85.45,,58.85
2878,2015-06-29,18.0,60.45,,52.0
2879,2015-06-29,19.0,68.89,,47.78
2880,2015-06-29,20.0,90.0,,38.33
2881,2015-06-29,21.0,64.55,,15.45
2882,2015-06-29,22.0,43.85,,25.0
2885,2015-06-30,9.0,46.82,,9.58
2886,2015-06-30,10.0,65.77,,34.23
2887,2015-06-30,11.0,86.0,,62.0
2888,2015-06-30,12.0,71.67,,65.42
2889,2015-06-30,13.0,79.23,,80.83
2890,2015-06-30,14.0,93.64,,62.27
2891,2015-06-30,15.0,85.45,,61.36
2892,2015-06-30,16.0,86.0,,74.5
2893,2015-06-30,17.0,79.09,,70.0
2894,2015-06-30,18.0,65.0,,60.0
2895,2015-06-30,19.0,68.0,,58.5
2896,2015-06-30,20.0,68.57,,53.33
2897,2015-06-30,21.0,72.0,,24.5
2898,2015-06-30,22.0,47.69,,22.5
2902,2015-07-01,9.0,44.55,,21.15
2903,2015-07-01,10.0,64.17,,39.17
2904,2015-07-01,11.0,61.67,,55.0
2905,2015-07-01,12.0,70.0,,54.23
2906,2015-07-01,13.0,70.0,,47.14
2907,2015-07-01,14.0,74.17,,58.75
2908,2015-07-01,15.0,75.38,,55.83
2909,2015-07-01,16.0,77.5,,46.36
2910,2015-07-01,17.0,63.64,,61.67
2914,2015-07-01,18.0,,,45.0
2915,2015-07-01,19.0,,,49.09
2911,2015-07-01,20.0,30.0,,41.82
2912,2015-07-01,22.0,30.0,,8.33
2917,2015-07-02,9.0,53.75,,5.0
2918,2015-07-02,10.0,63.64,,27.73
2919,2015-07-02,11.0,67.27,,39.58
2920,2015-07-02,12.0,60.0,,53.64
2931,2015-07-02,13.0,,,65.0
2921,2015-07-02,14.0,90.0,,61.25
2922,2015-07-02,15.0,57.5,,50.83
2923,2015-07-02,16.0,91.0,,47.0
2924,2015-07-02,17.0,77.5,,60.0
2925,2015-07-02,18.0,67.78,,46.67
2926,2015-07-02,19.0,82.0,,43.33
2927,2015-07-02,20.0,65.71,,35.71
2928,2015-07-02,21.0,56.36,,16.88
2929,2015-07-02,22.0,47.14,,15.83
2933,2015-07-03,8.0,30.0,,5.0
2934,2015-07-03,9.0,45.38,,12.5
2935,2015-07-03,10.0,55.45,,30.42
2936,2015-07-03,11.0,62.5,,36.54
2937,2015-07-03,12.0,66.15,,43.46
2938,2015-07-03,13.0,61.67,,59.17
2939,2015-07-03,14.0,78.33,,50.83
2940,2015-07-03,15.0,70.91,,52.73
2941,2015-07-03,16.0,68.0,,61.0
2942,2015-07-03,17.0,64.0,,57.5
2943,2015-07-03,18.0,79.0,,52.5
2944,2015-07-03,21.0,80.0,,
2945,2015-07-03,22.0,45.42,,
2950,2015-07-04,8.0,34.5,,5.0
2951,2015-07-04,9.0,51.25,,9.58
2952,2015-07-04,10.0,76.0,,47.0
2953,2015-07-04,11.0,82.31,,64.17
2954,2015-07-04,12.0,85.45,,74.09
2955,2015-07-04,13.0,101.67,,81.11
2956,2015-07-04,14.0,106.67,,95.0
2957,2015-07-04,15.0,95.83,,88.33
2958,2015-07-04,16.0,100.0,,93.5
2959,2015-07-04,17.0,101.67,,101.67
2960,2015-07-04,18.0,103.64,,85.0
2961,2015-07-04,19.0,91.82,,66.82
2962,2015-07-04,20.0,67.5,,31.67
2963,2015-07-04,21.0,79.09,,14.55
2964,2015-07-04,22.0,78.18,,12.27
2967,2015-07-05,9.0,42.27,,5.0
2968,2015-07-05,10.0,60.56,,27.5
2969,2015-07-05,11.0,90.0,,49.09
2970,2015-07-05,12.0,90.91,,41.82
2971,2015-07-05,13.0,87.27,,41.5
2972,2015-07-05,14.0,113.33,,51.67
2973,2015-07-05,15.0,93.0,,43.0
2974,2015-07-05,16.0,85.0,,51.88
2975,2015-07-05,17.0,86.25,,43.75
2976,2015-07-05,19.0,82.5,,12.08
2977,2015-07-05,20.0,58.89,,10.45
2978,2015-07-05,21.0,24.17,,5.0
2979,2015-07-05,22.0,32.69,,5.0
2981,2015-07-06,9.0,43.85,,6.36
2982,2015-07-06,10.0,62.08,,35.0
2983,2015-07-06,11.0,87.27,,55.42
2984,2015-07-06,12.0,80.83,,65.0
2985,2015-07-06,13.0,82.5,,67.5
2986,2015-07-06,14.0,76.0,,54.0
2987,2015-07-06,15.0,69.17,,58.33
2988,2015-07-06,16.0,90.0,,59.09
2989,2015-07-06,17.0,86.36,,61.82
2990,2015-07-06,18.0,74.23,,57.92
2991,2015-07-06,19.0,70.0,,47.5
2992,2015-07-06,20.0,68.33,,27.5
2993,2015-07-06,21.0,50.0,,18.33
2994,2015-07-06,22.0,42.5,,15.0
2997,2015-07-07,9.0,46.92,,6.82
2998,2015-07-07,10.0,61.54,,33.75
2999,2015-07-07,11.0,104.58,,52.08
3000,2015-07-07,12.0,116.67,,81.25
3001,2015-07-07,13.0,100.0,,70.42
3002,2015-07-07,14.0,94.55,,60.42
3003,2015-07-07,15.0,120.0,,55.91
3004,2015-07-07,16.0,126.11,,76.5
3005,2015-07-07,17.0,81.0,,65.0
3006,2015-07-07,18.0,64.58,,48.33
3007,2015-07-07,19.0,85.0,,49.5
3008,2015-07-07,20.0,74.58,,55.83
3009,2015-07-07,21.0,72.0,,32.92
3010,2015-07-07,22.0,56.15,,35.83
3013,2015-07-08,9.0,52.92,,8.08
3014,2015-07-08,10.0,64.29,,37.31
3015,2015-07-08,11.0,72.73,,53.18
3016,2015-07-08,12.0,71.82,,59.09
3017,2015-07-08,13.0,70.0,,75.0
3018,2015-07-08,14.0,76.36,,65.45
3019,2015-07-08,15.0,93.64,,70.91
3020,2015-07-08,16.0,77.27,,69.09
3021,2015-07-08,17.0,76.67,,61.11
3022,2015-07-08,18.0,71.0,,52.0
3023,2015-07-08,19.0,91.67,,47.92
3024,2015-07-08,20.0,92.73,,38.21
3025,2015-07-08,21.0,44.44,,15.5
3026,2015-07-08,22.0,42.5,,22.92
3030,2015-07-09,9.0,45.0,,26.5
3031,2015-07-09,10.0,69.17,,41.15
3032,2015-07-09,11.0,94.17,,55.42
3033,2015-07-09,12.0,74.17,,57.31
3034,2015-07-09,13.0,82.5,,69.17
3035,2015-07-09,14.0,86.36,,69.55
3036,2015-07-09,15.0,74.55,,69.44
3037,2015-07-09,16.0,76.0,,120.0
3044,2015-07-09,17.0,,,120.0
3038,2015-07-09,18.0,90.0,,105.0
3039,2015-07-09,19.0,85.0,,61.0
3040,2015-07-09,20.0,96.36,,64.09
3041,2015-07-09,21.0,70.0,,45.0
3042,2015-07-09,22.0,40.71,,18.33
3045,2015-07-10,9.0,35.0,,8.0
3046,2015-07-10,10.0,71.82,,32.5
3047,2015-07-10,11.0,86.36,,38.08
3048,2015-07-10,12.0,74.17,,45.77
3049,2015-07-10,13.0,79.17,,64.23
3050,2015-07-10,14.0,90.0,,75.42
3051,2015-07-10,15.0,78.33,,52.08
3052,2015-07-10,16.0,73.33,,68.33
3053,2015-07-10,17.0,72.73,,74.58
3054,2015-07-10,18.0,82.22,,88.89
3059,2015-07-10,19.0,,,53.75
3055,2015-07-10,20.0,83.0,,43.33
3056,2015-07-10,21.0,86.67,,24.55
3057,2015-07-10,22.0,49.09,,11.82
3061,2015-07-11,9.0,60.83,,9.62
3062,2015-07-11,10.0,63.46,,38.46
3063,2015-07-11,11.0,60.77,,48.08
3064,2015-07-11,12.0,69.17,,65.0
3065,2015-07-11,13.0,82.0,,61.25
3066,2015-07-11,14.0,100.0,,52.86
3067,2015-07-11,15.0,85.83,,
3068,2015-07-11,16.0,75.0,,57.0
3069,2015-07-11,17.0,80.0,,76.43
3070,2015-07-11,18.0,93.75,,60.0
3071,2015-07-11,19.0,70.0,,
3072,2015-07-11,20.0,128.46,,44.17
3073,2015-07-11,21.0,80.0,,32.27
3074,2015-07-11,22.0,60.83,,29.09
3077,2015-07-12,9.0,38.18,,5.0
3078,2015-07-12,10.0,63.33,,23.75
3079,2015-07-12,11.0,78.46,,43.08
3080,2015-07-12,12.0,56.67,,53.33
3081,2015-07-12,13.0,67.5,,44.62
3082,2015-07-12,14.0,79.09,,50.0
3083,2015-07-12,15.0,70.0,,42.5
3084,2015-07-12,16.0,76.67,,67.5
3085,2015-07-12,17.0,87.78,,50.62
3086,2015-07-12,18.0,59.17,,62.92
3087,2015-07-12,19.0,68.89,,61.0
3088,2015-07-12,20.0,90.83,,31.25
3089,2015-07-12,21.0,56.82,,18.18
3090,2015-07-12,22.0,42.22,,8.89
3092,2015-07-13,8.0,32.73,,5.0
3093,2015-07-13,9.0,45.0,,10.42
3094,2015-07-13,10.0,54.62,,36.25
3095,2015-07-13,11.0,80.0,,66.67
3096,2015-07-13,12.0,74.62,,55.0
3097,2015-07-13,13.0,80.0,,65.45
3098,2015-07-13,14.0,80.0,,66.67
3099,2015-07-13,15.0,69.09,,59.55
3100,2015-07-13,16.0,78.0,,79.0
3101,2015-07-13,17.0,85.83,,63.08
3102,2015-07-13,18.0,66.67,,61.67
3103,2015-07-13,19.0,65.0,,52.08
3104,2015-07-13,20.0,84.17,,36.25
3105,2015-07-13,21.0,50.0,,25.42
3106,2015-07-13,22.0,38.46,,17.92
3108,2015-07-14,8.0,30.0,,5.0
3109,2015-07-14,9.0,71.25,,12.92
3110,2015-07-14,10.0,72.27,,39.62
3111,2015-07-14,11.0,63.0,,48.0
3112,2015-07-14,12.0,75.56,,64.5
3113,2015-07-14,13.0,80.0,,67.5
3114,2015-07-14,14.0,107.5,,65.0
3115,2015-07-14,15.0,80.0,,71.36
3116,2015-07-14,16.0,93.0,,70.5
3117,2015-07-14,17.0,91.11,,65.62
3118,2015-07-14,18.0,85.0,,59.38
3119,2015-07-14,19.0,77.78,,61.11
3120,2015-07-14,20.0,83.33,,48.33
3121,2015-07-14,21.0,60.0,,28.33
3122,2015-07-14,22.0,50.0,,31.11
3125,2015-07-15,8.0,37.5,,5.0
3126,2015-07-15,9.0,45.0,,20.83
3127,2015-07-15,10.0,65.0,,40.42
3128,2015-07-15,11.0,88.46,,57.08
3129,2015-07-15,12.0,76.67,,63.33
3130,2015-07-15,13.0,67.27,,59.5
3131,2015-07-15,14.0,84.55,,64.09
3132,2015-07-15,15.0,89.09,,66.25
3133,2015-07-15,16.0,78.18,,64.0
3134,2015-07-15,17.0,80.0,,60.56
3135,2015-07-15,18.0,70.0,,65.56
3136,2015-07-15,19.0,86.43,,61.67
3137,2015-07-15,20.0,80.0,,54.09
3138,2015-07-15,21.0,60.0,,22.73
3139,2015-07-15,22.0,46.67,,30.0
3143,2015-07-16,9.0,73.85,,28.21
3144,2015-07-16,10.0,79.29,,51.92
3145,2015-07-16,11.0,76.36,,
3146,2015-07-16,12.0,80.91,,
3147,2015-07-16,13.0,103.08,,61.0
3148,2015-07-16,14.0,80.0,,83.18
3149,2015-07-16,15.0,80.0,,72.14
3150,2015-07-16,16.0,90.0,,76.5
3151,2015-07-16,17.0,90.0,,83.75
3152,2015-07-16,18.0,73.33,,72.08
3153,2015-07-16,19.0,90.0,,70.0
3154,2015-07-16,20.0,99.17,,36.25
3155,2015-07-16,21.0,60.91,,31.36
3156,2015-07-16,22.0,49.58,,39.17
3159,2015-07-17,9.0,45.0,,7.5
3160,2015-07-17,10.0,80.91,,46.36
3161,2015-07-17,11.0,70.0,,42.08
3162,2015-07-17,12.0,63.0,,65.0
3163,2015-07-17,13.0,77.27,,71.36
3164,2015-07-17,14.0,90.0,,69.38
3165,2015-07-17,15.0,96.0,,61.0
3166,2015-07-17,16.0,73.64,,57.27
3167,2015-07-17,17.0,76.92,,52.86
3168,2015-07-17,18.0,88.33,,58.21
3169,2015-07-17,19.0,65.0,,37.5
3170,2015-07-17,20.0,60.0,,26.36
3171,2015-07-17,21.0,77.0,,11.5
3172,2015-07-17,22.0,57.5,,13.75
3175,2015-07-18,9.0,57.86,,9.23
3176,2015-07-18,10.0,55.0,,32.5
3177,2015-07-18,11.0,59.09,,40.91
3178,2015-07-18,12.0,74.62,,50.38
3179,2015-07-18,13.0,84.17,,59.17
3180,2015-07-18,14.0,95.71,,61.88
3181,2015-07-18,15.0,110.0,,50.0
3182,2015-07-18,16.0,95.0,,50.0
3183,2015-07-18,17.0,90.0,,59.17
3184,2015-07-18,18.0,97.27,,51.82
3185,2015-07-18,19.0,93.33,,54.58
3186,2015-07-18,20.0,88.33,,65.42
3187,2015-07-18,21.0,82.5,,20.91
3188,2015-07-18,22.0,42.5,,24.55
3193,2015-07-19,9.0,55.91,,10.0
3194,2015-07-19,10.0,65.38,,36.36
3195,2015-07-19,11.0,65.45,,50.38
3196,2015-07-19,12.0,85.38,,45.0
3197,2015-07-19,13.0,89.17,,56.92
3198,2015-07-19,14.0,88.0,,50.5
3199,2015-07-19,15.0,88.57,,54.29
3200,2015-07-19,16.0,98.33,,66.67
3201,2015-07-19,17.0,60.0,,52.0
3202,2015-07-19,18.0,58.0,,50.0
3207,2015-07-19,19.0,,,45.5
3203,2015-07-19,20.0,83.75,,33.64
3204,2015-07-19,21.0,42.14,,15.45
3205,2015-07-19,22.0,52.86,,15.83
3209,2015-07-20,8.0,31.07,,5.0
3210,2015-07-20,9.0,45.0,,14.67
3211,2015-07-20,10.0,73.18,,50.42
3212,2015-07-20,11.0,90.91,,58.64
3213,2015-07-20,12.0,72.73,,81.67
3214,2015-07-20,13.0,83.33,,82.92
3215,2015-07-20,14.0,108.33,,74.17
3216,2015-07-20,16.0,118.33,,72.08
3217,2015-07-20,17.0,125.0,,83.18
3218,2015-07-20,18.0,139.17,,89.17
3219,2015-07-20,19.0,77.5,,72.27
3220,2015-07-20,20.0,76.25,,40.83
3221,2015-07-20,21.0,97.5,,28.75
3222,2015-07-20,22.0,62.5,,31.36
3225,2015-07-21,8.0,35.45,,5.0
3226,2015-07-21,9.0,45.0,,20.38
3227,2015-07-21,10.0,67.5,,55.91
3228,2015-07-21,11.0,85.83,,65.0
3229,2015-07-21,12.0,74.29,,92.86
3230,2015-07-21,13.0,116.0,,95.0
3231,2015-07-21,14.0,140.0,,99.58
3232,2015-07-21,15.0,120.0,,93.12
3233,2015-07-21,16.0,120.0,,90.0
3234,2015-07-21,17.0,124.17,,70.83
3235,2015-07-21,18.0,133.33,,75.0
3236,2015-07-21,19.0,110.83,,65.42
3237,2015-07-21,20.0,110.0,,51.25
3238,2015-07-21,21.0,79.09,,37.27
3239,2015-07-21,22.0,53.64,,25.0
3242,2015-07-22,8.0,42.27,,3.89
3243,2015-07-22,9.0,50.0,,13.46
3244,2015-07-22,10.0,68.75,,40.38
3245,2015-07-22,11.0,95.0,,66.67
3254,2015-07-22,12.0,,,103.18
3255,2015-07-22,13.0,,,109.17
3256,2015-07-22,14.0,,,95.0
3246,2015-07-22,15.0,70.0,,120.0
3247,2015-07-22,16.0,144.0,,87.0
3248,2015-07-22,17.0,150.0,,97.0
3249,2015-07-22,18.0,135.0,,68.75
3250,2015-07-22,19.0,152.73,,67.73
3251,2015-07-22,20.0,140.71,,57.92
3252,2015-07-22,21.0,113.64,,20.45
3253,2015-07-22,22.0,44.62,,19.58
3260,2015-07-23,9.0,60.0,,34.62
3261,2015-07-23,10.0,63.08,,58.64
3262,2015-07-23,11.0,81.82,,57.31
3263,2015-07-23,12.0,66.36,,82.08
3264,2015-07-23,13.0,80.83,,67.5
3265,2015-07-23,14.0,109.17,,61.25
3266,2015-07-23,15.0,107.5,,58.21
3267,2015-07-23,16.0,85.38,,71.54
3268,2015-07-23,17.0,93.64,,74.09
3269,2015-07-23,18.0,96.67,,79.55
3270,2015-07-23,19.0,80.0,,50.91
3271,2015-07-23,20.0,90.83,,47.08
3272,2015-07-23,21.0,70.0,,29.55
3273,2015-07-23,22.0,42.5,,24.58
3276,2015-07-24,9.0,43.75,,9.58
3277,2015-07-24,10.0,63.75,,41.54
3278,2015-07-24,11.0,94.55,,53.75
3279,2015-07-24,12.0,84.55,,45.91
3280,2015-07-24,13.0,62.31,,64.23
3281,2015-07-24,14.0,79.09,,68.5
3282,2015-07-24,15.0,83.33,,43.5
3283,2015-07-24,16.0,130.0,,53.0
3284,2015-07-24,17.0,130.0,,53.75
3285,2015-07-24,18.0,113.33,,60.42
3286,2015-07-24,19.0,80.0,,50.45
3287,2015-07-24,20.0,83.33,,32.92
3288,2015-07-24,21.0,83.33,,14.5
3289,2015-07-24,22.0,50.83,,16.43
3292,2015-07-25,9.0,30.0,,6.82
3293,2015-07-25,10.0,54.55,,30.0
3294,2015-07-25,11.0,86.15,,50.42
3295,2015-07-25,12.0,86.36,,34.58
3296,2015-07-25,13.0,94.0,,95.91
3297,2015-07-25,14.0,100.0,,58.0
3298,2015-07-25,15.0,94.17,,55.71
3299,2015-07-25,16.0,92.86,,74.62
3300,2015-07-25,17.0,100.83,,63.75
3301,2015-07-25,18.0,80.0,,48.46
3302,2015-07-25,19.0,75.45,,44.09
3303,2015-07-25,20.0,90.0,,47.08
3304,2015-07-25,21.0,62.73,,25.91
3305,2015-07-25,22.0,49.62,,29.09
3309,2015-07-26,9.0,71.0,,6.36
3310,2015-07-26,10.0,49.33,,31.33
3311,2015-07-26,11.0,67.14,,41.43
3312,2015-07-26,12.0,85.0,,
3313,2015-07-26,13.0,88.33,,56.82
3314,2015-07-26,14.0,84.17,,70.0
3315,2015-07-26,15.0,73.0,,64.0
3316,2015-07-26,16.0,81.67,,70.42
3317,2015-07-26,17.0,75.38,,54.58
3318,2015-07-26,18.0,65.0,,58.33
3319,2015-07-26,19.0,70.0,,52.5
3320,2015-07-26,20.0,70.0,,40.42
3321,2015-07-26,21.0,69.09,,18.64
3322,2015-07-26,22.0,45.38,,12.92
3326,2015-07-27,9.0,37.5,,16.11
3327,2015-07-27,10.0,73.85,,37.92
3328,2015-07-27,11.0,85.83,,67.73
3329,2015-07-27,12.0,86.0,,83.89
3330,2015-07-27,13.0,82.92,,63.18
3331,2015-07-27,14.0,100.83,,71.67
3332,2015-07-27,15.0,127.86,,46.67
3333,2015-07-27,16.0,130.0,,86.82
3334,2015-07-27,17.0,130.0,,81.25
3335,2015-07-27,18.0,74.17,,86.25
3336,2015-07-27,19.0,97.27,,75.0
3337,2015-07-27,20.0,88.0,,52.5
3338,2015-07-27,21.0,78.33,,25.91
3339,2015-07-27,22.0,45.42,,29.58
3342,2015-07-28,8.0,30.0,,5.0
3343,2015-07-28,10.0,90.0,,30.0
3344,2015-07-28,14.0,120.0,,65.0
3345,2015-07-28,22.0,55.0,,
3346,2015-07-29,9.0,45.0,,35.0
3354,2015-07-29,10.0,,,70.0
3355,2015-07-29,11.0,,,75.0
3347,2015-07-29,12.0,88.33,,85.0
3356,2015-07-29,13.0,,,90.0
3348,2015-07-29,14.0,140.0,,65.0
3349,2015-07-29,19.0,135.0,,
3350,2015-07-29,20.0,130.0,,
3351,2015-07-29,21.0,118.33,,
3352,2015-07-29,22.0,75.0,,20.0
3357,2015-07-30,11.0,90.0,,
3360,2015-07-30,13.0,,,95.0
3361,2015-07-30,15.0,,,80.0
3358,2015-07-30,16.0,140.0,,
3359,2015-07-30,20.0,120.0,,30.0
3363,2015-07-31,9.0,54.0,,6.0
3376,2015-07-31,10.0,,,23.33
3364,2015-07-31,11.0,90.0,,68.64
3365,2015-07-31,12.0,77.14,,79.44
3366,2015-07-31,13.0,84.44,,81.5
3367,2015-07-31,14.0,113.33,,60.0
3368,2015-07-31,15.0,103.0,,58.33
3369,2015-07-31,16.0,88.0,,63.33
3370,2015-07-31,17.0,112.0,,64.0
3371,2015-07-31,18.0,96.67,,78.0
3372,2015-07-31,19.0,101.11,,71.11
3373,2015-07-31,20.0,110.0,,
3374,2015-07-31,22.0,80.0,,
3377,2015-08-01,9.0,45.0,,10.0
3378,2015-08-01,10.0,60.0,,36.5
3379,2015-08-01,11.0,81.11,,46.0
3380,2015-08-01,12.0,72.22,,51.67
3381,2015-08-01,13.0,71.67,,45.0
3382,2015-08-01,14.0,70.0,,18.33
3383,2015-08-01,15.0,75.62,,36.88
3384,2015-08-01,16.0,90.56,,60.0
3385,2015-08-01,17.0,90.0,,38.75
3386,2015-08-01,18.0,94.44,,44.44
3387,2015-08-01,19.0,86.67,,37.78
3389,2015-08-01,22.0,,,25.0
3391,2015-08-02,9.0,54.55,,5.0
3392,2015-08-02,10.0,65.0,,26.25
3393,2015-08-02,11.0,68.0,,34.38
3394,2015-08-02,12.0,62.22,,41.11
3395,2015-08-02,13.0,76.67,,40.62
3396,2015-08-02,14.0,83.33,,28.75
3397,2015-08-02,15.0,81.43,,26.5
3398,2015-08-02,16.0,84.44,,46.47
3399,2015-08-02,17.0,106.0,,70.0
3400,2015-08-02,18.0,121.36,,38.33
3401,2015-08-02,19.0,120.0,,
3402,2015-08-02,20.0,60.0,,
3403,2015-08-02,22.0,145.0,,
3405,2015-08-03,9.0,56.25,,5.0
3406,2015-08-03,10.0,66.25,,32.5
3407,2015-08-03,11.0,66.67,,39.0
3408,2015-08-03,12.0,66.67,,33.0
3409,2015-08-03,13.0,81.25,,50.0
3410,2015-08-03,14.0,90.0,,33.57
3411,2015-08-03,15.0,73.33,,42.5
3412,2015-08-03,16.0,83.75,,60.62
3413,2015-08-03,17.0,90.0,,58.12
3414,2015-08-03,18.0,66.11,,61.67
3415,2015-08-03,19.0,75.56,,60.56
3416,2015-08-03,20.0,81.11,,38.89
3417,2015-08-03,21.0,65.56,,23.89
3418,2015-08-03,22.0,41.0,,25.5
3422,2015-08-04,8.0,32.22,,7.5
3423,2015-08-04,9.0,50.0,,19.5
3424,2015-08-04,10.0,67.0,,47.78
3425,2015-08-04,11.0,78.57,,78.75
3426,2015-08-04,12.0,111.11,,103.33
3427,2015-08-04,13.0,120.0,,97.5
3428,2015-08-04,14.0,114.0,,88.33
3429,2015-08-04,15.0,96.25,,75.0
3430,2015-08-04,16.0,122.22,,75.56
3431,2015-08-04,17.0,150.0,,92.78
3432,2015-08-04,18.0,92.5,,99.44
3433,2015-08-04,19.0,119.0,,106.88
3434,2015-08-04,20.0,115.45,,99.44
3435,2015-08-04,21.0,110.0,,40.0
3436,2015-08-04,22.0,70.0,,27.5
3441,2015-08-05,8.0,40.91,,9.44
3442,2015-08-05,9.0,60.0,,25.0
3443,2015-08-05,10.0,60.0,,45.0
3444,2015-08-05,11.0,60.0,,65.0
3445,2015-08-05,12.0,82.22,,78.75
3446,2015-08-05,13.0,76.67,,101.11
3447,2015-08-05,14.0,72.22,,95.0
3448,2015-08-05,15.0,73.75,,58.12
3449,2015-08-05,16.0,88.57,,75.0
3450,2015-08-05,17.0,100.0,,100.0
3451,2015-08-05,19.0,116.67,,61.88
3452,2015-08-05,20.0,112.22,,69.44
3453,2015-08-05,21.0,100.0,,36.25
3454,2015-08-05,22.0,60.0,,31.0
3458,2015-08-06,9.0,60.0,,36.0
3459,2015-08-06,10.0,64.44,,49.5
3460,2015-08-06,11.0,63.0,,60.0
3461,2015-08-06,12.0,82.22,,68.89
3462,2015-08-06,13.0,100.0,,78.33
3463,2015-08-06,14.0,91.67,,70.0
3464,2015-08-06,15.0,70.0,,68.5
3465,2015-08-06,16.0,85.56,,91.11
3466,2015-08-06,17.0,95.56,,83.33
3467,2015-08-06,18.0,63.75,,72.5
3468,2015-08-06,19.0,68.89,,66.67
3469,2015-08-06,20.0,82.78,,66.67
3470,2015-08-06,21.0,102.5,,31.43
3471,2015-08-06,22.0,56.67,,37.0
3476,2015-08-07,9.0,46.5,,6.82
3477,2015-08-07,10.0,66.0,,31.07
3478,2015-08-07,11.0,71.11,,49.5
3479,2015-08-07,12.0,60.0,,57.0
3480,2015-08-07,13.0,60.0,,50.0
3481,2015-08-07,14.0,109.09,,59.44
3482,2015-08-07,15.0,96.0,,40.91
3483,2015-08-07,16.0,82.0,,63.89
3484,2015-08-07,17.0,95.56,,63.33
3485,2015-08-07,18.0,81.11,,56.11
3486,2015-08-07,19.0,72.22,,55.56
3487,2015-08-07,20.0,88.0,,40.0
3488,2015-08-07,21.0,68.12,,19.38
3489,2015-08-07,22.0,56.11,,16.67
3493,2015-08-08,8.0,46.67,,5.0
3494,2015-08-08,9.0,50.0,,9.55
3495,2015-08-08,10.0,47.27,,27.5
3496,2015-08-08,11.0,80.0,,36.67
3497,2015-08-08,12.0,90.0,,53.46
3498,2015-08-08,13.0,85.56,,76.11
3499,2015-08-08,14.0,70.0,,60.5
3500,2015-08-08,15.0,97.0,,48.89
3501,2015-08-08,16.0,110.0,,67.22
3502,2015-08-08,17.0,98.89,,71.67
3503,2015-08-08,18.0,77.78,,70.0
3504,2015-08-08,19.0,78.0,,50.0
3505,2015-08-08,20.0,88.89,,45.0
3506,2015-08-08,21.0,68.89,,36.88
3507,2015-08-08,22.0,86.67,,43.33
3513,2015-08-09,9.0,30.0,,6.5
3514,2015-08-09,10.0,66.0,,32.5
3515,2015-08-09,11.0,70.0,,37.78
3516,2015-08-09,12.0,70.0,,46.67
3517,2015-08-09,13.0,81.11,,45.0
3518,2015-08-09,14.0,89.09,,45.0
3519,2015-08-09,15.0,86.67,,41.67
3520,2015-08-09,16.0,76.67,,51.11
3521,2015-08-09,17.0,68.89,,45.56
3522,2015-08-09,18.0,68.0,,38.33
3523,2015-08-09,19.0,125.0,,46.67
3524,2015-08-09,20.0,60.0,,25.0
3525,2015-08-09,21.0,55.0,,16.25
3526,2015-08-09,22.0,43.0,,9.44
3530,2015-08-10,9.0,87.0,,8.12
3531,2015-08-10,10.0,64.38,,35.62
3532,2015-08-10,11.0,63.33,,50.0
3533,2015-08-10,12.0,75.56,,61.11
3534,2015-08-10,13.0,71.43,,77.86
3535,2015-08-10,14.0,78.89,,66.11
3536,2015-08-10,15.0,96.25,,55.0
3537,2015-08-10,16.0,102.5,,75.62
3538,2015-08-10,17.0,88.75,,65.0
3539,2015-08-10,18.0,71.11,,57.22
3540,2015-08-10,19.0,63.0,,56.67
3541,2015-08-10,20.0,83.33,,53.33
3542,2015-08-10,21.0,57.5,,25.0
3543,2015-08-10,22.0,41.11,,22.78
3547,2015-08-11,9.0,37.5,,10.0
3548,2015-08-11,10.0,60.0,,33.33
3549,2015-08-11,11.0,109.09,,48.57
3550,2015-08-11,12.0,95.71,,70.0
3551,2015-08-11,13.0,77.5,,66.67
3552,2015-08-11,14.0,74.44,,70.0
3553,2015-08-11,15.0,83.75,,78.12
3554,2015-08-11,16.0,93.33,,86.67
3555,2015-08-11,17.0,86.67,,81.67
3556,2015-08-11,18.0,90.0,,70.83
3557,2015-08-11,19.0,103.33,,83.89
3558,2015-08-11,20.0,112.5,,62.5
3559,2015-08-11,21.0,67.5,,21.43
3560,2015-08-11,22.0,55.56,,32.78
3564,2015-08-12,9.0,30.0,,14.44
3565,2015-08-12,10.0,90.0,,35.45
3566,2015-08-12,11.0,71.0,,42.22
3567,2015-08-12,12.0,104.44,,70.0
3568,2015-08-12,13.0,121.88,,78.33
3569,2015-08-12,14.0,105.71,,71.25
3570,2015-08-12,15.0,61.25,,72.5
3571,2015-08-12,16.0,90.0,,61.67
3572,2015-08-12,17.0,90.0,,77.22
3573,2015-08-12,18.0,101.0,,63.33
3574,2015-08-12,19.0,81.11,,51.11
3575,2015-08-12,20.0,80.0,,36.67
3576,2015-08-12,21.0,80.0,,27.5
3578,2015-08-12,22.0,,,25.62
3582,2015-08-13,9.0,45.0,,26.67
3583,2015-08-13,10.0,57.0,,38.89
3584,2015-08-13,11.0,57.0,,48.5
3585,2015-08-13,12.0,64.29,,47.14
3586,2015-08-13,13.0,81.0,,53.0
3587,2015-08-13,14.0,91.67,,59.44
3588,2015-08-13,15.0,109.55,,45.56
3589,2015-08-13,16.0,122.5,,65.0
3590,2015-08-13,17.0,126.67,,38.75
3591,2015-08-13,18.0,120.0,,47.22
3592,2015-08-13,19.0,80.0,,46.88
3593,2015-08-13,20.0,62.78,,28.75
3594,2015-08-13,21.0,80.0,,13.57
3595,2015-08-13,22.0,50.56,,16.11
3599,2015-08-14,9.0,50.0,,10.45
3600,2015-08-14,10.0,62.5,,34.17
3601,2015-08-14,11.0,78.18,,48.33
3602,2015-08-14,12.0,83.33,,56.25
3603,2015-08-14,13.0,85.0,,68.12
3604,2015-08-14,14.0,90.0,,
3605,2015-08-14,15.0,90.0,,
3606,2015-08-14,16.0,90.0,,
3607,2015-08-14,17.0,98.0,,
3612,2015-08-14,19.0,,,97.5
3608,2015-08-14,20.0,90.0,,21.11
3609,2015-08-14,21.0,81.25,,25.62
3610,2015-08-14,22.0,38.89,,22.78
3615,2015-08-15,8.0,30.0,,5.0
3616,2015-08-15,9.0,46.67,,6.5
3617,2015-08-15,10.0,68.18,,32.27
3618,2015-08-15,11.0,78.0,,38.33
3619,2015-08-15,12.0,70.77,,58.64
3620,2015-08-15,13.0,91.11,,70.0
3621,2015-08-15,14.0,106.67,,75.71
3622,2015-08-15,15.0,100.0,,
3623,2015-08-15,16.0,90.0,,
3624,2015-08-15,20.0,90.0,,
3625,2015-08-15,21.0,61.25,,18.12
3626,2015-08-15,22.0,50.0,,15.56
3632,2015-08-16,9.0,61.5,,14.09
3633,2015-08-16,10.0,65.0,,39.44
3634,2015-08-16,11.0,69.44,,38.18
3635,2015-08-16,12.0,81.11,,63.75
3636,2015-08-16,13.0,104.29,,58.57
3637,2015-08-16,14.0,112.86,,45.0
3638,2015-08-16,15.0,100.0,,50.56
3639,2015-08-16,16.0,78.75,,61.25
3640,2015-08-16,17.0,110.0,,31.67
3641,2015-08-16,18.0,65.0,,38.89
3642,2015-08-16,19.0,80.0,,39.44
3643,2015-08-16,20.0,72.5,,32.86
3644,2015-08-16,21.0,47.5,,8.75
3645,2015-08-16,22.0,37.5,,6.25
3649,2015-08-17,9.0,47.78,,8.33
3650,2015-08-17,10.0,68.75,,43.33
3651,2015-08-17,11.0,88.89,,63.5
3652,2015-08-17,12.0,86.67,,77.5
3653,2015-08-17,13.0,95.0,,82.22
3654,2015-08-17,14.0,94.44,,67.5
3655,2015-08-17,15.0,106.67,,70.56
3656,2015-08-17,16.0,134.0,,55.71
3662,2015-08-17,17.0,,,49.38
3663,2015-08-17,18.0,,,45.0
3657,2015-08-17,19.0,130.0,,43.89
3658,2015-08-17,20.0,118.57,,37.14
3659,2015-08-17,21.0,55.0,,19.38
3660,2015-08-17,22.0,50.0,,22.78
3666,2015-08-18,9.0,52.5,,18.33
3667,2015-08-18,10.0,60.0,,45.56
3668,2015-08-18,11.0,91.11,,51.25
3669,2015-08-18,12.0,97.78,,73.89
3670,2015-08-18,13.0,90.0,,73.33
3671,2015-08-18,14.0,93.33,,76.67
3672,2015-08-18,15.0,109.44,,76.67
3673,2015-08-18,16.0,102.22,,73.0
3674,2015-08-18,17.0,80.0,,68.75
3675,2015-08-18,18.0,70.0,,62.5
3676,2015-08-18,19.0,90.0,,60.56
3677,2015-08-18,20.0,110.0,,44.44
3678,2015-08-18,21.0,97.5,,25.0
3679,2015-08-18,22.0,51.5,,23.33
3683,2015-08-19,9.0,48.75,,12.5
3684,2015-08-19,10.0,75.0,,40.56
3685,2015-08-19,11.0,83.12,,52.5
3686,2015-08-19,12.0,77.78,,72.22
3687,2015-08-19,13.0,74.44,,69.44
3688,2015-08-19,14.0,83.33,,67.78
3689,2015-08-19,15.0,80.0,,59.38
3690,2015-08-19,16.0,70.0,,81.67
3697,2015-08-19,17.0,,,65.0
3691,2015-08-19,18.0,122.5,,46.25
3692,2015-08-19,19.0,105.0,,62.22
3693,2015-08-19,20.0,80.0,,58.89
3694,2015-08-19,21.0,80.0,,18.12
3695,2015-08-19,22.0,48.89,,25.62
3701,2015-08-20,9.0,56.67,,22.0
3702,2015-08-20,10.0,68.33,,61.11
3703,2015-08-20,11.0,86.11,,48.33
3704,2015-08-20,13.0,70.0,,
3705,2015-08-20,15.0,110.0,,
3706,2015-08-20,21.0,60.0,,15.0
3708,2015-08-20,22.0,,,7.5
3709,2015-08-21,9.0,90.0,,
3710,2015-08-21,10.0,90.0,,
3711,2015-08-21,11.0,95.0,,40.0
3713,2015-08-21,13.0,,,87.5
3714,2015-08-21,14.0,,,80.0
3715,2015-08-21,15.0,,,70.0
3712,2015-08-21,17.0,80.0,,
3716,2015-08-21,18.0,,,90.0
3717,2015-08-21,21.0,,,20.0
3724,2015-08-22,9.0,,,10.0
3725,2015-08-22,10.0,,,40.0
3726,2015-08-22,11.0,,,55.0
3718,2015-08-22,12.0,70.0,,
3719,2015-08-22,13.0,80.0,,
3720,2015-08-22,16.0,90.0,,
3721,2015-08-22,20.0,110.0,,
3722,2015-08-22,22.0,60.0,,38.0
3731,2015-08-23,9.0,53.75,,6.67
3732,2015-08-23,10.0,62.73,,30.0
3733,2015-08-23,11.0,79.5,,30.0
3734,2015-08-23,12.0,62.22,,41.88
3735,2015-08-23,13.0,60.0,,44.44
3736,2015-08-23,14.0,64.44,,40.0
3737,2015-08-23,15.0,78.57,,37.14
3738,2015-08-23,16.0,90.0,,63.64
3739,2015-08-23,17.0,85.0,,33.0
3740,2015-08-23,18.0,50.0,,44.09
3741,2015-08-23,19.0,64.44,,32.86
3742,2015-08-23,20.0,75.56,,25.56
3743,2015-08-23,21.0,60.0,,11.67
3744,2015-08-23,22.0,60.0,,5.0
3747,2015-08-24,9.0,48.33,,6.67
3748,2015-08-24,10.0,52.14,,25.0
3749,2015-08-24,11.0,66.67,,47.78
3750,2015-08-24,12.0,62.22,,45.62
3751,2015-08-24,13.0,70.0,,55.0
3752,2015-08-24,14.0,110.0,,42.86
3753,2015-08-24,15.0,88.0,,35.56
3754,2015-08-24,16.0,62.5,,39.38
3755,2015-08-24,17.0,94.44,,36.11
3756,2015-08-24,18.0,97.78,,48.33
3757,2015-08-24,19.0,52.22,,
3758,2015-08-24,20.0,60.0,,26.67
3759,2015-08-24,21.0,46.0,,16.67
3760,2015-08-24,22.0,41.11,,8.89
3763,2015-08-25,9.0,51.82,,
3764,2015-08-25,10.0,63.0,,30.0
3765,2015-08-25,11.0,73.33,,50.0
3766,2015-08-25,12.0,63.33,,52.22
3767,2015-08-25,13.0,72.86,,67.86
3768,2015-08-25,14.0,82.22,,39.44
3769,2015-08-25,15.0,72.22,,50.0
3770,2015-08-25,16.0,74.55,,57.78
3771,2015-08-25,17.0,66.25,,58.33
3772,2015-08-25,18.0,54.44,,60.0
3773,2015-08-25,19.0,71.11,,41.0
3774,2015-08-25,20.0,69.0,,41.0
3775,2015-08-25,21.0,40.91,,22.22
3776,2015-08-25,22.0,56.15,,
3779,2015-08-26,9.0,43.33,,6.15
3780,2015-08-26,10.0,53.57,,25.0
3781,2015-08-26,11.0,64.44,,49.44
3782,2015-08-26,12.0,63.75,,48.75
3783,2015-08-26,13.0,66.67,,57.22
3784,2015-08-26,14.0,67.14,,52.5
3785,2015-08-26,15.0,55.56,,41.11
3786,2015-08-26,16.0,68.0,,37.0
3787,2015-08-26,17.0,66.25,,20.0
3788,2015-08-26,18.0,45.0,,16.25
3789,2015-08-26,19.0,81.25,,20.56
3790,2015-08-26,20.0,85.0,,36.43
3791,2015-08-26,21.0,39.44,,
3792,2015-08-26,22.0,43.0,,9.17
3796,2015-08-27,9.0,45.0,,25.5
3797,2015-08-27,10.0,61.88,,39.38
3798,2015-08-27,11.0,76.0,,36.67
3808,2015-08-27,14.0,,,19.17
3799,2015-08-27,15.0,80.0,,38.33
3800,2015-08-27,16.0,80.0,,45.56
3801,2015-08-27,17.0,125.71,,49.17
3802,2015-08-27,18.0,121.25,,40.62
3803,2015-08-27,19.0,72.0,,36.11
3804,2015-08-27,20.0,54.44,,30.0
3805,2015-08-27,21.0,78.33,,15.71
3806,2015-08-27,22.0,43.33,,12.22
3810,2015-08-28,9.0,59.0,,10.56
3811,2015-08-28,10.0,60.83,,21.82
3812,2015-08-28,11.0,51.25,,35.42
3813,2015-08-28,12.0,57.5,,38.5
3814,2015-08-28,13.0,90.0,,51.82
3815,2015-08-28,14.0,86.0,,50.0
3816,2015-08-28,15.0,75.0,,36.88
3817,2015-08-28,16.0,85.56,,35.56
3818,2015-08-28,18.0,80.0,,16.25
3819,2015-08-28,19.0,51.82,,24.0
3820,2015-08-28,20.0,82.0,,15.0
3821,2015-08-28,21.0,75.0,,8.57
3822,2015-08-28,22.0,37.78,,10.0
3825,2015-08-29,9.0,41.25,,8.12
3826,2015-08-29,10.0,46.36,,25.91
3827,2015-08-29,11.0,55.0,,30.56
3828,2015-08-29,12.0,80.0,,50.91
3829,2015-08-29,13.0,80.0,,55.0
3830,2015-08-29,14.0,62.86,,
3831,2015-08-29,15.0,80.0,,49.29
3832,2015-08-29,16.0,86.67,,43.89
3833,2015-08-29,17.0,62.5,,56.25
3834,2015-08-29,18.0,60.0,,46.88
3835,2015-08-29,22.0,32.5,,35.0
3840,2015-08-30,9.0,40.71,,5.0
3854,2015-08-30,10.0,,,25.62
3841,2015-08-30,11.0,75.0,,22.78
3842,2015-08-30,12.0,84.0,,44.0
3843,2015-08-30,13.0,94.55,,31.67
3844,2015-08-30,14.0,115.56,,50.62
3845,2015-08-30,15.0,84.29,,35.0
3846,2015-08-30,16.0,75.0,,19.44
3847,2015-08-30,17.0,65.0,,17.5
3848,2015-08-30,18.0,44.55,,18.33
3849,2015-08-30,19.0,65.0,,20.0
3850,2015-08-30,20.0,73.33,,12.5
3851,2015-08-30,21.0,39.38,,5.0
3852,2015-08-30,22.0,41.11,,5.0
3856,2015-08-31,9.0,33.0,,5.0
3857,2015-08-31,10.0,65.0,,16.25
3858,2015-08-31,11.0,48.89,,31.67
3859,2015-08-31,12.0,53.33,,17.5
3860,2015-08-31,13.0,74.44,,20.56
3861,2015-08-31,14.0,48.75,,17.73
3862,2015-08-31,15.0,49.0,,10.5
3863,2015-08-31,16.0,43.89,,10.56
3864,2015-08-31,17.0,51.43,,8.12
3865,2015-08-31,18.0,71.25,,9.0
3866,2015-08-31,19.0,38.5,,12.22
3867,2015-08-31,20.0,48.75,,6.88
3868,2015-08-31,21.0,26.25,,5.0
3869,2015-08-31,22.0,25.56,,5.0
3871,2015-09-01,9.0,30.0,,5.0
3872,2015-09-01,10.0,52.22,,12.5
3873,2015-09-01,11.0,46.0,,25.0
3874,2015-09-01,12.0,58.89,,24.44
3875,2015-09-01,13.0,72.22,,30.0
3876,2015-09-01,14.0,43.33,,
3877,2015-09-01,15.0,53.33,,
3878,2015-09-01,16.0,57.14,,
3879,2015-09-01,17.0,53.75,,20.0
3880,2015-09-01,18.0,41.0,,30.0
3881,2015-09-01,19.0,43.33,,56.0
3882,2015-09-01,20.0,34.44,,
3883,2015-09-01,21.0,32.5,,
3887,2015-09-02,9.0,30.0,,5.0
3888,2015-09-02,10.0,45.0,,6.67
3889,2015-09-02,11.0,56.67,,
3890,2015-09-02,12.0,67.78,,37.14
3891,2015-09-02,13.0,85.0,,42.0
3892,2015-09-02,14.0,46.5,,27.78
3893,2015-09-02,15.0,58.0,,20.56
3894,2015-09-02,16.0,66.67,,21.5
3895,2015-09-02,17.0,46.0,,38.89
3896,2015-09-02,18.0,48.89,,11.0
3897,2015-09-02,19.0,67.0,,17.5
3898,2015-09-02,20.0,53.0,,12.78
3899,2015-09-02,21.0,29.44,,6.88
3903,2015-09-03,9.0,30.0,,7.0
3904,2015-09-03,10.0,48.75,,23.64
3905,2015-09-03,11.0,38.18,,27.92
3906,2015-09-03,12.0,47.0,,26.0
3907,2015-09-03,13.0,51.25,,36.67
3908,2015-09-03,14.0,46.25,,39.38
3909,2015-09-03,15.0,56.25,,23.89
3910,2015-09-03,16.0,67.0,,40.0
3911,2015-09-03,17.0,47.5,,36.25
3912,2015-09-03,18.0,43.33,,47.5
3913,2015-09-03,19.0,56.25,,49.29
3914,2015-09-03,20.0,51.11,,30.0
3915,2015-09-03,21.0,33.33,,16.67
3916,2015-09-03,22.0,41.25,,6.25
3919,2015-09-04,9.0,43.75,,6.67
3920,2015-09-04,10.0,44.44,,13.12
3921,2015-09-04,11.0,40.0,,24.0
3922,2015-09-04,12.0,49.09,,32.0
3923,2015-09-04,13.0,70.0,,33.12
3924,2015-09-04,14.0,52.22,,28.89
3925,2015-09-04,15.0,46.67,,26.11
3926,2015-09-04,16.0,50.0,,30.0
3927,2015-09-04,17.0,60.0,,14.17
3928,2015-09-04,18.0,52.22,,14.38
3929,2015-09-04,19.0,55.71,,18.57
3930,2015-09-04,20.0,54.44,,12.22
3931,2015-09-04,21.0,27.78,,5.0
3933,2015-09-05,11.0,58.12,,32.86
3934,2015-09-05,12.0,78.89,,65.0
3935,2015-09-05,13.0,80.0,,46.67
3936,2015-09-05,14.0,68.57,,52.86
3937,2015-09-05,15.0,73.33,,59.17
3938,2015-09-05,16.0,90.0,,53.33
3939,2015-09-05,17.0,93.33,,57.22
3940,2015-09-05,18.0,98.75,,54.44
3941,2015-09-05,19.0,68.18,,40.0
3942,2015-09-05,20.0,75.56,,36.88
3943,2015-09-05,21.0,90.0,,25.71
3944,2015-09-05,22.0,43.0,,19.44
3950,2015-09-06,9.0,52.22,,10.0
3951,2015-09-06,10.0,63.75,,37.27
3952,2015-09-06,11.0,60.0,,33.64
3953,2015-09-06,12.0,73.75,,32.0
3954,2015-09-06,13.0,74.55,,
3955,2015-09-06,14.0,77.78,,50.0
3956,2015-09-06,15.0,80.0,,60.0
3957,2015-09-06,17.0,80.0,,23.75
3958,2015-09-06,18.0,80.0,,48.89
3959,2015-09-06,19.0,80.0,,51.11
3960,2015-09-06,20.0,70.0,,21.25
3961,2015-09-06,21.0,53.75,,19.38
3962,2015-09-06,22.0,51.25,,11.25
3966,2015-09-07,9.0,41.07,,5.62
3967,2015-09-07,10.0,61.25,,23.89
3968,2015-09-07,11.0,69.0,,28.75
3969,2015-09-07,12.0,62.78,,29.62
3970,2015-09-07,13.0,72.5,,27.78
3971,2015-09-07,14.0,75.56,,22.22
3972,2015-09-07,15.0,46.25,,22.14
3973,2015-09-07,16.0,71.0,,25.56
3974,2015-09-07,17.0,46.67,,19.09
3975,2015-09-07,18.0,53.64,,17.0
3976,2015-09-07,19.0,46.11,,16.67
3977,2015-09-07,20.0,47.14,,15.0
3978,2015-09-07,21.0,35.56,,5.0
3979,2015-09-07,22.0,30.0,,5.0
3982,2015-09-08,9.0,41.25,,7.22
3983,2015-09-08,10.0,61.67,,24.44
3984,2015-09-08,11.0,54.44,,35.0
3985,2015-09-08,12.0,53.0,,35.0
3986,2015-09-08,13.0,56.0,,37.5
3987,2015-09-08,14.0,50.0,,28.75
3988,2015-09-08,15.0,48.89,,25.0
3989,2015-09-08,16.0,83.5,,29.44
3990,2015-09-08,17.0,94.44,,38.12
3991,2015-09-08,18.0,62.5,,28.75
3996,2015-09-08,19.0,,,19.44
3992,2015-09-08,20.0,37.5,,17.22
3998,2015-09-09,9.0,38.18,,5.0
3999,2015-09-09,10.0,55.5,,14.17
4000,2015-09-09,11.0,48.57,,22.14
4001,2015-09-09,12.0,52.5,,33.89
4002,2015-09-09,13.0,57.5,,32.22
4003,2015-09-09,14.0,53.33,,26.25
4004,2015-09-09,15.0,51.67,,29.44
4005,2015-09-09,16.0,52.0,,24.44
4006,2015-09-09,17.0,50.0,,26.0
4007,2015-09-09,18.0,50.0,,23.33
4008,2015-09-09,19.0,45.42,,16.67
4009,2015-09-09,20.0,38.75,,10.0
4012,2015-09-10,9.0,45.0,,6.67
4013,2015-09-10,10.0,57.78,,29.5
4014,2015-09-10,11.0,89.0,,28.33
4015,2015-09-10,12.0,43.75,,42.5
4016,2015-09-10,13.0,56.67,,32.78
4017,2015-09-10,14.0,61.43,,31.88
4018,2015-09-10,15.0,48.75,,30.0
4019,2015-09-10,16.0,60.0,,31.88
4020,2015-09-10,17.0,60.0,,33.33
4021,2015-09-10,18.0,60.0,,35.56
4022,2015-09-10,19.0,60.0,,40.62
4023,2015-09-10,20.0,50.0,,20.0
4024,2015-09-10,21.0,35.91,,5.0
4027,2015-09-11,9.0,33.0,,5.0
4028,2015-09-11,10.0,54.29,,22.22
4029,2015-09-11,11.0,42.22,,28.12
4030,2015-09-11,12.0,53.75,,22.22
4031,2015-09-11,13.0,70.0,,29.38
4032,2015-09-11,14.0,42.0,,27.14
4033,2015-09-11,15.0,48.89,,28.12
4034,2015-09-11,16.0,86.67,,33.64
4035,2015-09-11,17.0,68.75,,45.0
4036,2015-09-11,18.0,43.0,,34.29
4039,2015-09-12,9.0,54.0,,5.0
4040,2015-09-12,10.0,63.75,,17.73
4041,2015-09-12,11.0,62.86,,17.14
4042,2015-09-12,12.0,63.33,,30.56
4043,2015-09-12,13.0,76.36,,28.33
4044,2015-09-12,14.0,69.0,,26.88
4045,2015-09-12,15.0,55.71,,18.75
4049,2015-09-12,16.0,,,25.0
4046,2015-09-12,17.0,86.25,,37.78
4047,2015-09-12,18.0,82.5,,48.12
4051,2015-09-13,9.0,45.0,,5.0
4052,2015-09-13,10.0,50.0,,15.83
4053,2015-09-13,11.0,50.0,,15.0
4054,2015-09-13,12.0,70.0,,32.5
4055,2015-09-13,13.0,67.78,,35.56
4056,2015-09-13,14.0,86.36,,45.0
4057,2015-09-13,15.0,98.0,,32.78
4058,2015-09-13,16.0,103.33,,36.5
4059,2015-09-13,17.0,65.56,,34.38
4060,2015-09-13,18.0,68.0,,32.22
4061,2015-09-13,19.0,98.89,,32.92
4062,2015-09-13,20.0,75.42,,33.5
4063,2015-09-13,21.0,42.22,,6.88
4066,2015-09-14,9.0,43.64,,5.91
4067,2015-09-14,10.0,70.5,,26.11
4068,2015-09-14,11.0,82.0,,33.75
4069,2015-09-14,12.0,71.11,,64.44
4070,2015-09-14,13.0,77.0,,52.78
4071,2015-09-14,14.0,88.89,,46.25
4072,2015-09-14,15.0,75.56,,39.5
4073,2015-09-14,16.0,62.5,,46.25
4074,2015-09-14,17.0,90.0,,47.78
4075,2015-09-14,18.0,87.78,,44.44
4076,2015-09-14,19.0,61.25,,38.75
4077,2015-09-14,20.0,46.0,,11.11
4078,2015-09-14,21.0,37.22,,5.62
4081,2015-09-15,9.0,41.67,,5.0
4082,2015-09-15,10.0,49.38,,12.5
4083,2015-09-15,11.0,61.11,,23.33
4084,2015-09-15,12.0,54.44,,37.0
4085,2015-09-15,13.0,60.0,,34.38
4086,2015-09-15,14.0,45.0,,36.43
4087,2015-09-15,15.0,60.56,,29.44
4088,2015-09-15,16.0,85.0,,33.57
4089,2015-09-15,17.0,100.0,,23.75
4090,2015-09-15,18.0,65.56,,10.62
4098,2015-09-16,9.0,42.22,,5.56
4099,2015-09-16,10.0,63.33,,18.64
4100,2015-09-16,11.0,63.33,,27.92
4101,2015-09-16,12.0,68.75,,37.78
4102,2015-09-16,13.0,66.67,,42.22
4103,2015-09-16,14.0,70.0,,39.38
4104,2015-09-16,15.0,84.0,,28.33
4105,2015-09-16,16.0,77.78,,37.5
4106,2015-09-16,17.0,47.78,,23.89
4107,2015-09-16,18.0,66.0,,20.5
4108,2015-09-16,19.0,68.18,,28.89
4109,2015-09-16,20.0,40.56,,8.89
4112,2015-09-17,9.0,51.0,,
4113,2015-09-17,10.0,57.0,,27.22
4114,2015-09-17,11.0,55.0,,26.67
4115,2015-09-17,12.0,62.0,,28.33
4116,2015-09-17,13.0,68.12,,34.44
4117,2015-09-17,14.0,71.25,,30.56
4125,2015-09-17,15.0,,,26.0
4118,2015-09-17,16.0,75.0,,32.22
4119,2015-09-17,17.0,88.33,,32.22
4120,2015-09-17,18.0,113.33,,23.33
4121,2015-09-17,19.0,82.5,,32.22
4122,2015-09-17,20.0,43.33,,10.71
4123,2015-09-17,21.0,63.75,,5.0
4127,2015-09-18,9.0,52.5,,7.22
4128,2015-09-18,10.0,41.67,,11.67
4129,2015-09-18,11.0,54.29,,24.29
4130,2015-09-18,12.0,61.11,,23.5
4131,2015-09-18,13.0,43.33,,32.78
4132,2015-09-18,14.0,48.5,,22.0
4133,2015-09-18,15.0,81.0,,17.22
4134,2015-09-18,16.0,50.0,,19.44
4135,2015-09-18,17.0,49.09,,25.0
4136,2015-09-18,18.0,62.5,,12.86
4144,2015-09-19,9.0,52.73,,5.0
4145,2015-09-19,10.0,55.0,,19.0
4146,2015-09-19,11.0,54.0,,27.22
4147,2015-09-19,12.0,73.0,,37.5
4148,2015-09-19,13.0,71.25,,49.44
4149,2015-09-19,14.0,76.67,,52.22
4150,2015-09-19,15.0,70.0,,54.44
4151,2015-09-19,16.0,73.33,,51.67
4152,2015-09-19,17.0,85.56,,52.5
4153,2015-09-19,18.0,70.83,,41.11
4154,2015-09-19,19.0,78.0,,45.0
4155,2015-09-19,20.0,80.0,,30.0
4156,2015-09-19,21.0,65.56,,18.75
4157,2015-09-19,22.0,50.0,,20.0
4162,2015-09-20,9.0,46.67,,6.25
4163,2015-09-20,10.0,70.0,,17.22
4164,2015-09-20,11.0,68.18,,18.33
4165,2015-09-20,12.0,46.25,,26.5
4166,2015-09-20,13.0,73.33,,26.67
4167,2015-09-20,14.0,55.56,,26.11
4168,2015-09-20,15.0,62.22,,19.38
4169,2015-09-20,16.0,67.78,,28.33
4170,2015-09-20,17.0,44.44,,22.5
4171,2015-09-20,18.0,47.0,,8.89
4178,2015-09-21,9.0,56.67,,
4179,2015-09-21,10.0,55.0,,30.62
4180,2015-09-21,11.0,63.5,,61.67
4181,2015-09-21,12.0,78.75,,68.75
4182,2015-09-21,13.0,65.56,,52.78
4183,2015-09-21,14.0,71.11,,47.78
4184,2015-09-21,15.0,70.0,,41.5
4185,2015-09-21,16.0,81.0,,62.22
4186,2015-09-21,17.0,81.11,,53.0
4187,2015-09-21,18.0,60.0,,60.56
4188,2015-09-21,19.0,74.44,,41.5
4189,2015-09-21,20.0,68.0,,17.78
4190,2015-09-21,21.0,36.25,,6.88
4193,2015-09-22,9.0,40.5,,5.0
4194,2015-09-22,10.0,59.17,,23.12
4195,2015-09-22,11.0,54.55,,27.22
4196,2015-09-22,12.0,46.67,,20.0
4197,2015-09-22,13.0,62.78,,32.22
4198,2015-09-22,14.0,78.89,,39.0
4199,2015-09-22,15.0,62.86,,25.0
4200,2015-09-22,16.0,45.83,,21.5
4201,2015-09-22,17.0,59.09,,27.22
4202,2015-09-22,18.0,50.0,,15.0
4210,2015-09-23,9.0,50.0,,6.25
4211,2015-09-23,10.0,57.92,,26.11
4212,2015-09-23,11.0,76.25,,34.38
4213,2015-09-23,12.0,70.0,,40.5
4214,2015-09-23,13.0,62.5,,50.0
4215,2015-09-23,14.0,80.0,,35.71
4216,2015-09-23,15.0,72.5,,31.11
4217,2015-09-23,16.0,66.67,,41.11
4218,2015-09-23,17.0,70.0,,45.0
4219,2015-09-23,18.0,76.67,,36.0
4220,2015-09-23,19.0,53.75,,35.62
4221,2015-09-23,20.0,37.5,,15.62
4224,2015-09-24,9.0,45.0,,13.75
4225,2015-09-24,10.0,67.22,,40.5
4226,2015-09-24,11.0,63.75,,36.88
4227,2015-09-24,12.0,70.0,,42.78
4228,2015-09-24,13.0,66.67,,39.38
4229,2015-09-24,14.0,73.33,,52.78
4230,2015-09-24,15.0,78.18,,48.89
4231,2015-09-24,16.0,77.78,,66.0
4232,2015-09-24,17.0,76.67,,52.0
4233,2015-09-24,18.0,55.56,,48.0
4234,2015-09-24,19.0,76.25,,56.25
4235,2015-09-24,20.0,60.0,,45.0
4236,2015-09-24,21.0,35.71,,9.0
4237,2015-09-25,9.0,69.0,,5.56
4238,2015-09-25,10.0,40.0,,26.82
4239,2015-09-25,11.0,53.75,,35.0
4240,2015-09-25,12.0,71.25,,26.88
4241,2015-09-25,13.0,56.67,,30.0
4242,2015-09-25,14.0,68.57,,24.38
4243,2015-09-25,15.0,56.67,,16.0
4244,2015-09-25,16.0,40.0,,20.56
4245,2015-09-25,17.0,72.5,,21.11
4246,2015-09-25,18.0,55.0,,10.62
4253,2015-09-26,9.0,76.88,,8.0
4254,2015-09-26,10.0,84.44,41.25,37.22
4255,2015-09-26,11.0,51.11,35.62,33.33
4256,2015-09-26,12.0,69.44,43.18,46.11
4257,2015-09-26,13.0,86.25,28.18,43.12
4258,2015-09-26,14.0,94.44,31.36,50.56
4259,2015-09-26,15.0,86.0,28.46,60.0
4260,2015-09-26,16.0,85.0,33.33,53.89
4261,2015-09-26,17.0,88.57,29.38,46.43
4262,2015-09-26,18.0,96.67,30.83,39.5
4263,2015-09-26,19.0,61.67,30.0,32.5
4264,2015-09-26,20.0,58.18,16.5,21.5
4265,2015-09-26,21.0,77.14,17.86,15.0
4266,2015-09-26,22.0,65.56,20.5,16.5
4271,2015-09-27,9.0,47.5,6.11,5.0
4272,2015-09-27,10.0,75.0,6.67,20.0
4273,2015-09-27,11.0,47.78,,27.5
4274,2015-09-27,12.0,65.0,20.0,28.33
4275,2015-09-27,13.0,77.5,40.56,32.78
4276,2015-09-27,14.0,54.44,58.0,32.5
4277,2015-09-27,15.0,58.89,,27.27
4278,2015-09-27,16.0,79.09,43.33,25.56
4279,2015-09-27,17.0,56.67,51.15,26.11
4280,2015-09-27,18.0,30.0,32.73,20.0
4288,2015-09-28,9.0,49.29,8.0,5.0
4289,2015-09-28,10.0,71.25,35.62,17.5
4290,2015-09-28,11.0,50.0,72.5,35.62
4291,2015-09-28,12.0,63.75,30.0,50.0
4292,2015-09-28,13.0,83.33,46.67,46.11
4293,2015-09-28,14.0,68.89,50.0,
4294,2015-09-28,15.0,61.25,48.12,49.17
4295,2015-09-28,16.0,68.89,41.25,40.62
4296,2015-09-28,17.0,67.5,36.88,37.22
4297,2015-09-28,18.0,42.22,37.5,28.33
4298,2015-09-28,19.0,60.0,28.33,23.57
4299,2015-09-28,20.0,39.38,15.0,8.12
4301,2015-09-29,9.0,45.0,5.0,5.0
4302,2015-09-29,10.0,45.0,,11.11
4303,2015-09-29,11.0,65.0,28.89,13.33
4304,2015-09-29,12.0,70.0,23.12,20.0
4305,2015-09-29,13.0,70.0,18.0,31.5
4306,2015-09-29,14.0,76.67,36.67,16.11
4307,2015-09-29,15.0,80.0,25.83,15.83
4308,2015-09-29,16.0,68.57,28.57,15.0
4309,2015-09-29,17.0,96.67,,12.78
4310,2015-09-29,18.0,94.44,,9.44
4311,2015-09-29,19.0,47.78,20.71,5.0
4312,2015-09-29,20.0,44.0,14.0,5.0
4314,2015-09-30,9.0,48.75,6.67,6.67
4315,2015-09-30,10.0,72.5,20.42,20.45
4316,2015-09-30,11.0,73.33,46.67,36.0
4317,2015-09-30,12.0,51.25,55.62,50.62
4318,2015-09-30,13.0,64.0,48.33,55.0
4319,2015-09-30,14.0,80.0,37.5,46.0
4320,2015-09-30,15.0,67.78,37.5,36.0
4321,2015-09-30,16.0,63.0,50.0,52.0
4322,2015-09-30,17.0,82.22,25.0,43.33
4323,2015-09-30,18.0,84.0,51.36,48.0
4324,2015-09-30,19.0,72.22,82.22,26.11
4325,2015-09-30,20.0,49.0,69.5,15.56
4326,2015-09-30,21.0,33.33,25.62,5.0
4330,2015-10-01,9.0,44.44,14.29,9.09
4331,2015-10-01,10.0,43.33,30.0,14.0
4332,2015-10-01,11.0,44.44,33.0,20.0
4333,2015-10-01,12.0,39.0,37.5,22.78
4334,2015-10-01,13.0,44.44,36.67,19.0
4335,2015-10-01,14.0,46.0,31.5,22.5
4336,2015-10-01,15.0,41.67,19.44,18.33
4337,2015-10-01,16.0,45.56,25.0,19.38
4338,2015-10-01,17.0,43.75,33.33,12.0
4339,2015-10-01,18.0,42.5,36.0,
4356,2015-10-02,9.0,,10.0,5.0
4357,2015-10-02,10.0,,13.0,15.91
4358,2015-10-02,11.0,,23.75,24.38
4359,2015-10-02,12.0,,33.0,25.0
4346,2015-10-02,13.0,101.25,24.0,36.88
4347,2015-10-02,14.0,92.73,19.44,30.0
4348,2015-10-02,15.0,70.0,18.12,19.09
4349,2015-10-02,16.0,50.0,19.0,24.5
4360,2015-10-02,17.0,,25.0,26.0
4350,2015-10-02,18.0,78.0,20.0,10.0
4364,2015-10-03,9.0,43.64,12.0,5.56
4365,2015-10-03,10.0,65.0,18.57,20.0
4366,2015-10-03,11.0,65.0,35.5,38.57
4367,2015-10-03,12.0,64.29,42.5,37.86
4368,2015-10-03,13.0,80.0,42.5,48.12
4369,2015-10-03,14.0,81.0,48.12,47.22
4370,2015-10-03,15.0,82.22,50.0,38.0
4371,2015-10-03,16.0,88.75,47.5,46.25
4372,2015-10-03,17.0,102.0,37.78,49.44
4373,2015-10-03,18.0,94.44,43.89,42.78
4374,2015-10-03,19.0,81.25,45.0,41.25
4375,2015-10-03,20.0,71.0,40.56,23.89
4376,2015-10-03,21.0,72.86,30.83,10.0
4377,2015-10-03,22.0,64.44,22.5,15.56
4383,2015-10-04,9.0,45.0,6.67,5.0
4384,2015-10-04,10.0,59.44,8.93,17.22
4385,2015-10-04,11.0,58.18,26.0,18.89
4386,2015-10-04,12.0,46.0,21.0,15.5
4387,2015-10-04,13.0,71.43,23.12,10.0
4388,2015-10-04,14.0,63.75,15.0,15.0
4389,2015-10-04,15.0,61.11,12.27,13.33
4390,2015-10-04,16.0,57.5,16.5,11.25
4391,2015-10-04,17.0,57.14,9.38,10.0
4392,2015-10-04,18.0,41.43,9.29,5.0
4400,2015-10-05,9.0,70.91,5.0,6.67
4401,2015-10-05,10.0,70.62,30.71,38.57
4402,2015-10-05,11.0,68.75,54.44,43.75
4403,2015-10-05,12.0,78.75,42.14,68.75
4404,2015-10-05,13.0,86.67,39.44,65.0
4405,2015-10-05,14.0,80.0,41.11,
4406,2015-10-05,15.0,91.43,40.0,
4407,2015-10-05,16.0,85.0,45.83,45.0
4408,2015-10-05,17.0,84.0,41.11,71.43
4409,2015-10-05,18.0,111.11,42.5,
4410,2015-10-05,19.0,94.0,33.33,
4411,2015-10-05,20.0,101.0,19.09,48.75
4412,2015-10-05,21.0,58.75,6.43,
4413,2015-10-05,22.0,64.29,11.67,
4416,2015-10-06,9.0,45.0,5.0,
4417,2015-10-06,10.0,68.57,7.5,
4418,2015-10-06,11.0,52.5,18.12,
4419,2015-10-06,12.0,56.25,30.56,
4420,2015-10-06,13.0,66.67,20.62,43.12
4421,2015-10-06,14.0,50.0,18.75,42.5
4422,2015-10-06,15.0,60.0,11.0,37.22
4423,2015-10-06,16.0,51.67,18.75,37.5
4424,2015-10-06,17.0,56.0,25.0,36.0
4425,2015-10-06,18.0,45.0,18.75,19.38
4433,2015-10-07,9.0,52.5,5.62,6.88
4434,2015-10-07,10.0,65.56,21.67,29.44
4435,2015-10-07,11.0,55.71,25.62,45.0
4436,2015-10-07,12.0,71.67,30.62,51.82
4437,2015-10-07,13.0,67.5,44.44,63.12
4438,2015-10-07,14.0,68.5,42.14,56.36
4439,2015-10-07,15.0,78.89,24.29,47.78
4440,2015-10-07,16.0,91.25,36.25,73.64
4441,2015-10-07,17.0,75.71,29.38,86.25
4442,2015-10-07,18.0,72.0,30.0,57.78
4443,2015-10-07,19.0,85.56,28.12,48.75
4444,2015-10-07,20.0,81.82,20.0,33.5
4445,2015-10-07,21.0,45.0,9.44,18.75
4446,2015-10-07,22.0,48.75,8.89,14.55
4451,2015-10-08,9.0,58.64,8.75,6.88
4452,2015-10-08,10.0,48.89,18.89,26.11
4453,2015-10-08,11.0,51.11,31.43,27.0
4454,2015-10-08,12.0,61.43,25.0,31.43
4455,2015-10-08,13.0,50.0,23.57,31.25
4456,2015-10-08,14.0,47.78,25.0,31.67
4457,2015-10-08,15.0,58.0,15.0,25.56
4458,2015-10-08,16.0,52.0,16.67,38.89
4459,2015-10-08,17.0,63.33,27.27,36.11
4460,2015-10-08,18.0,41.25,20.71,8.57
4468,2015-10-09,9.0,70.0,9.09,7.0
4469,2015-10-09,10.0,51.11,13.75,37.22
4482,2015-10-09,11.0,,45.0,30.0
4470,2015-10-09,12.0,75.0,32.27,45.0
4471,2015-10-09,13.0,65.62,31.5,53.12
4472,2015-10-09,14.0,90.0,41.11,38.5
4473,2015-10-09,15.0,123.33,33.12,43.12
4474,2015-10-09,16.0,74.29,25.0,42.14
4475,2015-10-09,17.0,51.82,36.0,38.33
4476,2015-10-09,18.0,51.11,30.0,25.5
4485,2015-10-10,8.0,60.0,5.0,5.0
4486,2015-10-10,9.0,60.0,5.56,10.71
4487,2015-10-10,10.0,71.67,31.0,29.44
4488,2015-10-10,11.0,84.0,52.5,46.25
4489,2015-10-10,12.0,80.0,61.11,64.44
4490,2015-10-10,13.0,82.5,53.75,73.0
4491,2015-10-10,14.0,97.5,67.5,65.0
4492,2015-10-10,15.0,97.5,36.0,50.62
4493,2015-10-10,16.0,105.71,47.86,62.14
4494,2015-10-10,17.0,116.25,49.38,58.12
4495,2015-10-10,18.0,112.5,51.25,59.38
4496,2015-10-10,19.0,70.0,46.67,45.0
4497,2015-10-10,20.0,71.67,38.75,35.0
4498,2015-10-10,21.0,97.5,13.57,25.71
4499,2015-10-10,22.0,45.0,18.0,17.22
4502,2015-10-11,9.0,66.0,16.43,8.0
4503,2015-10-11,10.0,88.89,,50.0
4504,2015-10-11,11.0,96.11,46.43,49.5
4505,2015-10-11,12.0,66.0,58.0,68.0
4506,2015-10-11,13.0,75.0,55.0,80.0
4507,2015-10-11,14.0,112.22,53.33,70.56
4508,2015-10-11,15.0,126.25,50.0,69.38
4509,2015-10-11,16.0,118.0,41.88,56.25
4510,2015-10-11,17.0,50.71,48.33,61.67
4511,2015-10-11,18.0,74.44,45.0,68.64
4512,2015-10-11,19.0,107.0,36.36,60.56
4513,2015-10-11,20.0,125.56,52.5,35.0
4514,2015-10-11,21.0,46.25,16.5,15.62
4515,2015-10-11,22.0,50.91,20.0,10.62
4521,2015-10-12,9.0,60.0,23.18,7.78
4522,2015-10-12,10.0,68.57,37.86,33.5
4523,2015-10-12,11.0,93.33,37.78,43.33
4524,2015-10-12,12.0,85.0,51.88,37.0
4525,2015-10-12,13.0,80.0,60.0,30.0
4526,2015-10-12,14.0,84.29,61.43,48.12
4527,2015-10-12,15.0,63.33,54.5,82.0
4528,2015-10-12,16.0,61.11,44.29,48.33
4529,2015-10-12,17.0,85.56,48.12,56.0
4530,2015-10-12,18.0,62.5,32.78,28.89
4537,2015-10-13,9.0,56.25,15.0,5.0
4538,2015-10-13,10.0,61.43,28.33,20.83
4539,2015-10-13,11.0,75.71,,43.57
4540,2015-10-13,12.0,80.0,35.71,63.33
4541,2015-10-13,13.0,61.25,57.5,36.88
4542,2015-10-13,14.0,62.86,37.78,40.71
4543,2015-10-13,15.0,78.33,35.0,27.5
4544,2015-10-13,16.0,52.86,31.25,45.0
4545,2015-10-13,17.0,57.5,38.33,38.12
4546,2015-10-13,18.0,52.22,31.11,18.5
4552,2015-10-14,8.0,67.5,,
4553,2015-10-14,9.0,75.0,17.5,25.0
4554,2015-10-14,10.0,68.0,37.5,65.62
4555,2015-10-14,11.0,75.56,62.5,58.89
4556,2015-10-14,12.0,99.0,52.78,98.5
4557,2015-10-14,13.0,93.33,64.17,120.0
4558,2015-10-14,14.0,97.5,71.25,80.0
4559,2015-10-14,15.0,106.0,47.14,77.86
4560,2015-10-14,16.0,105.62,62.86,130.0
4561,2015-10-14,17.0,93.57,57.14,122.5
4562,2015-10-14,18.0,90.56,66.11,60.0
4563,2015-10-14,19.0,90.0,50.0,86.88
4564,2015-10-14,20.0,86.25,38.75,73.57
4565,2015-10-14,21.0,73.33,32.5,23.57
4566,2015-10-14,22.0,77.0,20.83,35.0
4573,2015-10-15,9.0,55.5,7.5,8.33
4574,2015-10-15,10.0,72.78,10.0,30.0
4575,2015-10-15,11.0,46.25,35.0,39.29
4576,2015-10-15,12.0,75.62,38.12,41.25
4577,2015-10-15,13.0,67.5,37.5,39.29
4578,2015-10-15,14.0,48.75,31.88,47.5
4579,2015-10-15,15.0,66.67,30.0,28.33
4580,2015-10-15,16.0,64.44,36.67,39.5
4581,2015-10-15,17.0,48.57,32.14,39.29
4582,2015-10-15,18.0,50.0,16.43,21.67
4589,2015-10-16,9.0,70.0,5.0,6.88
4590,2015-10-16,10.0,57.78,19.55,30.0
4591,2015-10-16,11.0,59.5,37.78,37.73
4592,2015-10-16,12.0,70.0,34.29,31.67
4593,2015-10-16,13.0,87.5,35.0,51.88
4594,2015-10-16,14.0,74.29,36.25,36.43
4595,2015-10-16,15.0,54.44,36.88,42.5
4596,2015-10-16,16.0,72.22,38.5,30.0
4597,2015-10-16,17.0,68.33,34.17,30.71
4598,2015-10-16,18.0,40.0,23.75,13.12
4606,2015-10-17,8.0,51.36,5.0,5.0
4607,2015-10-17,9.0,53.33,5.0,11.11
4608,2015-10-17,10.0,60.0,38.33,36.25
4609,2015-10-17,11.0,68.89,46.25,38.75
4610,2015-10-17,12.0,80.0,54.29,50.71
4611,2015-10-17,13.0,82.5,50.62,55.0
4612,2015-10-17,14.0,90.0,54.29,63.33
4613,2015-10-17,15.0,96.0,50.56,51.5
4614,2015-10-17,16.0,100.0,51.11,58.33
4615,2015-10-17,17.0,107.78,44.55,57.22
4616,2015-10-17,18.0,80.0,36.43,49.29
4617,2015-10-17,19.0,86.67,46.5,48.33
4618,2015-10-17,20.0,88.75,34.38,33.33
4619,2015-10-17,21.0,61.43,22.0,17.5
4620,2015-10-17,22.0,48.75,20.62,12.86
4624,2015-10-18,9.0,42.0,6.67,6.67
4625,2015-10-18,10.0,61.11,24.62,13.5
4626,2015-10-18,11.0,74.29,37.27,30.0
4627,2015-10-18,12.0,71.11,37.5,33.12
4628,2015-10-18,13.0,57.14,,40.62
4629,2015-10-18,14.0,67.78,43.18,37.22
4630,2015-10-18,15.0,72.22,38.33,31.11
4631,2015-10-18,16.0,52.22,30.5,30.56
4632,2015-10-18,17.0,61.11,38.33,26.11
4633,2015-10-18,18.0,45.0,21.67,15.0
4642,2015-10-19,9.0,60.0,18.75,13.75
4643,2015-10-19,10.0,62.86,35.71,36.25
4644,2015-10-19,11.0,72.5,66.67,48.33
4645,2015-10-19,12.0,100.0,70.71,59.29
4646,2015-10-19,13.0,117.5,65.71,82.86
4647,2015-10-19,14.0,124.29,57.14,58.57
4648,2015-10-19,15.0,87.78,43.89,51.11
4649,2015-10-19,16.0,68.0,48.0,83.0
4650,2015-10-19,17.0,107.0,60.0,53.0
4651,2015-10-19,18.0,101.0,77.78,47.22
4652,2015-10-19,19.0,52.0,57.5,36.88
4653,2015-10-19,20.0,75.0,28.0,14.0
4654,2015-10-19,21.0,52.86,15.62,7.5
4655,2015-10-19,22.0,53.33,13.89,5.0
4659,2015-10-20,9.0,46.36,6.36,9.5
4660,2015-10-20,10.0,68.0,18.18,11.11
4661,2015-10-20,11.0,62.5,35.71,16.25
4662,2015-10-20,12.0,47.5,30.0,26.25
4663,2015-10-20,13.0,70.0,,38.12
4664,2015-10-20,14.0,60.0,26.25,20.0
4665,2015-10-20,15.0,42.86,31.43,18.75
4666,2015-10-20,16.0,68.0,41.88,21.67
4667,2015-10-20,17.0,47.5,40.0,23.33
4668,2015-10-20,18.0,42.86,37.5,7.86
4676,2015-10-21,9.0,56.67,6.67,5.0
4677,2015-10-21,10.0,77.14,15.0,23.33
4678,2015-10-21,11.0,65.0,35.0,35.0
4679,2015-10-21,12.0,51.43,43.33,44.38
4690,2015-10-21,13.0,,45.62,50.0
4680,2015-10-21,14.0,75.0,18.12,36.88
4681,2015-10-21,15.0,72.14,28.57,40.0
4682,2015-10-21,16.0,97.86,36.43,51.43
4683,2015-10-21,17.0,77.5,39.29,51.43
4684,2015-10-21,18.0,63.33,40.56,35.91
4685,2015-10-21,19.0,92.5,29.5,28.89
4686,2015-10-21,20.0,66.0,19.5,21.67
4687,2015-10-21,21.0,42.86,10.56,10.0
4688,2015-10-21,22.0,52.86,10.0,5.62
4694,2015-10-22,9.0,43.33,5.62,5.0
4695,2015-10-22,10.0,67.14,23.89,31.25
4696,2015-10-22,11.0,80.0,32.14,19.29
4697,2015-10-22,12.0,47.5,31.11,36.11
4698,2015-10-22,13.0,63.33,23.75,36.25
4699,2015-10-22,14.0,63.33,21.67,27.14
4700,2015-10-22,15.0,44.44,24.38,30.5
4701,2015-10-22,16.0,35.0,33.75,28.33
4702,2015-10-22,17.0,72.5,23.33,25.0
4703,2015-10-22,18.0,53.64,18.33,11.67
4710,2015-10-23,9.0,40.71,,6.67
4711,2015-10-23,10.0,64.5,20.0,23.5
4712,2015-10-23,11.0,62.86,41.43,24.29
4713,2015-10-23,12.0,46.67,31.67,40.5
4714,2015-10-23,13.0,72.86,38.75,35.71
4715,2015-10-23,14.0,74.29,35.0,37.14
4716,2015-10-23,15.0,57.78,30.0,35.62
4717,2015-10-23,16.0,51.11,36.88,34.38
4718,2015-10-23,17.0,74.0,25.62,30.0
4719,2015-10-23,18.0,37.78,18.75,9.38
4726,2015-10-24,9.0,52.5,10.0,5.0
4727,2015-10-24,10.0,72.0,25.0,28.75
4728,2015-10-24,11.0,80.0,37.73,37.0
4729,2015-10-24,12.0,65.71,46.11,40.71
4730,2015-10-24,13.0,78.33,58.89,57.5
4731,2015-10-24,14.0,100.0,52.5,48.0
4732,2015-10-24,15.0,98.33,40.0,47.14
4733,2015-10-24,16.0,85.0,45.0,51.25
4734,2015-10-24,17.0,87.22,53.89,45.0
4735,2015-10-24,18.0,87.78,49.44,35.0
4736,2015-10-24,19.0,90.0,41.11,30.56
4737,2015-10-24,20.0,96.0,32.22,20.5
4740,2015-10-24,21.0,,21.0,5.0
4738,2015-10-24,22.0,41.11,17.5,11.25
4742,2015-10-25,9.0,51.82,8.0,5.0
4743,2015-10-25,10.0,67.5,32.27,30.0
4744,2015-10-25,11.0,50.62,40.62,31.11
4745,2015-10-25,12.0,67.5,29.5,32.5
4746,2015-10-25,13.0,64.0,42.22,43.0
4747,2015-10-25,14.0,58.57,44.38,50.0
4748,2015-10-25,15.0,61.11,24.38,43.57
4749,2015-10-25,16.0,60.0,20.83,33.0
4750,2015-10-25,17.0,62.5,30.5,31.25
4751,2015-10-25,18.0,47.5,21.0,16.67
4760,2015-10-26,9.0,51.67,15.91,15.91
4761,2015-10-26,10.0,75.0,35.0,36.43
4762,2015-10-26,11.0,95.62,60.0,47.5
4763,2015-10-26,12.0,70.0,61.67,46.67
4764,2015-10-26,13.0,66.67,51.67,71.67
4765,2015-10-26,14.0,90.62,61.88,69.38
4766,2015-10-26,15.0,98.0,49.17,48.75
4767,2015-10-26,16.0,94.29,59.17,57.5
4768,2015-10-26,17.0,73.75,43.0,47.78
4769,2015-10-26,18.0,72.22,39.5,45.56
4770,2015-10-26,19.0,80.0,36.11,26.25
4771,2015-10-26,20.0,72.86,22.14,28.75
4772,2015-10-26,21.0,43.64,12.0,10.0
4773,2015-10-26,22.0,43.18,7.22,5.0
4776,2015-10-27,9.0,33.5,6.88,5.0
4777,2015-10-27,10.0,57.5,12.78,17.14
4778,2015-10-27,11.0,51.11,20.0,20.0
4779,2015-10-27,12.0,48.75,19.17,22.5
4780,2015-10-27,13.0,61.0,22.0,28.5
4781,2015-10-27,14.0,50.5,22.27,18.0
4782,2015-10-27,15.0,52.0,15.0,19.38
4783,2015-10-27,16.0,81.25,17.5,10.0
4784,2015-10-27,17.0,30.0,16.11,11.25
4785,2015-10-27,18.0,42.0,16.67,10.0
4792,2015-10-28,9.0,32.14,5.0,5.0
4793,2015-10-28,10.0,62.86,10.83,5.71
4794,2015-10-28,11.0,52.73,15.71,10.0
4795,2015-10-28,12.0,43.75,13.12,14.38
4796,2015-10-28,13.0,48.75,13.12,13.33
4797,2015-10-28,14.0,54.44,14.44,18.89
4798,2015-10-28,15.0,60.0,13.75,24.29
4799,2015-10-28,16.0,58.33,14.17,28.33
4800,2015-10-28,17.0,57.5,23.12,41.25
4801,2015-10-28,18.0,49.09,21.0,33.0
4802,2015-10-28,19.0,64.44,20.0,20.62
4803,2015-10-28,20.0,68.75,15.0,8.75
4804,2015-10-28,21.0,34.29,5.83,5.0
4805,2015-10-28,22.0,58.64,11.25,5.0
4809,2015-10-29,9.0,41.25,5.0,6.25
4810,2015-10-29,10.0,57.78,,30.56
4811,2015-10-29,11.0,50.0,30.0,
4812,2015-10-29,12.0,53.33,50.0,40.0
4813,2015-10-29,13.0,58.89,15.0,49.38
4814,2015-10-29,14.0,42.22,24.5,36.67
4815,2015-10-29,15.0,68.33,19.17,31.88
4816,2015-10-29,16.0,65.0,33.89,35.0
4817,2015-10-29,17.0,37.78,24.38,26.25
4818,2015-10-29,18.0,48.57,14.29,13.57
4826,2015-10-30,9.0,50.0,,5.62
4827,2015-10-30,10.0,62.0,,22.0
4828,2015-10-30,11.0,60.0,,32.14
4829,2015-10-30,12.0,63.0,,40.0
4830,2015-10-30,13.0,70.0,,58.75
4831,2015-10-30,14.0,95.71,,41.43
4832,2015-10-30,15.0,82.0,,48.89
4833,2015-10-30,16.0,70.0,,74.38
4834,2015-10-30,17.0,85.56,,64.0
4835,2015-10-30,18.0,90.0,,52.22
4836,2015-10-30,19.0,80.0,,35.62
4837,2015-10-30,20.0,70.0,,28.75
4838,2015-10-30,21.0,50.0,19.0,16.67
4839,2015-10-30,22.0,46.0,12.78,6.25
4841,2015-10-31,9.0,45.0,10.0,5.0
4842,2015-10-31,10.0,54.0,18.46,16.82
4843,2015-10-31,11.0,65.0,30.0,21.67
4844,2015-10-31,12.0,57.78,26.67,28.33
4845,2015-10-31,13.0,51.11,35.0,37.78
4846,2015-10-31,14.0,81.67,,31.67
4847,2015-10-31,15.0,64.29,32.5,25.0
4848,2015-10-31,16.0,53.75,34.44,31.25
4849,2015-10-31,17.0,65.56,33.89,22.78
4850,2015-10-31,18.0,40.0,24.29,7.5
4858,2015-11-01,9.0,43.33,5.5,5.0
4859,2015-11-01,10.0,51.25,23.0,17.5
4860,2015-11-01,11.0,60.0,40.0,21.67
4861,2015-11-01,12.0,55.56,35.5,32.78
4862,2015-11-01,13.0,72.22,44.38,48.89
4863,2015-11-01,14.0,72.5,40.0,38.89
4864,2015-11-01,15.0,62.5,25.0,31.88
4865,2015-11-01,16.0,61.11,28.89,30.56
4866,2015-11-01,17.0,55.0,42.78,30.62
4867,2015-11-01,18.0,44.44,23.33,11.11
4876,2015-11-02,9.0,60.0,16.0,11.11
4877,2015-11-02,10.0,48.75,36.43,35.56
4878,2015-11-02,11.0,58.75,55.0,40.62
4879,2015-11-02,12.0,76.25,41.25,52.5
4880,2015-11-02,13.0,55.56,40.56,82.27
4881,2015-11-02,14.0,58.75,35.62,42.5
4882,2015-11-02,15.0,65.0,40.71,39.44
4883,2015-11-02,16.0,70.0,39.17,41.88
4884,2015-11-02,17.0,56.67,37.86,40.0
4885,2015-11-02,18.0,58.75,32.86,32.5
4886,2015-11-02,19.0,71.25,42.22,30.0
4887,2015-11-02,20.0,41.11,45.0,19.29
4888,2015-11-02,21.0,52.0,11.5,6.67
4889,2015-11-02,22.0,30.0,5.0,6.11
4892,2015-11-03,9.0,33.75,5.0,7.78
4893,2015-11-03,10.0,66.67,15.0,30.5
4894,2015-11-03,11.0,86.67,,40.62
4895,2015-11-03,12.0,57.5,15.0,45.91
4896,2015-11-03,13.0,62.22,43.33,48.12
4897,2015-11-03,14.0,75.56,51.25,32.78
4898,2015-11-03,15.0,50.0,39.38,33.0
4899,2015-11-03,16.0,61.43,38.33,37.86
4900,2015-11-03,17.0,66.0,49.44,30.56
4901,2015-11-03,18.0,45.0,38.75,28.12
4902,2015-11-03,19.0,37.5,17.78,6.25
4903,2015-11-03,20.0,31.25,5.83,5.0
4906,2015-11-04,9.0,45.0,5.0,5.0
4907,2015-11-04,10.0,55.0,,27.5
4908,2015-11-04,11.0,73.75,,34.5
4909,2015-11-04,12.0,48.89,39.5,37.0
4910,2015-11-04,13.0,58.5,76.67,46.36
4911,2015-11-04,14.0,62.5,50.0,33.33
4912,2015-11-04,15.0,53.75,30.71,21.88
4913,2015-11-04,16.0,72.5,46.0,29.44
4914,2015-11-04,17.0,62.0,,38.33
4915,2015-11-04,18.0,38.0,25.0,26.67
4916,2015-11-04,19.0,66.25,25.0,5.0
4917,2015-11-04,20.0,41.43,22.5,11.67
4918,2015-11-04,21.0,41.82,20.0,11.36
4919,2015-11-04,22.0,50.91,11.67,12.0
4923,2015-11-05,9.0,45.0,,5.0
4924,2015-11-05,10.0,60.0,,29.0
4925,2015-11-05,11.0,71.82,23.33,26.82
4926,2015-11-05,12.0,42.5,43.89,41.25
4927,2015-11-05,13.0,75.0,59.38,40.0
4928,2015-11-05,14.0,73.75,38.75,30.62
4929,2015-11-05,15.0,52.22,42.78,30.56
4930,2015-11-05,16.0,73.33,32.22,37.78
4931,2015-11-05,17.0,72.73,33.0,35.0
4932,2015-11-05,18.0,42.0,23.5,21.5
4933,2015-11-05,19.0,56.25,14.55,8.89
4934,2015-11-05,20.0,28.0,19.17,6.25
4937,2015-11-06,9.0,52.5,10.0,5.0
4938,2015-11-06,10.0,66.25,36.36,43.89
4939,2015-11-06,11.0,67.14,37.14,26.88
4940,2015-11-06,12.0,49.17,52.78,39.44
4941,2015-11-06,13.0,73.12,52.14,48.75
4942,2015-11-06,14.0,69.44,34.0,39.44
4943,2015-11-06,15.0,48.12,28.12,34.29
4944,2015-11-06,16.0,72.86,35.71,39.38
4945,2015-11-06,17.0,82.22,24.44,35.62
4946,2015-11-06,18.0,45.0,16.25,13.75
4947,2015-11-06,19.0,46.67,10.0,8.75
4948,2015-11-06,20.0,36.67,6.67,5.0
4949,2015-11-06,21.0,42.22,5.0,5.0
4950,2015-11-06,22.0,32.22,5.0,5.0
4953,2015-11-07,9.0,56.25,5.71,5.0
4954,2015-11-07,10.0,71.67,22.5,16.67
4955,2015-11-07,11.0,48.75,41.67,25.62
4956,2015-11-07,12.0,64.5,36.67,27.78
4957,2015-11-07,13.0,85.71,39.29,54.17
4958,2015-11-07,14.0,67.5,39.38,47.5
4959,2015-11-07,15.0,60.56,32.78,38.75
4960,2015-11-07,16.0,78.57,32.86,36.43
4961,2015-11-07,17.0,61.11,34.5,33.18
4962,2015-11-07,18.0,57.78,38.0,37.5
4963,2015-11-07,19.0,68.89,23.89,19.44
4964,2015-11-07,20.0,52.22,25.56,16.25
4965,2015-11-07,21.0,52.22,17.5,7.22
4966,2015-11-07,22.0,40.0,6.43,5.0
4968,2015-11-08,8.0,40.0,5.0,5.0
4969,2015-11-08,9.0,40.0,5.0,15.0
4970,2015-11-08,10.0,47.5,21.5,34.09
4971,2015-11-08,11.0,50.0,33.5,25.0
4972,2015-11-08,12.0,107.78,26.43,32.14
4973,2015-11-08,13.0,45.71,39.38,32.78
4974,2015-11-08,14.0,56.67,27.14,17.5
4975,2015-11-08,15.0,55.0,16.25,13.33
4976,2015-11-08,16.0,51.0,24.5,13.0
4977,2015-11-08,17.0,77.78,29.44,18.75
4978,2015-11-08,18.0,30.0,26.67,5.0
4986,2015-11-09,9.0,65.0,9.5,9.0
4987,2015-11-09,10.0,66.25,39.5,47.27
4988,2015-11-09,11.0,71.67,47.5,44.0
4989,2015-11-09,12.0,103.33,42.78,45.56
4990,2015-11-09,13.0,97.5,56.43,55.0
4991,2015-11-09,14.0,60.0,51.25,37.86
4992,2015-11-09,15.0,65.56,48.5,46.67
4993,2015-11-09,16.0,84.29,45.71,50.71
4994,2015-11-09,17.0,67.78,39.44,36.82
4995,2015-11-09,18.0,55.0,33.12,26.25
4997,2015-11-09,19.0,,27.5,19.38
4998,2015-11-09,20.0,,25.0,15.0
4996,2015-11-09,21.0,10.0,11.25,5.56
4999,2015-11-09,22.0,,5.0,5.0
5002,2015-11-10,9.0,46.88,5.62,5.0
5003,2015-11-10,10.0,63.33,19.09,13.33
5004,2015-11-10,11.0,56.67,30.0,31.54
5005,2015-11-10,12.0,34.44,27.78,22.5
5006,2015-11-10,13.0,76.67,23.12,29.38
5007,2015-11-10,14.0,51.36,26.11,36.0
5008,2015-11-10,15.0,45.62,33.12,27.14
5009,2015-11-10,16.0,66.25,23.12,23.89
5010,2015-11-10,17.0,47.5,17.27,21.5
5011,2015-11-10,18.0,51.25,14.29,13.12
5018,2015-11-11,9.0,68.0,5.62,5.56
5019,2015-11-11,10.0,99.38,23.5,20.0
5020,2015-11-11,11.0,96.11,56.11,40.62
5021,2015-11-11,12.0,53.33,38.12,60.62
5022,2015-11-11,13.0,74.29,41.43,50.62
5023,2015-11-11,14.0,103.75,46.88,49.44
5024,2015-11-11,15.0,90.0,52.5,52.5
5025,2015-11-11,16.0,70.0,36.5,37.78
5026,2015-11-11,17.0,72.73,28.33,33.5
5027,2015-11-11,18.0,64.44,28.33,29.5
5028,2015-11-11,19.0,77.14,29.44,20.0
5029,2015-11-11,20.0,80.0,35.0,22.78
5030,2015-11-11,21.0,43.75,26.25,8.75
5031,2015-11-11,22.0,53.0,13.33,8.75
5035,2015-11-12,9.0,55.45,7.5,5.0
5036,2015-11-12,10.0,64.29,21.11,30.83
5037,2015-11-12,11.0,50.0,30.62,35.62
5038,2015-11-12,12.0,52.86,30.0,33.57
5039,2015-11-12,13.0,68.75,26.25,46.88
5040,2015-11-12,14.0,58.12,28.89,44.38
5041,2015-11-12,15.0,65.62,21.0,45.0
5042,2015-11-12,16.0,81.11,27.5,
5043,2015-11-12,17.0,47.0,17.5,24.0
5044,2015-11-12,18.0,55.0,10.62,15.62
5052,2015-11-13,8.0,41.25,5.0,5.0
5053,2015-11-13,9.0,55.71,7.86,7.86
5054,2015-11-13,10.0,66.25,16.11,20.0
5055,2015-11-13,11.0,73.64,25.0,30.0
5056,2015-11-13,12.0,63.33,30.62,38.12
5057,2015-11-13,13.0,52.0,33.89,33.5
5058,2015-11-13,14.0,62.86,25.0,40.62
5059,2015-11-13,15.0,70.0,26.25,39.44
5060,2015-11-13,16.0,60.0,23.57,27.86
5061,2015-11-13,17.0,50.0,17.86,20.0
5062,2015-11-13,18.0,43.33,12.5,6.88
5069,2015-11-14,9.0,57.0,6.67,5.62
5070,2015-11-14,10.0,68.75,20.45,18.12
5071,2015-11-14,11.0,82.86,38.33,30.0
5072,2015-11-14,12.0,64.44,50.62,41.25
5073,2015-11-14,13.0,66.25,45.0,56.88
5074,2015-11-14,14.0,91.43,38.89,47.86
5075,2015-11-14,15.0,106.25,40.62,48.12
5076,2015-11-14,16.0,91.25,50.0,54.38
5077,2015-11-14,17.0,93.33,40.56,47.78
5078,2015-11-14,18.0,76.25,49.0,25.62
5079,2015-11-14,19.0,68.89,38.33,38.5
5080,2015-11-14,20.0,80.0,33.12,12.14
5081,2015-11-14,21.0,71.88,13.75,6.88
5082,2015-11-14,22.0,58.12,15.83,7.5
5086,2015-11-15,9.0,50.83,5.0,5.0
5087,2015-11-15,10.0,71.0,20.0,20.42
5088,2015-11-15,11.0,102.73,37.22,27.5
5089,2015-11-15,12.0,75.0,41.82,35.0
5090,2015-11-15,13.0,73.75,39.38,48.12
5091,2015-11-15,14.0,102.86,41.67,40.0
5092,2015-11-15,15.0,91.25,36.67,26.11
5093,2015-11-15,16.0,54.29,43.89,29.29
5094,2015-11-15,17.0,87.0,34.09,28.75
5095,2015-11-15,18.0,51.11,17.86,6.43
5103,2015-11-16,9.0,64.0,20.0,16.15
5104,2015-11-16,10.0,75.0,36.11,33.75
5105,2015-11-16,11.0,71.25,51.0,43.12
5106,2015-11-16,12.0,81.25,45.62,58.75
5107,2015-11-16,13.0,102.5,34.44,73.12
5108,2015-11-16,14.0,113.75,43.12,78.75
5109,2015-11-16,15.0,70.0,43.75,42.22
5110,2015-11-16,16.0,70.62,57.5,40.0
5111,2015-11-16,17.0,95.0,45.62,58.12
5112,2015-11-16,18.0,68.57,18.12,26.25
5113,2015-11-16,19.0,41.11,10.56,12.5
5114,2015-11-16,20.0,50.0,6.67,6.67
5115,2015-11-16,21.0,35.56,5.0,5.0
5118,2015-11-17,9.0,56.82,5.0,6.25
5119,2015-11-17,10.0,62.08,13.33,15.45
5120,2015-11-17,11.0,56.67,32.22,38.33
5121,2015-11-17,12.0,54.44,28.33,42.5
5122,2015-11-17,13.0,70.0,20.62,46.88
5123,2015-11-17,14.0,62.86,24.29,34.44
5124,2015-11-17,15.0,48.0,20.56,26.11
5125,2015-11-17,16.0,74.44,39.5,25.5
5126,2015-11-17,17.0,85.0,31.5,24.44
5127,2015-11-17,18.0,33.33,11.25,15.0
5135,2015-11-18,9.0,58.12,8.89,5.71
5136,2015-11-18,10.0,65.71,24.38,15.62
5137,2015-11-18,11.0,76.25,34.38,31.11
5138,2015-11-18,12.0,70.0,47.5,44.44
5139,2015-11-18,13.0,70.0,28.75,45.56
5140,2015-11-18,14.0,68.89,32.08,47.78
5141,2015-11-18,15.0,71.0,18.89,28.5
5142,2015-11-18,16.0,71.43,33.57,34.44
5143,2015-11-18,17.0,80.0,29.44,32.73
5144,2015-11-18,18.0,58.89,28.89,13.64
5145,2015-11-18,19.0,49.0,7.78,9.0
5146,2015-11-18,20.0,43.33,10.0,11.88
5147,2015-11-18,21.0,55.56,6.67,8.57
5152,2015-11-19,9.0,56.25,5.0,5.0
5153,2015-11-19,10.0,62.08,7.78,12.22
5154,2015-11-19,11.0,78.57,16.88,21.88
5155,2015-11-19,12.0,38.75,12.78,20.0
5156,2015-11-19,13.0,62.0,17.31,27.27
5157,2015-11-19,14.0,91.11,12.22,27.0
5158,2015-11-19,15.0,82.73,11.25,16.67
5159,2015-11-19,16.0,48.57,8.75,9.44
5166,2015-11-19,17.0,,5.56,13.89
5160,2015-11-19,18.0,46.0,7.14,7.5
5169,2015-11-20,9.0,50.0,5.0,5.62
5170,2015-11-20,10.0,65.45,16.5,27.0
5171,2015-11-20,11.0,81.25,33.89,26.88
5172,2015-11-20,12.0,85.56,27.5,40.0
5173,2015-11-20,13.0,55.71,36.0,
5174,2015-11-20,14.0,65.56,20.5,
5175,2015-11-20,15.0,78.75,20.0,
5176,2015-11-20,16.0,65.56,17.22,
5177,2015-11-20,17.0,75.0,20.0,
5178,2015-11-20,18.0,46.67,13.57,40.0
5186,2015-11-21,9.0,65.0,11.25,6.25
5187,2015-11-21,10.0,71.25,17.78,13.33
5188,2015-11-21,11.0,63.33,45.0,30.45
5189,2015-11-21,12.0,88.89,31.5,35.56
5190,2015-11-21,13.0,102.0,32.22,50.56
5191,2015-11-21,14.0,85.0,32.22,37.5
5192,2015-11-21,15.0,90.0,25.62,35.62
5193,2015-11-21,16.0,87.78,39.44,42.78
5194,2015-11-21,17.0,98.75,33.75,36.43
5195,2015-11-21,18.0,94.44,41.67,31.88
5196,2015-11-21,19.0,60.0,10.0,24.38
5197,2015-11-21,20.0,69.0,22.0,24.38
5198,2015-11-21,21.0,31.82,8.0,8.33
5199,2015-11-21,22.0,31.11,5.0,6.11
5202,2015-11-22,8.0,46.5,5.0,5.0
5203,2015-11-22,9.0,47.14,5.71,5.83
5204,2015-11-22,10.0,55.91,15.0,10.62
5205,2015-11-22,11.0,66.67,20.71,24.17
5206,2015-11-22,12.0,84.0,46.11,26.0
5207,2015-11-22,13.0,94.44,30.56,42.78
5208,2015-11-22,14.0,63.33,30.0,41.88
5209,2015-11-22,15.0,51.67,32.5,25.83
5210,2015-11-22,16.0,76.67,23.5,20.56
5211,2015-11-22,17.0,64.44,24.5,19.44
5212,2015-11-22,18.0,52.22,14.44,12.5
5213,2015-11-22,19.0,63.64,8.75,7.5
5214,2015-11-22,20.0,47.5,5.0,5.0
5215,2015-11-22,21.0,57.14,6.43,5.71
5216,2015-11-22,22.0,51.82,5.0,5.0
5221,2015-11-23,8.0,60.0,5.0,5.0
5222,2015-11-23,9.0,68.33,18.33,9.44
5223,2015-11-23,10.0,74.09,45.45,17.5
5224,2015-11-23,11.0,84.44,46.0,25.62
5225,2015-11-23,12.0,108.89,56.11,50.0
5226,2015-11-23,13.0,135.0,58.12,64.55
5227,2015-11-23,14.0,160.0,84.29,60.62
5228,2015-11-23,15.0,147.5,60.62,53.75
5229,2015-11-23,16.0,104.44,93.33,56.67
5230,2015-11-23,17.0,111.25,73.75,32.5
5231,2015-11-23,18.0,122.5,36.25,12.5
5232,2015-11-23,19.0,87.78,38.12,6.67
5233,2015-11-23,20.0,59.38,23.12,5.0
5234,2015-11-23,21.0,60.0,20.0,5.0
5235,2015-11-23,22.0,64.44,10.0,5.0
5238,2015-11-24,8.0,55.0,6.11,5.0
5239,2015-11-24,9.0,70.0,7.78,10.0
5240,2015-11-24,10.0,70.0,35.5,35.0
5241,2015-11-24,11.0,104.44,47.22,46.67
5242,2015-11-24,12.0,118.89,55.0,70.91
5243,2015-11-24,13.0,116.25,55.0,72.5
5244,2015-11-24,14.0,91.25,50.62,41.88
5245,2015-11-24,15.0,95.0,58.33,58.33
5246,2015-11-24,16.0,127.14,56.88,45.71
5247,2015-11-24,17.0,100.0,48.75,47.5
5248,2015-11-24,18.0,75.0,33.33,25.0
5249,2015-11-24,19.0,84.44,37.22,17.78
5250,2015-11-24,20.0,81.25,14.38,10.0
5251,2015-11-24,21.0,73.64,16.11,11.5
5252,2015-11-24,22.0,66.25,11.11,6.88
5256,2015-11-25,8.0,81.67,5.0,5.0
5257,2015-11-25,9.0,90.0,6.88,10.62
5258,2015-11-25,10.0,84.29,37.0,31.0
5259,2015-11-25,11.0,72.78,41.88,43.12
5260,2015-11-25,12.0,92.22,41.0,61.25
5261,2015-11-25,13.0,105.0,50.0,64.38
5262,2015-11-25,14.0,116.11,42.78,50.62
5263,2015-11-25,15.0,115.56,45.71,47.22
5264,2015-11-25,16.0,104.44,47.0,57.22
5265,2015-11-25,17.0,92.5,50.71,37.86
5266,2015-11-25,18.0,86.25,31.25,28.12
5267,2015-11-25,19.0,80.0,35.0,12.14
5268,2015-11-25,20.0,73.75,17.5,8.12
5269,2015-11-25,21.0,66.67,12.86,15.0
5270,2015-11-25,22.0,76.88,,20.62
5275,2015-11-26,8.0,68.33,6.0,6.11
5276,2015-11-26,9.0,75.0,13.64,11.54
5277,2015-11-26,10.0,76.88,26.5,19.38
5278,2015-11-26,11.0,85.0,43.12,45.62
5279,2015-11-26,12.0,105.0,45.0,83.12
5280,2015-11-26,13.0,101.25,45.62,70.0
5281,2015-11-26,14.0,83.75,37.5,45.62
5282,2015-11-26,15.0,102.5,29.38,49.38
5283,2015-11-26,16.0,108.75,41.88,47.5
5284,2015-11-26,17.0,73.33,30.0,36.67
5285,2015-11-26,18.0,65.71,17.14,25.83
5286,2015-11-26,19.0,92.86,17.5,15.71
5287,2015-11-26,20.0,78.75,10.56,7.5
5288,2015-11-26,21.0,48.75,12.5,10.62
5289,2015-11-26,22.0,65.56,12.22,8.5
5294,2015-11-27,8.0,70.56,7.14,5.0
5295,2015-11-27,9.0,80.0,10.0,11.25
5296,2015-11-27,10.0,68.5,24.55,26.67
5297,2015-11-27,11.0,88.0,43.75,47.5
5298,2015-11-27,12.0,98.75,46.88,61.25
5299,2015-11-27,13.0,93.33,47.5,66.67
5300,2015-11-27,14.0,87.14,45.62,52.86
5301,2015-11-27,15.0,88.57,37.78,45.71
5302,2015-11-27,16.0,101.11,40.0,40.62
5303,2015-11-27,17.0,105.71,40.0,48.33
5304,2015-11-27,18.0,87.5,32.5,37.22
5305,2015-11-27,19.0,78.57,35.0,15.71
5306,2015-11-27,20.0,80.71,21.43,10.71
5307,2015-11-27,21.0,73.0,20.0,11.67
5308,2015-11-27,22.0,77.78,25.56,11.67
5312,2015-11-28,8.0,42.5,5.0,5.0
5313,2015-11-28,9.0,50.0,7.86,6.11
5314,2015-11-28,10.0,53.75,23.33,13.89
5315,2015-11-28,11.0,56.36,26.5,32.78
5316,2015-11-28,12.0,82.73,36.43,31.43
5317,2015-11-28,13.0,85.0,40.0,47.78
5318,2015-11-28,14.0,85.0,45.0,38.85
5319,2015-11-28,15.0,88.57,37.5,37.5
5320,2015-11-28,16.0,104.29,52.86,57.14
5321,2015-11-28,17.0,105.0,35.0,33.75
5322,2015-11-28,18.0,81.25,43.89,24.38
5323,2015-11-28,19.0,80.0,28.18,6.88
5324,2015-11-28,20.0,54.29,18.12,5.0
5325,2015-11-28,21.0,62.86,13.75,5.0
5326,2015-11-28,22.0,50.0,5.62,5.0
5329,2015-11-29,9.0,42.22,5.0,5.0
5330,2015-11-29,10.0,67.08,24.29,
5331,2015-11-29,11.0,79.38,22.78,31.5
5332,2015-11-29,12.0,45.0,19.17,62.5
5333,2015-11-29,13.0,65.5,26.67,38.5
5334,2015-11-29,14.0,58.5,21.11,34.38
5335,2015-11-29,15.0,55.56,15.0,25.0
5336,2015-11-29,16.0,85.0,18.75,24.29
5337,2015-11-29,17.0,58.0,26.88,20.0
5338,2015-11-29,18.0,42.5,11.43,10.0
5346,2015-11-30,9.0,67.5,9.29,5.62
5347,2015-11-30,10.0,51.43,25.83,34.38
5348,2015-11-30,11.0,59.0,43.33,36.67
5349,2015-11-30,12.0,74.5,44.0,42.0
5350,2015-11-30,13.0,85.0,42.5,44.38
5351,2015-11-30,14.0,67.5,35.62,41.67
5352,2015-11-30,15.0,68.57,30.0,32.14
5353,2015-11-30,16.0,77.14,42.14,28.57
5354,2015-11-30,17.0,85.71,34.29,22.86
5355,2015-11-30,18.0,61.43,17.14,15.71
5356,2015-11-30,19.0,54.29,10.0,10.0
5357,2015-11-30,20.0,70.0,5.71,7.14
5358,2015-11-30,21.0,43.33,5.0,5.0
5359,2015-11-30,22.0,40.0,5.0,5.0
5361,2015-12-01,9.0,42.27,5.0,5.0
5362,2015-12-01,10.0,63.33,21.25,8.75
5363,2015-12-01,11.0,50.0,19.38,18.18
5364,2015-12-01,12.0,50.62,16.5,43.89
5365,2015-12-01,13.0,62.5,14.44,26.25
5366,2015-12-01,14.0,40.0,20.0,24.38
5367,2015-12-01,15.0,55.0,27.5,20.56
5368,2015-12-01,16.0,47.14,26.25,18.12
5369,2015-12-01,17.0,65.0,26.25,15.71
5370,2015-12-01,18.0,36.67,7.22,5.56
5378,2015-12-02,9.0,48.75,5.62,6.25
5379,2015-12-02,10.0,66.67,18.89,20.5
5380,2015-12-02,11.0,80.0,33.12,25.62
5381,2015-12-02,12.0,63.33,42.14,38.75
5382,2015-12-02,13.0,76.43,37.14,35.0
5383,2015-12-02,14.0,93.75,31.25,37.78
5384,2015-12-02,15.0,71.11,28.33,26.67
5385,2015-12-02,16.0,67.5,24.38,33.57
5386,2015-12-02,17.0,74.44,30.56,
5387,2015-12-02,18.0,50.0,14.38,
5388,2015-12-02,19.0,57.5,13.12,15.0
5389,2015-12-02,20.0,68.0,9.0,20.0
5390,2015-12-02,21.0,40.0,5.0,9.29
5391,2015-12-02,22.0,46.67,11.67,5.0
5396,2015-12-03,9.0,56.67,5.0,5.0
5397,2015-12-03,10.0,45.38,16.92,5.0
5398,2015-12-03,11.0,49.0,21.0,6.11
5399,2015-12-03,12.0,67.5,11.88,12.78
5400,2015-12-03,13.0,41.67,14.0,10.0
5401,2015-12-03,14.0,62.86,11.43,6.25
5402,2015-12-03,15.0,54.44,9.38,6.11
5403,2015-12-03,16.0,54.38,24.38,6.25
5404,2015-12-03,17.0,65.71,17.22,5.0
5405,2015-12-03,18.0,30.62,11.88,5.0
5412,2015-12-04,9.0,43.5,6.82,5.0
5413,2015-12-04,10.0,60.91,19.0,9.5
5414,2015-12-04,11.0,57.27,27.27,12.22
5415,2015-12-04,12.0,54.44,24.44,25.62
5416,2015-12-04,13.0,68.5,21.11,35.45
5417,2015-12-04,14.0,55.0,,36.11
5418,2015-12-04,15.0,50.0,20.83,43.89
5419,2015-12-04,16.0,77.5,21.88,26.11
5420,2015-12-04,17.0,60.0,26.11,13.75
5421,2015-12-04,18.0,41.25,16.88,5.0
5428,2015-12-05,8.0,30.0,5.0,5.0
5429,2015-12-05,9.0,60.0,9.38,7.5
5430,2015-12-05,10.0,60.0,12.92,18.89
5431,2015-12-05,11.0,62.22,31.82,33.75
5432,2015-12-05,12.0,76.67,27.22,38.12
5433,2015-12-05,13.0,88.89,44.38,50.56
5434,2015-12-05,14.0,92.5,27.5,38.89
5435,2015-12-05,15.0,84.44,20.56,43.33
5436,2015-12-05,16.0,85.0,34.38,48.75
5437,2015-12-05,17.0,80.0,29.44,40.62
5438,2015-12-05,18.0,50.0,22.22,16.25
5439,2015-12-05,19.0,70.0,27.78,20.0
5440,2015-12-05,20.0,77.5,30.56,24.44
5441,2015-12-05,21.0,40.0,14.38,5.56
5442,2015-12-05,22.0,49.0,12.5,7.78
5445,2015-12-06,9.0,42.5,7.5,5.0
5446,2015-12-06,10.0,60.0,7.5,11.67
5447,2015-12-06,11.0,53.75,25.0,25.0
5448,2015-12-06,12.0,51.25,27.78,34.55
5449,2015-12-06,13.0,76.25,18.0,37.5
5450,2015-12-06,14.0,54.44,23.75,23.75
5451,2015-12-06,15.0,56.67,15.62,19.5
5452,2015-12-06,16.0,78.89,25.0,25.0
5453,2015-12-06,17.0,54.44,22.5,30.62
5454,2015-12-06,18.0,47.78,16.5,5.62
5461,2015-12-07,9.0,45.0,6.88,
5462,2015-12-07,10.0,71.11,22.22,10.0
5463,2015-12-07,11.0,66.25,38.75,15.0
5464,2015-12-07,12.0,66.0,45.56,30.0
5465,2015-12-07,13.0,75.71,38.57,55.71
5466,2015-12-07,14.0,66.25,45.0,43.12
5467,2015-12-07,15.0,71.11,28.33,26.11
5468,2015-12-07,16.0,68.75,47.5,38.33
5469,2015-12-07,17.0,68.75,39.38,53.75
5470,2015-12-07,18.0,73.75,35.0,20.62
5471,2015-12-07,19.0,55.71,30.71,10.0
5472,2015-12-07,20.0,51.25,21.88,10.0
5473,2015-12-07,21.0,55.56,11.11,8.89
5474,2015-12-07,22.0,34.44,7.5,5.62
5476,2015-12-08,9.0,45.0,6.25,5.0
5477,2015-12-08,10.0,55.62,18.64,6.15
5478,2015-12-08,11.0,50.62,21.67,11.11
5479,2015-12-08,12.0,52.22,16.11,18.0
5480,2015-12-08,13.0,58.18,22.78,35.62
5481,2015-12-08,14.0,60.0,20.0,40.0
5482,2015-12-08,15.0,50.0,17.5,20.0
5483,2015-12-08,16.0,62.5,22.14,28.12
5484,2015-12-08,17.0,52.5,21.25,21.67
5485,2015-12-08,18.0,39.58,12.5,6.11
5492,2015-12-09,8.0,28.0,5.0,5.0
5493,2015-12-09,9.0,51.25,5.56,6.11
5494,2015-12-09,10.0,60.5,13.89,15.0
5495,2015-12-09,11.0,72.5,28.33,36.36
5496,2015-12-09,12.0,75.0,33.75,45.0
5497,2015-12-09,13.0,87.5,41.25,
5498,2015-12-09,14.0,78.75,55.0,43.89
5499,2015-12-09,15.0,61.11,30.0,43.75
5500,2015-12-09,16.0,83.0,32.22,53.89
5501,2015-12-09,17.0,88.75,41.88,34.38
5502,2015-12-09,18.0,57.0,33.33,28.33
5503,2015-12-09,19.0,70.0,25.56,16.88
5504,2015-12-09,20.0,60.0,18.0,13.12
5505,2015-12-09,21.0,42.0,6.25,10.62
5506,2015-12-09,22.0,44.44,9.55,5.0
5511,2015-12-10,9.0,43.75,5.0,5.0
5512,2015-12-10,10.0,58.5,10.0,11.67
5513,2015-12-10,11.0,62.0,35.45,
5514,2015-12-10,12.0,47.78,29.5,
5515,2015-12-10,13.0,56.25,21.67,45.0
5516,2015-12-10,14.0,58.89,23.33,49.0
5517,2015-12-10,15.0,47.0,16.88,48.89
5518,2015-12-10,16.0,53.75,21.25,60.71
5519,2015-12-10,17.0,62.0,24.55,50.56
5520,2015-12-10,18.0,38.89,11.67,16.25
5527,2015-12-11,9.0,39.38,5.0,5.56
5528,2015-12-11,10.0,60.83,8.75,12.0
5529,2015-12-11,11.0,60.0,31.11,27.22
5530,2015-12-11,12.0,50.0,30.83,35.0
5531,2015-12-11,13.0,68.89,20.5,35.62
5532,2015-12-11,14.0,83.33,19.0,45.0
5533,2015-12-11,15.0,73.75,18.75,30.71
5534,2015-12-11,16.0,60.0,21.88,31.5
5535,2015-12-11,17.0,51.25,20.0,23.75
5536,2015-12-11,18.0,44.44,18.33,7.5
5543,2015-12-12,8.0,60.0,6.43,5.0
5544,2015-12-12,9.0,60.0,12.22,10.0
5545,2015-12-12,10.0,52.5,23.89,24.38
5546,2015-12-12,11.0,66.67,48.75,45.62
5547,2015-12-12,12.0,92.14,51.67,68.33
5548,2015-12-12,13.0,97.78,51.25,64.38
5549,2015-12-12,14.0,105.0,59.17,54.17
5550,2015-12-12,15.0,85.0,,45.71
5551,2015-12-12,16.0,76.25,44.29,55.0
5552,2015-12-12,17.0,98.57,56.43,50.0
5553,2015-12-12,18.0,81.43,37.86,31.43
5554,2015-12-12,19.0,65.62,31.88,30.62
5555,2015-12-12,20.0,85.0,38.12,12.5
5556,2015-12-12,21.0,85.62,18.33,5.0
5557,2015-12-12,22.0,66.0,15.56,5.56
5561,2015-12-13,9.0,62.22,5.0,5.0
5562,2015-12-13,10.0,47.0,15.91,13.89
5563,2015-12-13,11.0,52.5,25.45,31.25
5564,2015-12-13,12.0,64.38,26.43,31.43
5565,2015-12-13,13.0,50.0,31.43,46.43
5566,2015-12-13,14.0,55.0,25.0,35.0
5567,2015-12-13,15.0,53.75,16.67,19.29
5568,2015-12-13,16.0,55.56,37.5,50.62
5569,2015-12-13,17.0,65.0,25.0,35.0
5570,2015-12-13,18.0,60.0,15.0,8.33
5578,2015-12-14,9.0,61.67,16.0,7.0
5579,2015-12-14,10.0,63.33,29.38,11.25
5580,2015-12-14,11.0,58.57,40.0,32.86
5581,2015-12-14,12.0,75.0,39.17,32.14
5582,2015-12-14,13.0,82.5,45.71,52.86
5583,2015-12-14,14.0,70.83,40.0,43.33
5584,2015-12-14,15.0,77.5,37.5,53.12
5585,2015-12-14,16.0,90.0,39.29,47.86
5586,2015-12-14,17.0,80.0,,38.33
5587,2015-12-14,18.0,57.5,,21.25
5588,2015-12-14,19.0,55.0,27.0,14.38
5589,2015-12-14,20.0,72.5,18.57,10.0
5590,2015-12-14,21.0,48.12,10.0,9.38
5591,2015-12-14,22.0,45.0,10.0,10.0
5593,2015-12-15,9.0,45.0,,5.0
5594,2015-12-15,10.0,61.67,17.5,7.5
5595,2015-12-15,11.0,64.58,23.89,13.89
5596,2015-12-15,12.0,45.5,20.0,25.62
5597,2015-12-15,13.0,56.25,22.5,38.75
5598,2015-12-15,14.0,51.25,25.0,21.43
5599,2015-12-15,15.0,50.0,16.88,25.56
5600,2015-12-15,16.0,62.14,16.88,27.78
5601,2015-12-15,17.0,66.25,26.11,34.38
5602,2015-12-15,18.0,38.89,11.11,7.78
5609,2015-12-16,8.0,33.75,5.0,5.0
5610,2015-12-16,9.0,45.0,5.0,6.5
5611,2015-12-16,10.0,66.25,16.88,32.0
5612,2015-12-16,11.0,63.75,35.0,48.12
5613,2015-12-16,12.0,67.5,40.0,67.14
5614,2015-12-16,13.0,73.75,,60.71
5615,2015-12-16,14.0,78.75,,59.38
5616,2015-12-16,15.0,63.75,,47.5
5617,2015-12-16,16.0,77.14,,54.29
5618,2015-12-16,17.0,74.29,,40.71
5619,2015-12-16,18.0,50.0,,33.12
5624,2015-12-16,19.0,,,24.17
5620,2015-12-16,20.0,50.0,,18.12
5621,2015-12-16,21.0,50.62,,6.43
5622,2015-12-16,22.0,60.0,,13.33
5628,2015-12-17,9.0,45.0,,5.0
5629,2015-12-17,10.0,57.22,7.5,12.5
5630,2015-12-17,11.0,47.78,27.5,31.11
5631,2015-12-17,12.0,55.0,23.89,40.56
5632,2015-12-17,13.0,55.0,22.5,48.0
5633,2015-12-17,14.0,50.0,24.29,44.29
5634,2015-12-17,15.0,52.86,15.0,32.14
5635,2015-12-17,16.0,63.0,22.86,38.57
5636,2015-12-17,17.0,66.25,33.89,43.75
5637,2015-12-17,18.0,31.43,19.17,13.33
5644,2015-12-18,8.0,30.0,5.0,5.0
5645,2015-12-18,9.0,49.0,5.0,5.56
5646,2015-12-18,10.0,56.25,7.5,7.0
5647,2015-12-18,11.0,46.67,22.0,11.88
5648,2015-12-18,12.0,60.0,20.0,21.67
5649,2015-12-18,13.0,43.75,21.11,26.88
5650,2015-12-18,14.0,67.0,28.12,27.14
5651,2015-12-18,15.0,57.5,17.78,17.5
5652,2015-12-18,16.0,53.33,23.0,25.0
5653,2015-12-18,17.0,60.0,28.75,22.5
5654,2015-12-18,18.0,33.75,19.0,5.0
5661,2015-12-19,8.0,36.11,5.62,5.0
5662,2015-12-19,9.0,49.29,10.0,5.0
5663,2015-12-19,10.0,81.25,28.75,5.62
5664,2015-12-19,11.0,84.29,37.86,20.71
5665,2015-12-19,12.0,82.5,,25.0
5666,2015-12-19,13.0,100.0,,42.14
5667,2015-12-19,14.0,110.0,42.14,45.0
5668,2015-12-19,15.0,118.75,54.38,34.38
5669,2015-12-19,16.0,104.38,52.5,29.38
5670,2015-12-19,17.0,101.43,59.29,24.29
5671,2015-12-19,18.0,91.67,42.5,10.83
5672,2015-12-19,19.0,75.0,38.75,5.0
5673,2015-12-19,20.0,52.86,24.29,5.0
5674,2015-12-19,21.0,65.71,21.43,5.0
5675,2015-12-19,22.0,70.0,12.5,5.0
5679,2015-12-20,8.0,40.91,6.5,5.0
5680,2015-12-20,9.0,68.33,17.22,7.5
5681,2015-12-20,10.0,85.0,43.12,
5682,2015-12-20,11.0,116.0,47.78,41.67
5683,2015-12-20,12.0,150.0,38.12,57.5
5694,2015-12-20,13.0,,44.44,58.0
5684,2015-12-20,14.0,126.0,50.5,65.0
5685,2015-12-20,15.0,150.0,47.5,34.29
5686,2015-12-20,16.0,160.0,46.88,38.33
5687,2015-12-20,17.0,72.78,33.12,39.44
5688,2015-12-20,18.0,78.75,33.33,41.25
5689,2015-12-20,19.0,98.75,25.62,9.38
5690,2015-12-20,20.0,57.5,13.12,5.62
5691,2015-12-20,21.0,72.5,10.5,7.5
5692,2015-12-20,22.0,70.0,10.0,8.75
5698,2015-12-21,8.0,63.33,10.0,9.17
5699,2015-12-21,9.0,78.57,23.33,26.67
5700,2015-12-21,10.0,85.0,,64.29
5701,2015-12-21,11.0,84.0,45.0,67.0
5702,2015-12-21,12.0,90.0,64.29,75.71
5703,2015-12-21,13.0,102.86,75.71,77.86
5704,2015-12-21,14.0,138.33,71.43,71.67
5705,2015-12-21,15.0,142.5,95.0,51.88
5706,2015-12-21,16.0,124.29,72.86,85.0
5707,2015-12-21,17.0,122.86,50.0,82.14
5708,2015-12-21,18.0,118.33,44.17,40.83
5709,2015-12-21,19.0,86.0,34.38,37.5
5710,2015-12-21,20.0,71.43,21.43,30.83
5711,2015-12-21,21.0,82.86,26.43,32.14
5712,2015-12-21,22.0,92.22,13.75,17.22
5716,2015-12-22,8.0,66.43,7.86,7.86
5717,2015-12-22,9.0,75.0,15.0,27.22
5718,2015-12-22,10.0,76.0,33.33,33.0
5719,2015-12-22,11.0,86.25,36.25,43.5
5720,2015-12-22,12.0,118.89,48.64,58.89
5721,2015-12-22,13.0,103.75,46.25,70.0
5722,2015-12-22,14.0,93.33,50.0,74.29
5723,2015-12-22,15.0,101.11,52.5,71.88
5724,2015-12-22,16.0,110.0,56.67,53.75
5725,2015-12-22,17.0,100.0,40.62,68.12
5726,2015-12-22,18.0,83.33,46.43,47.86
5727,2015-12-22,19.0,80.0,,26.88
5728,2015-12-22,20.0,65.0,27.5,25.0
5729,2015-12-22,21.0,83.33,28.33,
5730,2015-12-22,22.0,85.0,13.57,25.71
5734,2015-12-23,8.0,45.0,6.43,
5735,2015-12-23,9.0,60.0,9.29,
5736,2015-12-23,10.0,76.25,17.5,
5737,2015-12-23,11.0,95.0,,55.0
5738,2015-12-23,12.0,101.43,,57.5
5739,2015-12-23,13.0,90.0,25.0,72.5
5740,2015-12-23,14.0,103.33,46.67,60.0
5741,2015-12-23,15.0,115.0,47.14,50.71
5742,2015-12-23,16.0,88.75,45.0,64.38
5743,2015-12-23,17.0,95.71,55.0,80.71
5744,2015-12-23,18.0,73.33,51.25,61.25
5745,2015-12-23,19.0,67.5,34.38,26.25
5746,2015-12-23,20.0,53.75,13.57,20.0
5747,2015-12-23,21.0,53.33,33.75,24.38
5748,2015-12-23,22.0,63.75,16.25,15.62
5753,2015-12-24,8.0,38.89,6.25,8.12
5754,2015-12-24,9.0,50.0,10.0,29.44
5755,2015-12-24,10.0,87.14,30.0,48.57
5756,2015-12-24,11.0,118.89,55.0,51.67
5757,2015-12-24,12.0,111.67,44.17,75.0
5758,2015-12-24,13.0,107.14,62.14,92.86
5759,2015-12-24,14.0,102.0,54.17,90.0
5760,2015-12-24,15.0,115.71,45.0,71.43
5761,2015-12-24,16.0,113.33,41.67,86.67
5762,2015-12-24,17.0,111.25,50.62,90.62
5763,2015-12-24,18.0,90.0,40.0,70.0
5764,2015-12-24,19.0,76.0,16.0,53.0
5765,2015-12-24,20.0,75.71,8.57,16.43
5766,2015-12-24,21.0,90.0,6.88,13.75
5767,2015-12-24,22.0,54.29,5.0,15.71
5772,2015-12-25,8.0,73.12,10.0,11.88
5773,2015-12-25,9.0,77.0,25.0,45.0
5774,2015-12-25,10.0,105.0,55.56,59.38
5775,2015-12-25,11.0,138.57,62.5,73.57
5776,2015-12-25,12.0,121.25,47.5,66.67
5777,2015-12-25,13.0,89.29,44.29,97.14
5778,2015-12-25,14.0,101.88,40.0,63.0
5779,2015-12-25,15.0,122.86,28.57,77.86
5780,2015-12-25,16.0,118.75,42.14,83.57
5781,2015-12-25,17.0,86.67,47.5,77.5
5782,2015-12-25,18.0,76.88,30.0,50.0
5783,2015-12-25,19.0,87.5,16.25,24.38
5784,2015-12-25,20.0,51.67,14.17,26.67
5785,2015-12-25,21.0,60.0,7.86,12.14
5786,2015-12-25,22.0,62.5,10.62,15.62
5791,2015-12-26,8.0,38.57,7.86,7.14
5792,2015-12-26,9.0,94.44,15.0,33.75
5793,2015-12-26,10.0,108.89,30.0,40.0
5794,2015-12-26,11.0,102.5,48.12,70.62
5795,2015-12-26,12.0,75.71,39.44,66.88
5796,2015-12-26,13.0,115.0,45.0,75.62
5797,2015-12-26,14.0,115.0,46.25,99.38
5798,2015-12-26,15.0,111.25,49.38,78.12
5799,2015-12-26,16.0,120.0,50.71,74.29
5800,2015-12-26,17.0,120.0,40.71,72.14
5801,2015-12-26,18.0,120.0,40.0,82.86
5802,2015-12-26,19.0,95.0,36.67,51.25
5803,2015-12-26,20.0,75.0,7.5,15.0
5804,2015-12-26,21.0,75.0,,25.71
5805,2015-12-26,22.0,75.0,,16.67
5810,2015-12-27,8.0,62.14,6.88,5.0
5811,2015-12-27,9.0,75.0,13.18,27.0
5812,2015-12-27,10.0,75.0,53.57,48.33
5813,2015-12-27,11.0,90.0,58.57,56.43
5814,2015-12-27,12.0,105.0,38.75,65.0
5815,2015-12-27,13.0,105.0,42.0,77.5
5816,2015-12-27,14.0,105.0,53.0,82.0
5817,2015-12-27,15.0,105.0,36.25,63.57
5818,2015-12-27,16.0,115.0,59.29,89.29
5819,2015-12-27,17.0,101.0,38.0,64.0
5820,2015-12-27,18.0,95.0,38.33,86.88
5821,2015-12-27,19.0,97.14,19.29,42.86
5822,2015-12-27,20.0,58.75,21.88,22.5
5823,2015-12-27,21.0,60.0,17.22,24.38
5824,2015-12-27,22.0,67.14,13.57,23.57
5828,2015-12-28,8.0,105.0,6.43,14.17
5829,2015-12-28,9.0,87.5,38.33,35.0
5830,2015-12-28,10.0,88.89,60.0,63.33
5831,2015-12-28,11.0,112.22,75.0,78.75
5832,2015-12-28,12.0,118.89,63.75,
5833,2015-12-28,13.0,107.5,101.5,85.83
5834,2015-12-28,14.0,101.25,60.0,118.12
5835,2015-12-28,15.0,106.25,53.89,118.75
5836,2015-12-28,16.0,116.25,60.62,102.0
5837,2015-12-28,17.0,93.33,72.22,100.0
5838,2015-12-28,18.0,90.0,61.43,104.29
5839,2015-12-28,19.0,97.5,35.0,58.12
5840,2015-12-28,20.0,83.12,27.86,38.75
5841,2015-12-28,21.0,84.44,34.44,57.22
5842,2015-12-28,22.0,106.25,25.0,
5847,2015-12-29,8.0,50.0,5.0,11.82
5848,2015-12-29,9.0,102.5,24.0,38.75
5849,2015-12-29,10.0,105.0,80.0,68.89
5850,2015-12-29,11.0,115.0,62.14,100.0
5851,2015-12-29,12.0,107.22,65.0,101.67
5852,2015-12-29,13.0,147.0,76.0,115.56
5853,2015-12-29,14.0,176.67,,148.12
5854,2015-12-29,15.0,165.0,85.0,140.0
5855,2015-12-29,16.0,116.25,,117.5
5856,2015-12-29,17.0,104.29,,
5857,2015-12-29,18.0,102.86,,80.0
5862,2015-12-29,19.0,,,58.75
5858,2015-12-29,20.0,113.33,47.5,49.38
5859,2015-12-29,21.0,100.0,46.43,37.14
5860,2015-12-29,22.0,85.0,22.78,29.44
5865,2015-12-30,8.0,63.33,,10.0
5866,2015-12-30,9.0,78.33,,51.5
5867,2015-12-30,10.0,105.71,59.17,72.86
5868,2015-12-30,11.0,114.0,66.5,83.33
5869,2015-12-30,12.0,122.5,76.25,105.0
5870,2015-12-30,13.0,127.5,63.12,95.0
5871,2015-12-30,14.0,132.86,85.0,110.0
5872,2015-12-30,15.0,135.56,70.0,96.25
5873,2015-12-30,16.0,130.0,66.43,104.29
5874,2015-12-30,17.0,102.5,64.38,106.25
5875,2015-12-30,18.0,108.75,58.12,91.88
5876,2015-12-30,19.0,108.57,39.17,66.43
5877,2015-12-30,20.0,90.0,33.12,38.12
5878,2015-12-30,21.0,104.5,49.0,52.5
5879,2015-12-30,22.0,88.12,38.5,43.33
5884,2015-12-31,8.0,56.25,13.33,17.0
5885,2015-12-31,9.0,75.0,27.5,56.25
5886,2015-12-31,10.0,127.5,68.57,82.14
5887,2015-12-31,11.0,144.29,73.12,92.5
5888,2015-12-31,12.0,140.0,66.67,105.5
5889,2015-12-31,13.0,134.29,72.5,150.0
5890,2015-12-31,14.0,132.86,69.29,
5891,2015-12-31,15.0,150.0,72.0,103.33
5892,2015-12-31,16.0,180.0,79.38,136.88
5893,2015-12-31,17.0,160.0,66.0,165.0
5894,2015-12-31,18.0,116.88,48.89,82.5
5895,2015-12-31,19.0,120.0,35.71,62.86
5896,2015-12-31,20.0,120.0,31.43,49.29
5897,2015-12-31,21.0,107.78,41.0,46.67
5898,2015-12-31,22.0,71.67,25.0,31.67
5905,2016-01-01,8.0,46.36,5.0,6.88
5906,2016-01-01,9.0,71.25,10.0,20.91
5907,2016-01-01,10.0,68.75,24.29,42.5
5908,2016-01-01,11.0,78.0,31.67,49.44
5909,2016-01-01,12.0,81.82,33.5,44.44
5910,2016-01-01,13.0,86.67,35.62,69.38
5911,2016-01-01,14.0,83.75,39.44,89.44
5912,2016-01-01,15.0,98.89,41.5,46.67
5913,2016-01-01,16.0,103.33,33.89,54.44
5914,2016-01-01,17.0,77.0,45.5,54.44
5915,2016-01-01,18.0,75.0,26.88,40.62
5916,2016-01-01,19.0,66.25,9.38,27.5
5917,2016-01-01,20.0,53.12,12.5,18.75
5918,2016-01-01,21.0,68.89,13.89,26.67
5919,2016-01-01,22.0,48.75,7.5,15.0
5924,2016-01-02,8.0,37.5,5.0,5.0
5925,2016-01-02,9.0,88.33,10.5,12.27
5926,2016-01-02,10.0,77.78,29.44,10.56
5927,2016-01-02,11.0,91.82,40.0,20.0
5928,2016-01-02,12.0,114.29,39.44,30.62
5929,2016-01-02,13.0,85.0,34.17,43.12
5930,2016-01-02,14.0,78.75,45.71,75.0
5931,2016-01-02,15.0,102.5,62.86,70.0
5932,2016-01-02,16.0,110.91,56.15,39.17
5933,2016-01-02,17.0,110.0,49.38,68.12
5934,2016-01-02,18.0,97.27,43.33,50.56
5935,2016-01-02,19.0,87.5,35.0,27.22
5936,2016-01-02,20.0,59.29,25.71,11.25
5937,2016-01-02,21.0,68.75,23.75,7.5
5938,2016-01-02,22.0,66.25,13.33,11.67
5943,2016-01-03,9.0,33.75,5.71,5.0
5944,2016-01-03,10.0,61.25,11.0,5.71
5945,2016-01-03,11.0,43.33,17.22,6.67
5946,2016-01-03,12.0,64.29,17.86,11.43
5947,2016-01-03,13.0,65.0,16.43,12.5
5948,2016-01-03,14.0,52.86,16.88,8.57
5949,2016-01-03,15.0,68.57,15.0,7.86
5950,2016-01-03,16.0,61.43,19.38,6.43
5951,2016-01-03,17.0,34.44,5.0,5.0
5952,2016-01-03,18.0,46.25,5.62,5.0
5953,2016-01-03,19.0,33.33,5.0,5.0
5954,2016-01-03,20.0,31.25,5.0,5.0
5955,2016-01-03,21.0,22.22,5.0,5.0
5956,2016-01-03,22.0,26.67,5.0,5.0
5958,2016-01-04,9.0,55.71,7.78,5.0
5959,2016-01-04,10.0,60.0,32.5,15.0
5960,2016-01-04,11.0,81.25,52.86,37.86
5961,2016-01-04,12.0,105.71,56.43,55.0
5962,2016-01-04,13.0,126.0,62.5,85.0
5963,2016-01-04,14.0,145.0,56.88,79.38
5964,2016-01-04,15.0,130.0,49.17,50.0
5965,2016-01-04,16.0,112.5,66.88,71.25
5966,2016-01-04,17.0,120.0,48.75,56.25
5967,2016-01-04,18.0,125.0,45.62,32.78
5968,2016-01-04,19.0,100.0,50.0,31.36
5969,2016-01-04,20.0,74.0,25.0,13.12
5970,2016-01-04,21.0,68.57,10.71,5.0
5971,2016-01-04,22.0,52.5,13.57,5.0
5974,2016-01-05,9.0,53.33,5.0,5.0
5975,2016-01-05,10.0,70.0,28.89,14.17
5976,2016-01-05,11.0,101.43,41.67,36.67
5977,2016-01-05,12.0,93.75,47.5,38.5
5978,2016-01-05,13.0,96.67,54.17,
5979,2016-01-05,14.0,115.0,53.57,45.0
5980,2016-01-05,15.0,115.71,42.86,51.67
5981,2016-01-05,16.0,92.22,45.62,54.38
5982,2016-01-05,17.0,94.29,60.0,45.0
5983,2016-01-05,18.0,105.0,,20.0
5984,2016-01-05,19.0,61.11,10.0,8.33
5985,2016-01-05,20.0,42.5,15.0,6.67
5986,2016-01-05,21.0,45.0,9.17,5.83
5989,2016-01-06,9.0,40.62,5.0,5.0
5990,2016-01-06,10.0,67.86,27.14,7.5
5991,2016-01-06,11.0,73.33,34.44,14.0
5992,2016-01-06,12.0,55.71,40.62,21.88
5993,2016-01-06,13.0,87.14,34.17,30.83
5994,2016-01-06,14.0,93.75,34.29,25.0
5995,2016-01-06,15.0,73.75,30.62,18.33
5996,2016-01-06,16.0,74.29,41.43,25.0
5997,2016-01-06,17.0,78.33,31.67,35.71
5998,2016-01-06,18.0,58.33,23.33,7.14
5999,2016-01-06,19.0,56.67,22.5,5.0
6000,2016-01-06,20.0,40.0,10.0,5.0
6004,2016-01-07,9.0,45.0,5.0,5.0
6005,2016-01-07,10.0,58.89,10.71,7.5
6006,2016-01-07,11.0,81.25,35.5,17.5
6007,2016-01-07,12.0,68.75,37.86,32.86
6008,2016-01-07,13.0,75.0,30.0,33.57
6009,2016-01-07,14.0,70.0,38.89,34.38
6010,2016-01-07,15.0,68.89,35.0,44.09
6011,2016-01-07,16.0,75.0,37.78,
6012,2016-01-07,17.0,82.73,33.89,
6013,2016-01-07,18.0,68.33,22.86,23.33
6014,2016-01-07,19.0,55.0,5.62,36.25
6015,2016-01-07,20.0,40.0,6.0,6.88
6017,2016-01-08,9.0,45.0,10.0,10.0
6018,2016-01-08,10.0,45.71,12.5,10.0
6019,2016-01-08,11.0,48.89,18.33,6.67
6020,2016-01-08,12.0,56.67,26.43,
6021,2016-01-08,13.0,70.0,28.33,38.0
6022,2016-01-08,14.0,70.0,34.38,53.12
6023,2016-01-08,15.0,60.0,26.43,35.0
6024,2016-01-08,16.0,77.14,29.29,29.29
6025,2016-01-08,17.0,63.75,26.88,34.38
6026,2016-01-08,18.0,65.0,16.88,18.75
6027,2016-01-08,19.0,50.0,6.11,6.88
6028,2016-01-08,20.0,43.64,5.0,5.0
6045,2016-01-09,9.0,,,5.0
6031,2016-01-09,10.0,52.5,,6.43
6032,2016-01-09,11.0,66.67,,15.0
6033,2016-01-09,12.0,75.0,25.0,33.89
6034,2016-01-09,13.0,78.75,45.5,29.38
6035,2016-01-09,14.0,70.0,42.22,37.22
6036,2016-01-09,15.0,71.43,40.71,32.14
6037,2016-01-09,16.0,81.43,43.0,38.12
6038,2016-01-09,17.0,81.25,50.0,33.33
6039,2016-01-09,18.0,53.75,33.75,9.38
6040,2016-01-09,19.0,38.75,15.0,6.25
6041,2016-01-09,20.0,44.29,5.0,6.25
6042,2016-01-09,21.0,38.57,7.86,5.0
6043,2016-01-09,22.0,33.75,5.56,5.0
6046,2016-01-10,9.0,34.0,5.71,
6047,2016-01-10,10.0,45.56,19.5,
6048,2016-01-10,11.0,56.25,21.25,
6049,2016-01-10,12.0,61.25,25.56,
6050,2016-01-10,13.0,68.0,35.0,
6051,2016-01-10,14.0,85.71,27.5,
6052,2016-01-10,15.0,60.0,37.14,
6053,2016-01-10,16.0,76.67,38.33,
6054,2016-01-10,17.0,88.33,30.0,
6055,2016-01-10,18.0,52.22,,
6056,2016-01-10,19.0,51.43,9.29,
6057,2016-01-10,20.0,36.25,8.57,
6059,2016-01-11,9.0,42.5,5.83,
6060,2016-01-11,10.0,55.0,22.86,
6061,2016-01-11,11.0,62.5,28.75,
6062,2016-01-11,12.0,72.86,45.62,
6063,2016-01-11,13.0,72.5,42.14,
6064,2016-01-11,14.0,70.0,33.12,
6065,2016-01-11,15.0,74.44,36.25,
6066,2016-01-11,16.0,84.29,42.86,
6067,2016-01-11,17.0,86.0,31.88,
6068,2016-01-11,18.0,61.25,22.78,
6069,2016-01-11,19.0,52.86,7.86,
6071,2016-01-12,9.0,49.5,5.0,
6072,2016-01-12,10.0,66.11,20.0,
6073,2016-01-12,11.0,93.33,27.22,
6074,2016-01-12,12.0,77.5,33.85,
6075,2016-01-12,13.0,63.33,33.75,
6076,2016-01-12,14.0,72.0,26.0,
6077,2016-01-12,15.0,71.43,16.25,
6078,2016-01-12,16.0,70.0,24.44,
6079,2016-01-12,17.0,71.43,28.12,
6080,2016-01-12,18.0,57.5,12.5,
6081,2016-01-12,19.0,40.5,9.38,
6083,2016-01-13,9.0,52.5,5.0,
6084,2016-01-13,10.0,61.25,11.25,
6085,2016-01-13,11.0,60.0,27.5,
6086,2016-01-13,12.0,58.57,20.71,
6087,2016-01-13,13.0,66.67,24.17,
6088,2016-01-13,14.0,74.38,20.62,
6089,2016-01-13,15.0,56.88,17.5,
6090,2016-01-13,16.0,62.78,32.22,
6091,2016-01-13,17.0,77.78,21.25,
6092,2016-01-13,18.0,72.5,15.0,
6093,2016-01-13,19.0,35.0,5.83,
6097,2016-01-14,9.0,51.25,5.0,
6098,2016-01-14,10.0,64.0,26.36,
6099,2016-01-14,11.0,88.33,28.33,
6100,2016-01-14,12.0,71.25,33.75,
6101,2016-01-14,13.0,65.0,33.57,
6102,2016-01-14,14.0,61.67,28.33,
6103,2016-01-14,15.0,82.5,28.12,
6104,2016-01-14,16.0,72.5,30.56,
6105,2016-01-14,17.0,65.0,26.11,
6106,2016-01-14,18.0,70.0,20.0,
6107,2016-01-14,19.0,35.56,7.5,
6110,2016-01-15,9.0,38.33,5.0,5.71
6111,2016-01-15,10.0,51.43,6.25,5.0
6112,2016-01-15,11.0,27.86,7.14,12.5
6113,2016-01-15,12.0,46.67,8.75,28.12
6114,2016-01-15,13.0,57.78,8.33,30.0
6115,2016-01-15,14.0,47.5,11.43,33.57
6116,2016-01-15,15.0,57.14,12.86,31.43
6117,2016-01-15,16.0,53.33,13.33,35.83
6118,2016-01-15,17.0,53.75,11.88,41.67
6119,2016-01-15,18.0,58.33,10.0,15.0
6120,2016-01-15,19.0,43.33,8.33,19.29
6121,2016-01-15,20.0,52.5,5.62,5.0
6122,2016-01-15,21.0,38.75,5.62,5.0
6123,2016-01-15,22.0,46.25,7.86,5.0
6126,2016-01-16,8.0,38.18,5.0,5.0
6127,2016-01-16,9.0,50.62,,5.0
6128,2016-01-16,10.0,88.33,,22.86
6129,2016-01-16,11.0,85.71,30.0,43.57
6130,2016-01-16,12.0,93.33,50.56,49.44
6131,2016-01-16,13.0,110.56,50.0,60.56
6132,2016-01-16,14.0,101.11,47.78,61.67
6133,2016-01-16,15.0,77.5,49.29,53.57
6134,2016-01-16,16.0,91.25,55.62,69.38
6135,2016-01-16,17.0,95.71,43.57,48.57
6136,2016-01-16,18.0,75.71,41.88,44.38
6137,2016-01-16,19.0,71.43,33.57,28.57
6138,2016-01-16,20.0,85.0,25.83,28.0
6139,2016-01-16,21.0,62.86,20.0,40.0
6140,2016-01-16,22.0,50.0,24.0,18.33
6143,2016-01-17,9.0,70.0,10.0,7.0
6144,2016-01-17,10.0,60.0,15.0,16.67
6145,2016-01-17,11.0,58.0,21.0,5.0
6146,2016-01-17,12.0,68.33,25.83,13.33
6147,2016-01-17,13.0,80.0,27.5,27.5
6148,2016-01-17,14.0,90.0,39.38,33.12
6149,2016-01-17,15.0,82.5,38.75,38.75
6150,2016-01-17,16.0,81.43,35.71,37.86
6151,2016-01-17,17.0,80.0,26.25,24.29
6152,2016-01-17,18.0,51.43,20.0,8.33
6153,2016-01-17,19.0,61.43,17.86,5.0
6154,2016-01-17,20.0,54.44,13.57,5.0
6155,2016-01-17,21.0,50.0,7.5,5.0
6156,2016-01-17,22.0,41.43,5.0,5.0
6159,2016-01-18,9.0,45.0,5.0,7.22
6160,2016-01-18,10.0,60.56,12.22,20.0
6161,2016-01-18,11.0,68.75,28.75,
6162,2016-01-18,12.0,75.0,38.89,20.0
6163,2016-01-18,13.0,96.25,30.0,40.0
6164,2016-01-18,14.0,102.5,43.75,52.5
6165,2016-01-18,15.0,76.25,28.75,25.0
6166,2016-01-18,16.0,78.57,37.14,40.0
6167,2016-01-18,17.0,102.86,30.0,30.0
6168,2016-01-18,18.0,90.0,14.29,20.0
6169,2016-01-18,19.0,90.0,10.0,20.0
6170,2016-01-18,20.0,45.0,10.0,20.0
6171,2016-01-18,21.0,45.0,10.0,12.5
6172,2016-01-18,22.0,45.0,10.0,10.0
6175,2016-01-19,9.0,45.0,10.0,12.0
6176,2016-01-19,10.0,60.0,11.0,10.71
6177,2016-01-19,11.0,90.0,29.17,10.0
6178,2016-01-19,12.0,92.5,36.25,19.0
6179,2016-01-19,13.0,95.0,42.5,45.62
6180,2016-01-19,14.0,123.89,39.38,20.62
6181,2016-01-19,15.0,96.25,35.56,17.78
6182,2016-01-19,16.0,73.33,39.17,22.86
6183,2016-01-19,17.0,92.5,25.83,7.86
6184,2016-01-19,18.0,87.14,16.88,5.0
6185,2016-01-19,19.0,45.71,5.0,5.0
6186,2016-01-19,20.0,43.57,5.71,5.0
6187,2016-01-19,21.0,52.86,5.0,5.0
6188,2016-01-19,22.0,32.22,5.0,5.0
6190,2016-01-20,9.0,30.0,7.5,
6191,2016-01-20,10.0,62.22,5.62,9.17
6192,2016-01-20,11.0,68.57,15.0,19.29
6193,2016-01-20,12.0,70.0,22.5,39.29
6194,2016-01-20,13.0,61.43,21.25,45.0
6195,2016-01-20,14.0,83.33,26.67,27.5
6196,2016-01-20,15.0,76.67,20.62,29.38
6197,2016-01-20,16.0,61.67,25.0,27.5
6198,2016-01-20,17.0,62.5,19.29,22.86
6199,2016-01-20,18.0,68.57,12.14,10.0
6200,2016-01-20,19.0,37.78,5.0,5.0
6201,2016-01-20,20.0,40.0,,5.0
6205,2016-01-21,9.0,45.0,5.0,5.0
6206,2016-01-21,10.0,61.67,30.0,6.25
6207,2016-01-21,11.0,70.0,21.11,40.0
6208,2016-01-21,12.0,65.56,16.25,45.0
6209,2016-01-21,13.0,66.25,23.75,45.0
6210,2016-01-21,14.0,82.0,26.0,40.83
6211,2016-01-21,15.0,71.25,20.62,27.5
6212,2016-01-21,16.0,72.5,36.88,31.25
6213,2016-01-21,17.0,88.75,25.56,46.25
6214,2016-01-21,18.0,57.78,23.75,25.0
6215,2016-01-21,19.0,45.0,5.0,5.0
6218,2016-01-22,9.0,45.0,8.75,10.0
6219,2016-01-22,10.0,50.0,14.29,11.88
6220,2016-01-22,11.0,47.5,16.25,10.0
6221,2016-01-22,12.0,51.25,12.22,5.62
6222,2016-01-22,13.0,37.5,9.5,10.0
6223,2016-01-22,14.0,64.29,6.67,25.83
6224,2016-01-22,15.0,61.25,8.75,18.75
6225,2016-01-22,16.0,46.67,8.12,20.62
6226,2016-01-22,17.0,66.25,6.0,17.5
6227,2016-01-22,18.0,38.0,7.5,5.0
6228,2016-01-22,19.0,50.0,6.43,5.0
6229,2016-01-22,20.0,31.67,6.43,5.71
6230,2016-01-22,21.0,41.25,7.22,5.62
6232,2016-01-23,9.0,45.0,7.5,5.0
6233,2016-01-23,10.0,57.86,17.22,5.0
6234,2016-01-23,11.0,51.11,19.38,5.0
6235,2016-01-23,12.0,66.67,30.83,6.67
6236,2016-01-23,13.0,80.0,31.25,10.0
6237,2016-01-23,14.0,112.5,47.5,6.88
6238,2016-01-23,15.0,102.5,32.5,5.62
6239,2016-01-23,16.0,65.0,30.0,6.88
6240,2016-01-23,17.0,82.5,,5.0
6241,2016-01-23,18.0,81.25,18.75,5.0
6242,2016-01-23,19.0,50.0,,5.0
6243,2016-01-23,20.0,55.0,,5.0
6244,2016-01-23,21.0,38.33,,5.0
6245,2016-01-23,22.0,47.14,,5.0
6248,2016-01-24,9.0,49.38,5.45,5.0
6249,2016-01-24,10.0,63.33,,5.0
6250,2016-01-24,11.0,74.0,30.0,5.0
6251,2016-01-24,12.0,93.64,50.0,31.11
6252,2016-01-24,13.0,110.0,36.67,31.25
6253,2016-01-24,14.0,91.25,,31.25
6254,2016-01-24,15.0,78.57,43.0,17.86
6255,2016-01-24,16.0,95.71,56.25,25.0
6256,2016-01-24,17.0,90.0,41.88,9.29
6257,2016-01-24,18.0,54.38,46.11,5.0
6258,2016-01-24,19.0,70.0,30.0,5.0
6259,2016-01-24,20.0,54.44,11.88,6.88
6260,2016-01-24,21.0,33.75,5.0,5.0
6261,2016-01-24,22.0,36.25,5.0,5.0
6263,2016-01-25,9.0,38.33,7.5,5.0
6264,2016-01-25,10.0,57.86,20.5,6.67
6265,2016-01-25,11.0,96.25,38.12,19.5
6266,2016-01-25,12.0,82.22,39.44,44.0
6267,2016-01-25,13.0,70.0,39.29,56.43
6268,2016-01-25,14.0,75.0,38.75,36.25
6269,2016-01-25,15.0,84.0,31.0,38.0
6270,2016-01-25,16.0,67.5,36.25,31.88
6271,2016-01-25,17.0,64.5,29.38,32.22
6272,2016-01-25,18.0,76.25,26.25,27.78
6273,2016-01-25,19.0,61.43,11.88,10.0
6274,2016-01-25,20.0,32.5,10.71,10.0
6276,2016-01-26,9.0,54.0,8.57,5.0
6277,2016-01-26,10.0,62.86,25.0,16.0
6278,2016-01-26,11.0,65.56,39.17,29.29
6279,2016-01-26,12.0,60.0,36.43,66.43
6280,2016-01-26,13.0,76.25,40.0,60.83
6281,2016-01-26,14.0,95.62,41.25,44.44
6282,2016-01-26,15.0,56.25,,38.12
6283,2016-01-26,16.0,64.29,28.12,32.86
6284,2016-01-26,17.0,88.89,40.0,35.62
6285,2016-01-26,18.0,51.43,25.0,26.43
6286,2016-01-26,19.0,41.43,11.25,5.71
6288,2016-01-27,9.0,30.0,5.0,5.0
6289,2016-01-27,10.0,45.0,12.86,6.25
6290,2016-01-27,11.0,48.33,9.29,14.17
6291,2016-01-27,12.0,50.0,7.14,13.33
6292,2016-01-27,13.0,41.67,7.5,13.33
6293,2016-01-27,14.0,48.33,10.0,6.67
6294,2016-01-27,15.0,51.43,6.43,5.71
6295,2016-01-27,16.0,42.5,13.33,10.0
6296,2016-01-27,18.0,24.0,5.0,6.0
6297,2016-01-27,19.0,26.67,5.62,5.0
6301,2016-01-28,9.0,56.67,5.71,5.0
6302,2016-01-28,10.0,36.0,25.56,10.0
6303,2016-01-28,11.0,52.5,23.75,10.0
6304,2016-01-28,12.0,63.75,11.88,6.88
6305,2016-01-28,13.0,40.0,7.5,7.14
6306,2016-01-28,14.0,50.0,10.0,8.75
6307,2016-01-28,15.0,40.0,8.57,6.67
6308,2016-01-28,16.0,40.0,5.62,10.0
6309,2016-01-28,17.0,27.14,5.0,5.0
6310,2016-01-28,18.0,28.57,5.0,5.0
6311,2016-01-28,19.0,12.86,5.0,5.0
6314,2016-01-29,9.0,62.5,11.5,5.0
6315,2016-01-29,10.0,75.0,28.75,16.67
6316,2016-01-29,11.0,71.25,37.14,25.0
6317,2016-01-29,12.0,84.29,46.43,33.89
6318,2016-01-29,13.0,93.5,30.0,35.0
6319,2016-01-29,14.0,91.43,43.57,48.0
6320,2016-01-29,15.0,91.25,29.38,
6321,2016-01-29,16.0,103.75,35.56,44.0
6322,2016-01-29,17.0,116.25,32.5,55.0
6323,2016-01-29,18.0,97.5,28.33,14.38
6324,2016-01-29,19.0,47.27,16.88,6.43
6325,2016-01-29,20.0,70.0,14.38,5.71
6326,2016-01-29,21.0,55.0,10.0,5.0
6327,2016-01-29,22.0,43.0,5.0,5.0
6330,2016-01-30,8.0,30.0,5.0,
6331,2016-01-30,9.0,44.0,7.78,5.0
6332,2016-01-30,10.0,73.33,10.56,13.89
6333,2016-01-30,11.0,83.75,28.89,37.86
6334,2016-01-30,12.0,57.14,36.25,39.29
6335,2016-01-30,13.0,72.27,33.12,41.67
6336,2016-01-30,14.0,90.0,35.62,33.12
6337,2016-01-30,15.0,84.0,34.38,27.78
6338,2016-01-30,16.0,83.75,32.5,37.22
6339,2016-01-30,17.0,98.75,38.33,29.38
6340,2016-01-30,18.0,71.25,36.25,22.5
6341,2016-01-30,19.0,64.44,26.11,8.75
6342,2016-01-30,20.0,77.5,20.0,7.5
6343,2016-01-30,21.0,75.45,9.44,5.71
6344,2016-01-30,22.0,50.62,11.11,7.5
6348,2016-01-31,9.0,80.0,7.5,5.0
6349,2016-01-31,10.0,68.57,24.17,15.0
6350,2016-01-31,11.0,56.25,31.11,21.25
6351,2016-01-31,12.0,87.5,38.75,31.88
6352,2016-01-31,13.0,105.0,35.42,36.88
6353,2016-01-31,14.0,111.43,41.67,37.14
6354,2016-01-31,15.0,84.29,34.44,32.5
6355,2016-01-31,16.0,68.75,35.62,36.67
6356,2016-01-31,17.0,95.0,33.75,33.89
6357,2016-01-31,18.0,90.0,21.88,28.33
6358,2016-01-31,19.0,60.0,17.5,10.0
6359,2016-01-31,20.0,75.0,6.88,6.25
6360,2016-01-31,21.0,41.0,5.0,5.0
6361,2016-01-31,22.0,45.71,5.0,5.0
6362,2016-02-01,9.0,45.0,9.38,5.0
6363,2016-02-01,10.0,72.22,29.38,23.33
6364,2016-02-01,11.0,91.43,26.43,34.29
6365,2016-02-01,12.0,55.0,31.25,48.75
6366,2016-02-01,13.0,74.0,35.0,54.0
6367,2016-02-01,14.0,101.11,44.17,43.89
6368,2016-02-01,15.0,62.22,28.75,41.82
6369,2016-02-01,16.0,58.75,26.25,42.5
6370,2016-02-01,17.0,89.38,22.14,41.43
6371,2016-02-01,18.0,51.88,15.62,29.44
6372,2016-02-01,19.0,54.44,10.0,10.0
6373,2016-02-01,20.0,42.22,10.0,12.5
6374,2016-02-01,21.0,48.75,8.33,8.33
6375,2016-02-01,22.0,36.67,5.0,5.0
6377,2016-02-02,9.0,53.89,7.22,4.38
6378,2016-02-02,10.0,65.0,11.25,19.5
6379,2016-02-02,11.0,53.33,27.78,32.5
6380,2016-02-02,12.0,58.75,20.71,48.57
6381,2016-02-02,13.0,74.0,25.0,47.5
6382,2016-02-02,14.0,49.09,16.11,48.75
6383,2016-02-02,15.0,67.78,13.12,39.38
6384,2016-02-02,16.0,84.44,25.56,35.62
6385,2016-02-02,17.0,54.44,9.38,40.62
6386,2016-02-02,18.0,56.36,10.0,47.78
6387,2016-02-02,19.0,42.73,6.43,11.88
6389,2016-02-03,9.0,35.0,10.71,10.0
6390,2016-02-03,10.0,67.78,27.27,17.5
6391,2016-02-03,11.0,83.75,23.64,33.0
6392,2016-02-03,12.0,51.25,22.22,62.22
6393,2016-02-03,13.0,58.57,15.0,85.5
6394,2016-02-03,14.0,75.0,12.22,40.0
6395,2016-02-03,15.0,56.67,12.5,33.33
6396,2016-02-03,16.0,60.0,17.5,35.0
6397,2016-02-03,17.0,54.29,12.5,47.86
6398,2016-02-03,18.0,45.62,10.0,27.14
6399,2016-02-03,19.0,28.33,5.0,8.33
6403,2016-02-04,9.0,45.0,5.0,5.0
6404,2016-02-04,10.0,66.0,19.0,15.0
6405,2016-02-04,11.0,51.25,21.88,21.67
6406,2016-02-04,12.0,53.33,13.12,29.44
6407,2016-02-04,13.0,75.0,19.17,29.17
6408,2016-02-04,14.0,52.22,10.0,20.0
6409,2016-02-04,15.0,57.78,10.0,20.0
6410,2016-02-04,16.0,77.0,12.5,19.38
6411,2016-02-04,17.0,36.67,5.0,31.67
6413,2016-02-04,18.0,,5.0,15.83
6414,2016-02-04,19.0,,5.0,5.62
6412,2016-02-04,20.0,15.0,5.0,5.0
6417,2016-02-05,9.0,45.0,8.33,5.0
6418,2016-02-05,10.0,62.86,15.62,5.0
6419,2016-02-05,11.0,60.0,31.25,6.25
6420,2016-02-05,12.0,67.5,33.12,25.62
6421,2016-02-05,13.0,90.0,32.5,19.38
6422,2016-02-05,14.0,98.75,38.89,28.89
6423,2016-02-05,15.0,83.75,33.12,31.88
6424,2016-02-05,16.0,64.44,34.38,35.62
6425,2016-02-05,17.0,78.75,30.0,18.33
6426,2016-02-05,18.0,82.5,27.22,5.56
6427,2016-02-05,19.0,71.25,11.88,5.0
6428,2016-02-05,20.0,36.25,9.29,5.0
6429,2016-02-05,21.0,55.0,6.25,5.0
6430,2016-02-05,22.0,40.0,5.0,5.0
6434,2016-02-06,8.0,30.0,6.25,5.0
6435,2016-02-06,9.0,50.0,5.62,5.0
6436,2016-02-06,10.0,61.43,12.5,7.86
6437,2016-02-06,11.0,87.14,23.12,8.5
6438,2016-02-06,12.0,101.25,29.0,9.17
6439,2016-02-06,13.0,84.0,28.0,14.0
6440,2016-02-06,14.0,70.0,38.33,10.83
6441,2016-02-06,15.0,75.0,22.86,12.5
6442,2016-02-06,16.0,80.0,35.0,18.0
6443,2016-02-06,17.0,78.57,24.0,9.29
6444,2016-02-06,18.0,45.0,11.43,5.0
6445,2016-02-06,19.0,38.33,5.0,5.0
6446,2016-02-06,20.0,41.43,5.0,5.0
6447,2016-02-06,21.0,24.29,5.0,5.0
6448,2016-02-06,22.0,41.11,5.0,5.0
6452,2016-02-07,9.0,41.25,7.5,5.0
6453,2016-02-07,10.0,61.88,19.0,5.0
6454,2016-02-07,11.0,116.25,25.0,6.25
6455,2016-02-07,12.0,73.75,30.5,15.71
6456,2016-02-07,13.0,75.0,31.67,24.38
6457,2016-02-07,14.0,106.25,35.62,23.12
6458,2016-02-07,15.0,102.22,31.88,20.62
6459,2016-02-07,16.0,65.0,36.25,35.62
6460,2016-02-07,17.0,78.57,27.5,13.75
6461,2016-02-07,18.0,81.67,16.43,9.29
6462,2016-02-07,19.0,58.75,8.89,5.0
6463,2016-02-07,20.0,43.75,5.0,5.0
6464,2016-02-07,21.0,57.5,6.25,5.0
6465,2016-02-07,22.0,32.22,5.0,5.0
6468,2016-02-08,9.0,43.5,5.71,5.0
6469,2016-02-08,10.0,76.25,19.55,10.0
6470,2016-02-08,11.0,86.67,36.11,44.38
6471,2016-02-08,12.0,82.5,43.12,56.88
6472,2016-02-08,13.0,89.0,46.88,67.86
6473,2016-02-08,14.0,100.0,48.75,49.38
6474,2016-02-08,15.0,105.0,39.38,44.29
6475,2016-02-08,16.0,93.33,45.56,47.22
6476,2016-02-08,17.0,91.11,36.67,34.44
6477,2016-02-08,18.0,81.25,26.88,29.38
6478,2016-02-08,19.0,71.11,16.11,26.67
6479,2016-02-08,20.0,71.25,15.5,12.5
6480,2016-02-08,21.0,58.89,10.0,10.0
6481,2016-02-08,22.0,38.75,10.0,10.0
6485,2016-02-09,9.0,51.67,5.0,5.0
6486,2016-02-09,10.0,65.71,21.67,10.0
6487,2016-02-09,11.0,77.14,37.86,
6488,2016-02-09,12.0,87.5,36.25,27.5
6489,2016-02-09,13.0,85.0,35.0,38.12
6490,2016-02-09,14.0,91.43,25.0,26.43
6491,2016-02-09,15.0,75.0,21.88,22.5
6492,2016-02-09,16.0,83.75,29.38,28.12
6493,2016-02-09,17.0,85.0,16.88,10.0
6494,2016-02-09,18.0,46.25,10.0,7.5
6495,2016-02-09,19.0,66.67,10.0,5.0
6496,2016-02-09,20.0,50.0,8.33,5.0
6497,2016-02-09,21.0,37.5,5.0,5.0
6498,2016-02-09,22.0,32.5,5.0,5.0
6499,2016-02-10,9.0,47.14,7.5,5.0
6500,2016-02-10,10.0,85.71,27.86,7.14
6501,2016-02-10,11.0,86.25,26.88,21.25
6502,2016-02-10,12.0,52.14,34.38,27.14
6503,2016-02-10,13.0,81.43,25.71,37.86
6504,2016-02-10,14.0,91.25,31.25,32.5
6505,2016-02-10,15.0,65.0,22.0,22.5
6506,2016-02-10,16.0,70.0,29.38,33.12
6507,2016-02-10,17.0,87.5,20.0,12.5
6508,2016-02-10,18.0,58.89,11.25,6.25
6509,2016-02-10,19.0,55.0,5.0,5.0
6510,2016-02-10,20.0,35.0,,
6522,2016-02-11,11.0,,45.0,25.0
6511,2016-02-11,12.0,90.0,55.0,37.5
6512,2016-02-11,13.0,97.5,31.88,60.62
6513,2016-02-11,14.0,138.33,32.5,45.0
6514,2016-02-11,15.0,152.86,26.25,43.57
6515,2016-02-11,16.0,120.0,35.71,43.33
6516,2016-02-11,17.0,76.67,41.67,40.83
6517,2016-02-11,18.0,81.43,24.29,50.71
6518,2016-02-11,19.0,90.0,16.43,18.33
6519,2016-02-11,20.0,90.0,14.29,13.57
6520,2016-02-11,21.0,62.0,7.5,6.25
6521,2016-02-11,22.0,45.0,5.0,5.0
6525,2016-02-12,9.0,57.5,12.86,14.0
6526,2016-02-12,10.0,76.88,40.0,35.0
6527,2016-02-12,11.0,95.0,41.25,48.75
6528,2016-02-12,12.0,104.29,39.29,72.5
6529,2016-02-12,13.0,82.5,40.56,68.12
6530,2016-02-12,14.0,82.5,40.0,54.38
6531,2016-02-12,15.0,95.0,37.78,55.62
6532,2016-02-12,16.0,111.25,42.78,55.0
6539,2016-02-12,17.0,,32.22,47.22
6533,2016-02-12,18.0,110.0,30.0,33.5
6534,2016-02-12,19.0,78.57,27.14,21.67
6535,2016-02-12,20.0,77.5,22.14,27.86
6536,2016-02-12,21.0,82.5,7.5,9.38
6537,2016-02-12,22.0,40.0,9.44,5.0
6541,2016-02-13,8.0,40.5,6.25,5.0
6542,2016-02-13,9.0,50.56,10.56,5.0
6543,2016-02-13,10.0,80.0,28.57,
6544,2016-02-13,11.0,110.0,41.43,
6545,2016-02-13,12.0,124.44,56.88,
6546,2016-02-13,13.0,131.43,73.12,
6547,2016-02-13,14.0,121.25,48.12,
6548,2016-02-13,15.0,116.25,53.0,67.14
6549,2016-02-13,16.0,125.0,38.33,73.75
6550,2016-02-13,17.0,130.0,55.56,65.62
6551,2016-02-13,18.0,123.12,48.12,56.25
6552,2016-02-13,19.0,86.0,42.5,31.88
6553,2016-02-13,20.0,72.22,35.62,20.62
6554,2016-02-13,21.0,98.57,15.0,10.0
6555,2016-02-13,22.0,57.5,19.17,7.5
6560,2016-02-14,8.0,38.0,5.0,5.62
6561,2016-02-14,9.0,55.0,5.0,5.0
6562,2016-02-14,10.0,91.25,24.38,16.88
6563,2016-02-14,11.0,112.5,47.5,39.38
6564,2016-02-14,12.0,106.67,56.25,68.75
6565,2016-02-14,13.0,105.0,51.11,68.12
6566,2016-02-14,14.0,116.25,55.0,54.38
6567,2016-02-14,15.0,133.33,,66.25
6568,2016-02-14,16.0,130.0,51.67,59.38
6569,2016-02-14,17.0,112.5,41.25,53.75
6570,2016-02-14,18.0,100.0,,35.62
6571,2016-02-14,19.0,86.25,,20.0
6572,2016-02-14,20.0,76.25,,15.62
6573,2016-02-14,21.0,67.5,,11.25
6574,2016-02-14,22.0,50.0,,6.25
6577,2016-02-15,9.0,45.0,6.25,5.0
6578,2016-02-15,10.0,66.67,26.67,15.56
6579,2016-02-15,11.0,96.0,33.33,42.78
6580,2016-02-15,12.0,88.75,41.67,40.62
6581,2016-02-15,13.0,91.25,36.88,53.33
6582,2016-02-15,14.0,113.0,45.62,51.67
6583,2016-02-15,15.0,118.89,39.0,30.56
6584,2016-02-15,16.0,116.25,60.0,46.67
6585,2016-02-15,17.0,76.25,45.0,33.12
6586,2016-02-15,18.0,80.0,36.11,32.5
6587,2016-02-15,19.0,78.75,31.67,6.67
6588,2016-02-15,20.0,40.0,11.25,5.0
6591,2016-02-15,21.0,,6.11,5.0
6589,2016-02-15,22.0,20.0,10.0,9.44
6593,2016-02-16,9.0,73.75,10.0,5.62
6594,2016-02-16,10.0,90.0,22.5,30.0
6595,2016-02-16,11.0,115.0,40.62,50.45
6596,2016-02-16,12.0,111.67,46.43,59.17
6597,2016-02-16,13.0,108.0,48.75,66.25
6598,2016-02-16,14.0,115.0,53.75,70.56
6599,2016-02-16,15.0,78.75,31.88,58.12
6600,2016-02-16,16.0,90.0,37.78,55.0
6601,2016-02-16,17.0,112.5,23.12,47.5
6602,2016-02-16,18.0,91.43,15.71,37.86
6603,2016-02-16,19.0,64.44,18.89,16.11
6604,2016-02-16,20.0,58.75,6.43,6.43
6605,2016-02-16,21.0,43.75,5.0,7.86
6606,2016-02-16,22.0,51.25,5.0,5.0
6608,2016-02-17,9.0,60.0,6.67,5.62
6609,2016-02-17,10.0,70.0,31.88,19.29
6610,2016-02-17,11.0,93.75,44.38,28.57
6611,2016-02-17,12.0,113.33,44.29,52.14
6612,2016-02-17,13.0,102.5,31.11,62.22
6613,2016-02-17,14.0,73.75,38.75,50.0
6614,2016-02-17,15.0,94.29,36.43,45.0
6615,2016-02-17,16.0,93.75,36.25,56.88
6616,2016-02-17,17.0,80.0,29.44,36.88
6617,2016-02-17,18.0,62.5,27.86,28.57
6618,2016-02-17,19.0,77.78,16.25,15.62
6619,2016-02-17,20.0,81.25,17.5,8.12
6620,2016-02-17,21.0,41.25,12.5,5.62
6624,2016-02-18,9.0,43.33,5.0,5.0
6625,2016-02-18,10.0,62.5,17.14,20.71
6626,2016-02-18,11.0,104.44,40.0,38.12
6627,2016-02-18,12.0,100.0,34.29,47.86
6628,2016-02-18,13.0,86.67,42.5,64.17
6629,2016-02-18,14.0,90.0,44.38,40.0
6630,2016-02-18,15.0,98.0,40.0,48.0
6631,2016-02-18,16.0,90.0,42.78,56.25
6632,2016-02-18,17.0,95.0,42.5,44.38
6633,2016-02-18,18.0,88.57,28.57,38.57
6634,2016-02-18,19.0,63.33,15.0,10.83
6635,2016-02-18,20.0,45.0,10.0,5.0
6636,2016-02-18,21.0,46.67,8.75,5.0
6639,2016-02-19,9.0,56.25,10.56,10.0
6640,2016-02-19,10.0,67.5,24.44,30.0
6641,2016-02-19,11.0,86.25,33.57,30.0
6642,2016-02-19,12.0,83.33,31.25,29.5
6643,2016-02-19,13.0,90.0,35.0,42.14
6644,2016-02-19,14.0,106.25,30.62,50.0
6645,2016-02-19,15.0,92.5,31.0,44.44
6646,2016-02-19,16.0,84.29,30.62,40.71
6647,2016-02-19,17.0,88.33,34.17,37.14
6648,2016-02-19,18.0,85.0,22.22,25.0
6649,2016-02-19,19.0,58.57,7.86,5.0
6650,2016-02-19,20.0,42.86,6.25,9.29
6651,2016-02-19,21.0,58.89,5.0,5.0
6653,2016-02-20,9.0,55.71,7.14,5.0
6654,2016-02-20,10.0,59.5,24.0,17.22
6655,2016-02-20,11.0,61.25,35.0,28.75
6656,2016-02-20,12.0,82.86,35.0,41.43
6667,2016-02-20,13.0,,36.25,53.12
6657,2016-02-20,14.0,78.33,36.88,51.25
6658,2016-02-20,15.0,85.0,49.09,46.67
6659,2016-02-20,16.0,121.43,41.43,42.5
6660,2016-02-20,17.0,148.89,37.5,40.62
6661,2016-02-20,18.0,118.75,35.56,30.62
6662,2016-02-20,19.0,53.33,26.11,17.22
6663,2016-02-20,20.0,85.62,16.88,8.75
6664,2016-02-20,21.0,74.44,14.44,5.0
6665,2016-02-20,22.0,45.56,6.11,5.0
6669,2016-02-21,9.0,30.0,5.0,5.0
6670,2016-02-21,10.0,60.83,10.0,11.0
6671,2016-02-21,11.0,87.14,18.57,26.43
6672,2016-02-21,12.0,87.0,28.33,45.0
6673,2016-02-21,13.0,60.0,32.5,55.0
6674,2016-02-21,14.0,52.5,27.22,51.82
6675,2016-02-21,15.0,73.64,25.0,50.0
6676,2016-02-21,16.0,121.67,38.33,50.0
6677,2016-02-21,17.0,142.0,29.29,45.0
6678,2016-02-21,18.0,125.0,37.78,47.78
6679,2016-02-21,19.0,87.0,23.5,23.5
6680,2016-02-21,20.0,45.0,9.38,9.38
6681,2016-02-21,21.0,55.0,8.12,5.0
6683,2016-02-22,9.0,49.0,,5.0
6684,2016-02-22,10.0,68.75,,28.75
6685,2016-02-22,11.0,74.38,25.0,65.71
6686,2016-02-22,12.0,68.89,46.0,59.44
6687,2016-02-22,13.0,73.75,56.25,69.38
6688,2016-02-22,14.0,70.0,46.88,61.43
6689,2016-02-22,15.0,66.67,37.5,51.67
6690,2016-02-22,16.0,79.0,42.22,58.33
6691,2016-02-22,17.0,82.5,37.22,45.0
6692,2016-02-22,18.0,43.12,30.56,37.5
6693,2016-02-22,19.0,75.0,25.62,25.71
6694,2016-02-22,20.0,53.75,27.5,9.38
6695,2016-02-22,21.0,30.0,8.12,5.0
6697,2016-02-23,9.0,56.25,8.12,15.0
6698,2016-02-23,10.0,76.67,16.88,28.89
6699,2016-02-23,11.0,82.22,31.11,52.78
6700,2016-02-23,12.0,72.5,28.12,38.12
6701,2016-02-23,13.0,55.0,29.38,56.88
6702,2016-02-23,14.0,74.44,34.44,41.0
6703,2016-02-23,15.0,86.25,25.0,49.38
6704,2016-02-23,16.0,86.67,24.44,48.12
6705,2016-02-23,17.0,75.0,15.71,44.17
6706,2016-02-23,18.0,53.75,11.25,25.71
6707,2016-02-23,19.0,48.57,6.43,5.71
6708,2016-02-23,20.0,22.0,5.0,5.0
6711,2016-02-24,9.0,31.11,5.0,7.5
6712,2016-02-24,10.0,45.71,6.88,7.86
6713,2016-02-24,11.0,45.0,10.0,20.0
6714,2016-02-24,12.0,50.0,6.88,23.75
6715,2016-02-24,13.0,55.0,5.0,25.0
6716,2016-02-24,14.0,45.56,5.0,27.78
6717,2016-02-24,15.0,46.25,5.62,24.38
6718,2016-02-24,16.0,58.89,10.0,20.5
6719,2016-02-24,17.0,42.86,5.0,25.71
6720,2016-02-24,18.0,47.5,5.0,6.25
6721,2016-02-24,19.0,40.0,5.0,5.0
6722,2016-02-24,20.0,40.0,7.5,5.0
6723,2016-02-24,21.0,41.0,6.11,5.0
6727,2016-02-25,8.0,28.5,5.0,5.0
6728,2016-02-25,9.0,45.0,5.0,5.0
6729,2016-02-25,10.0,61.88,18.0,7.5
6730,2016-02-25,11.0,94.29,39.17,34.29
6731,2016-02-25,12.0,82.86,28.75,38.57
6732,2016-02-25,13.0,71.25,41.88,42.5
6733,2016-02-25,14.0,91.11,35.62,26.88
6734,2016-02-25,15.0,100.0,33.33,25.0
6735,2016-02-25,16.0,85.56,35.71,32.86
6736,2016-02-25,17.0,68.18,32.5,26.25
6737,2016-02-25,18.0,78.75,26.67,9.44
6738,2016-02-25,19.0,57.78,13.89,5.0
6739,2016-02-25,20.0,34.38,26.43,5.0
6742,2016-02-26,9.0,46.67,9.38,5.0
6743,2016-02-26,10.0,71.25,30.56,15.0
6744,2016-02-26,11.0,95.0,32.5,30.62
6745,2016-02-26,12.0,70.0,30.0,37.22
6746,2016-02-26,13.0,67.5,32.78,33.75
6747,2016-02-26,14.0,85.71,25.0,27.86
6748,2016-02-26,15.0,100.0,29.38,26.11
6749,2016-02-26,16.0,87.5,28.89,32.5
6750,2016-02-26,17.0,75.0,31.67,26.25
6751,2016-02-26,18.0,63.33,27.5,10.83
6752,2016-02-26,19.0,62.22,17.78,5.0
6753,2016-02-26,20.0,50.0,7.14,5.0
6754,2016-02-26,21.0,44.44,8.12,5.0
6755,2016-02-26,22.0,50.0,5.62,5.0
6758,2016-02-27,9.0,60.0,5.71,5.0
6759,2016-02-27,10.0,67.78,18.5,8.33
6760,2016-02-27,11.0,64.29,32.0,12.86
6761,2016-02-27,12.0,81.11,43.75,30.0
6762,2016-02-27,13.0,95.71,40.0,35.0
6763,2016-02-27,14.0,86.25,37.5,33.75
6764,2016-02-27,15.0,86.67,40.0,28.12
6765,2016-02-27,16.0,96.67,42.86,34.29
6766,2016-02-27,17.0,95.71,38.57,27.86
6767,2016-02-27,18.0,80.0,33.89,15.0
6768,2016-02-27,19.0,90.0,30.0,15.0
6769,2016-02-27,20.0,83.75,24.29,10.0
6770,2016-02-27,21.0,56.67,10.56,6.67
6771,2016-02-27,22.0,53.75,13.75,5.0
6774,2016-02-28,9.0,45.0,6.67,5.0
6775,2016-02-28,10.0,60.0,14.38,15.0
6782,2016-02-28,11.0,,26.11,24.5
6783,2016-02-28,12.0,,32.22,37.5
6784,2016-02-28,13.0,,38.0,43.75
6785,2016-02-28,14.0,,37.14,43.12
6786,2016-02-28,15.0,,29.38,37.78
6776,2016-02-28,16.0,96.67,42.5,55.62
6777,2016-02-28,17.0,105.0,27.14,34.29
6778,2016-02-28,18.0,75.0,30.62,20.62
6779,2016-02-28,19.0,91.11,21.67,7.22
6780,2016-02-28,20.0,83.33,6.43,5.0
6781,2016-02-28,21.0,53.5,6.43,5.0
6787,2016-02-29,9.0,60.0,6.25,5.0
6788,2016-02-29,10.0,61.25,6.25,7.5
6789,2016-02-29,11.0,60.0,28.75,38.57
6790,2016-02-29,12.0,91.11,27.5,38.75
6791,2016-02-29,13.0,67.5,33.75,48.12
6792,2016-02-29,14.0,72.5,43.75,32.78
6793,2016-02-29,15.0,96.25,37.86,34.29
6794,2016-02-29,16.0,93.75,46.25,45.62
6795,2016-02-29,17.0,50.0,35.71,42.14
6796,2016-02-29,18.0,65.0,20.62,67.5
6797,2016-02-29,19.0,86.67,20.56,
6798,2016-02-29,20.0,67.5,10.62,
6799,2016-02-29,21.0,52.5,9.29,
6800,2016-02-29,22.0,48.75,7.86,29.0
6803,2016-03-01,9.0,43.33,10.0,8.75
6804,2016-03-01,10.0,61.11,10.56,28.89
6805,2016-03-01,11.0,52.5,27.78,43.33
6806,2016-03-01,12.0,65.71,26.67,45.5
6807,2016-03-01,13.0,51.11,30.0,43.89
6808,2016-03-01,14.0,50.0,24.17,26.67
6809,2016-03-01,15.0,62.22,17.5,26.88
6810,2016-03-01,16.0,63.75,21.67,33.12
6811,2016-03-01,17.0,45.0,11.88,33.75
6812,2016-03-01,18.0,58.57,10.0,20.0
6813,2016-03-01,19.0,42.5,7.78,6.25
6814,2016-03-01,20.0,27.78,5.0,5.0
6817,2016-03-02,9.0,45.0,5.0,5.0
6818,2016-03-02,10.0,60.0,19.0,11.67
6819,2016-03-02,11.0,51.25,18.75,38.12
6820,2016-03-02,12.0,55.71,17.86,39.29
6821,2016-03-02,13.0,60.0,11.25,42.14
6822,2016-03-02,14.0,55.0,,38.57
6823,2016-03-02,15.0,51.25,13.75,33.12
6824,2016-03-02,16.0,52.5,23.12,36.88
6825,2016-03-02,17.0,57.14,28.0,30.0
6826,2016-03-02,18.0,45.0,17.5,16.67
6827,2016-03-02,19.0,41.25,8.75,6.88
6831,2016-03-03,9.0,47.5,7.86,5.0
6832,2016-03-03,10.0,68.89,26.67,23.75
6833,2016-03-03,11.0,71.25,31.88,41.88
6834,2016-03-03,12.0,53.75,26.25,33.12
6835,2016-03-03,13.0,68.75,20.56,45.0
6836,2016-03-03,14.0,62.86,17.86,48.57
6837,2016-03-03,15.0,50.62,16.88,40.71
6838,2016-03-03,16.0,74.29,17.14,45.0
6839,2016-03-03,17.0,53.75,19.38,33.75
6840,2016-03-03,18.0,51.25,14.38,22.5
6841,2016-03-03,19.0,43.33,15.62,6.25
6845,2016-03-04,9.0,47.14,7.86,7.14
6846,2016-03-04,10.0,58.57,20.71,42.86
6847,2016-03-04,11.0,55.0,26.88,37.5
6848,2016-03-04,12.0,75.71,27.86,41.43
6849,2016-03-04,13.0,70.0,22.5,59.17
6850,2016-03-04,14.0,56.67,19.17,37.5
6851,2016-03-04,15.0,68.89,19.38,38.75
6852,2016-03-04,16.0,66.67,23.75,37.22
6853,2016-03-04,17.0,48.75,25.56,36.67
6854,2016-03-04,18.0,60.0,23.75,
6855,2016-03-04,19.0,42.86,7.86,12.5
6856,2016-03-04,20.0,40.0,5.0,5.0
6858,2016-03-05,9.0,45.0,,5.0
6859,2016-03-05,10.0,65.0,,13.75
6860,2016-03-05,11.0,85.0,,31.25
6861,2016-03-05,12.0,82.86,,46.43
6862,2016-03-05,13.0,80.71,,41.67
6863,2016-03-05,14.0,97.5,,58.0
6864,2016-03-05,15.0,95.62,,48.12
6865,2016-03-05,16.0,95.0,,46.43
6866,2016-03-05,17.0,100.0,,58.89
6867,2016-03-05,18.0,102.0,,45.0
6868,2016-03-05,19.0,97.78,,25.62
6869,2016-03-05,20.0,71.25,,15.0
6870,2016-03-05,21.0,66.67,,9.17
6871,2016-03-05,22.0,57.0,,5.56
6873,2016-03-06,9.0,48.75,20.0,5.0
6874,2016-03-06,10.0,65.71,28.75,22.22
6875,2016-03-06,11.0,63.75,44.0,40.62
6876,2016-03-06,12.0,68.89,35.62,43.75
6877,2016-03-06,13.0,81.43,41.25,49.38
6878,2016-03-06,14.0,70.0,40.0,41.88
6879,2016-03-06,15.0,72.22,32.0,39.44
6880,2016-03-06,16.0,88.75,26.0,36.25
6881,2016-03-06,17.0,86.67,26.88,32.5
6882,2016-03-06,18.0,42.86,22.14,17.14
6883,2016-03-06,19.0,63.75,13.75,5.0
6884,2016-03-06,20.0,36.25,11.88,5.0
6885,2016-03-06,21.0,37.14,8.57,5.0
6887,2016-03-07,9.0,45.0,5.0,5.0
6888,2016-03-07,10.0,65.0,15.62,21.25
6889,2016-03-07,11.0,71.25,36.88,36.25
6890,2016-03-07,12.0,71.25,31.25,47.5
6891,2016-03-07,13.0,75.56,38.33,46.25
6892,2016-03-07,14.0,80.0,42.5,50.62
6893,2016-03-07,15.0,86.67,,49.38
6894,2016-03-07,16.0,112.5,28.75,48.57
6895,2016-03-07,17.0,81.88,23.75,36.88
6896,2016-03-07,18.0,56.88,43.12,26.25
6897,2016-03-07,19.0,62.5,36.25,21.88
6898,2016-03-07,20.0,50.0,25.62,9.38
6899,2016-03-07,21.0,41.43,7.5,5.0
6900,2016-03-07,22.0,40.0,7.5,5.0
6902,2016-03-08,9.0,67.5,11.88,5.62
6903,2016-03-08,10.0,77.0,25.0,23.89
6904,2016-03-08,11.0,66.25,32.5,33.75
6905,2016-03-08,12.0,80.71,31.67,37.5
6906,2016-03-08,13.0,78.33,35.0,53.57
6907,2016-03-08,14.0,62.0,35.0,38.57
6908,2016-03-08,15.0,60.0,33.12,41.88
6909,2016-03-08,16.0,72.86,28.57,45.0
6910,2016-03-08,17.0,90.0,22.5,33.89
6911,2016-03-08,18.0,105.0,12.22,23.33
6912,2016-03-08,19.0,66.43,11.25,13.57
6913,2016-03-08,20.0,80.0,7.5,8.33
6914,2016-03-08,21.0,41.11,5.56,
6915,2016-03-08,22.0,43.75,5.0,6.25
6917,2016-03-09,9.0,45.0,5.62,5.62
6918,2016-03-09,10.0,59.44,25.0,30.0
6919,2016-03-09,11.0,70.0,30.62,55.0
6920,2016-03-09,12.0,67.5,35.0,45.0
6921,2016-03-09,13.0,77.0,30.56,61.67
6922,2016-03-09,14.0,73.75,38.33,53.75
6923,2016-03-09,15.0,70.0,20.62,26.25
6924,2016-03-09,16.0,56.25,30.0,61.25
6925,2016-03-09,17.0,70.0,30.0,33.33
6926,2016-03-09,18.0,62.86,25.71,36.25
6927,2016-03-09,19.0,50.0,16.25,22.5
6928,2016-03-09,20.0,53.75,8.12,5.0
6929,2016-03-09,21.0,31.25,16.43,5.0
6934,2016-03-10,9.0,42.0,8.0,6.67
6935,2016-03-10,10.0,61.36,19.38,27.78
6936,2016-03-10,11.0,92.22,26.88,25.56
6937,2016-03-10,12.0,71.43,31.43,47.14
6938,2016-03-10,13.0,63.75,33.12,43.75
6939,2016-03-10,14.0,95.71,31.25,45.0
6940,2016-03-10,15.0,66.25,32.5,48.12
6941,2016-03-10,16.0,61.67,35.0,59.17
6942,2016-03-10,17.0,78.57,22.14,39.29
6943,2016-03-10,18.0,43.75,22.5,33.12
6944,2016-03-10,19.0,67.5,14.38,30.0
6945,2016-03-10,20.0,54.44,18.33,16.88
6946,2016-03-10,21.0,43.57,7.86,15.71
6947,2016-03-10,22.0,33.75,5.0,5.0
6950,2016-03-11,9.0,46.88,0.0,7.14
6951,2016-03-11,10.0,64.0,26.25,32.5
6952,2016-03-11,11.0,78.0,24.17,40.0
6953,2016-03-11,12.0,71.25,21.88,52.78
6954,2016-03-11,13.0,62.22,36.25,66.88
6955,2016-03-11,14.0,74.44,41.25,48.12
6956,2016-03-11,15.0,60.0,30.0,53.12
6957,2016-03-11,16.0,65.0,37.5,
6958,2016-03-11,17.0,75.0,29.38,56.67
6959,2016-03-11,18.0,66.25,15.62,52.5
6960,2016-03-11,19.0,60.0,18.12,59.38
6961,2016-03-11,20.0,60.0,15.0,41.88
6962,2016-03-11,21.0,46.25,12.22,14.44
6963,2016-03-11,22.0,41.25,10.0,8.12
6966,2016-03-12,9.0,43.33,5.0,5.0
6979,2016-03-12,10.0,,16.67,18.12
6967,2016-03-12,11.0,45.0,30.0,38.75
6968,2016-03-12,12.0,70.0,33.0,60.62
6969,2016-03-12,13.0,86.25,37.5,53.12
6970,2016-03-12,14.0,137.14,53.57,48.12
6971,2016-03-12,15.0,147.14,37.5,50.0
6972,2016-03-12,16.0,107.5,51.25,60.62
6973,2016-03-12,17.0,83.75,46.88,44.44
6974,2016-03-12,18.0,84.29,34.29,50.0
6975,2016-03-12,19.0,90.0,26.88,53.12
6976,2016-03-12,20.0,78.75,24.44,49.38
6980,2016-03-12,21.0,,,30.0
6977,2016-03-12,22.0,63.33,8.75,31.25
6982,2016-03-13,9.0,38.57,7.14,5.0
6983,2016-03-13,10.0,60.0,16.5,48.5
6984,2016-03-13,11.0,87.0,43.33,49.38
6985,2016-03-13,12.0,93.75,31.25,46.67
6986,2016-03-13,13.0,61.25,38.12,63.12
6987,2016-03-13,14.0,82.5,31.67,43.12
6988,2016-03-13,15.0,88.89,27.73,48.89
6989,2016-03-13,16.0,80.0,27.5,46.25
6990,2016-03-13,17.0,62.0,41.25,40.62
6991,2016-03-13,18.0,70.0,16.88,33.75
6992,2016-03-13,19.0,66.67,14.29,31.43
6995,2016-03-13,20.0,,12.22,28.12
6993,2016-03-13,21.0,37.14,7.5,20.0
6994,2016-03-13,22.0,48.57,5.0,5.62
6996,2016-03-14,9.0,45.0,10.0,6.88
6997,2016-03-14,10.0,63.75,33.75,36.36
6998,2016-03-14,11.0,118.0,40.71,50.56
6999,2016-03-14,12.0,117.5,,66.25
7000,2016-03-14,13.0,82.5,25.0,83.12
7001,2016-03-14,14.0,85.0,47.5,74.29
7002,2016-03-14,15.0,112.86,60.62,77.14
7003,2016-03-14,16.0,112.5,96.88,80.62
7004,2016-03-14,17.0,95.0,93.75,91.88
7005,2016-03-14,18.0,96.67,120.0,66.88
7006,2016-03-14,19.0,115.71,65.0,59.29
7007,2016-03-14,20.0,101.43,43.57,50.71
7008,2016-03-14,21.0,40.0,17.14,40.0
7009,2016-03-14,22.0,60.0,18.57,32.86
7011,2016-03-15,9.0,60.56,8.57,8.75
7012,2016-03-15,10.0,70.62,27.5,35.62
7013,2016-03-15,11.0,96.25,40.62,66.88
7014,2016-03-15,12.0,86.25,41.25,60.0
7015,2016-03-15,13.0,83.75,55.62,68.75
7016,2016-03-15,14.0,96.25,51.88,82.5
7017,2016-03-15,15.0,105.71,48.57,68.57
7018,2016-03-15,16.0,118.57,34.29,63.57
7019,2016-03-15,17.0,125.0,45.0,72.5
7020,2016-03-15,18.0,68.57,34.38,64.29
7021,2016-03-15,19.0,78.89,36.25,55.62
7022,2016-03-15,20.0,84.29,26.43,41.43
7023,2016-03-15,21.0,77.5,8.75,30.0
7024,2016-03-15,22.0,46.25,6.25,15.0
7026,2016-03-16,9.0,45.56,6.25,8.57
7027,2016-03-16,10.0,78.75,27.78,
7028,2016-03-16,11.0,95.56,40.5,10.0
7029,2016-03-16,12.0,81.11,44.29,73.0
7030,2016-03-16,13.0,95.0,54.38,107.5
7031,2016-03-16,14.0,107.14,42.14,120.0
7032,2016-03-16,15.0,97.5,47.0,70.62
7033,2016-03-16,16.0,91.25,47.22,94.5
7034,2016-03-16,17.0,90.0,37.22,85.62
7035,2016-03-16,18.0,77.5,38.33,102.5
7036,2016-03-16,19.0,70.0,47.5,
7037,2016-03-16,20.0,71.25,29.38,30.0
7038,2016-03-16,21.0,70.0,15.62,48.89
7039,2016-03-16,22.0,52.5,18.5,48.89
7043,2016-03-17,9.0,56.67,10.62,7.5
7044,2016-03-17,10.0,80.0,25.45,38.85
7045,2016-03-17,11.0,90.0,33.75,46.11
7046,2016-03-17,12.0,92.22,46.11,61.11
7047,2016-03-17,13.0,102.22,44.44,71.11
7048,2016-03-17,14.0,102.5,43.75,67.5
7049,2016-03-17,15.0,90.0,,
7050,2016-03-17,16.0,105.71,49.38,81.88
7051,2016-03-17,17.0,107.78,40.62,86.25
7052,2016-03-17,18.0,87.14,27.86,57.86
7053,2016-03-17,19.0,83.33,27.22,61.67
7054,2016-03-17,20.0,106.0,24.44,50.0
7055,2016-03-17,21.0,101.43,12.86,36.25
7056,2016-03-17,22.0,40.0,8.89,21.67
7058,2016-03-18,9.0,60.0,,20.0
7059,2016-03-18,10.0,71.88,31.25,44.38
7060,2016-03-18,11.0,102.5,40.62,56.25
7061,2016-03-18,12.0,117.14,47.14,67.86
7062,2016-03-18,13.0,75.0,42.5,77.5
7063,2016-03-18,14.0,80.0,43.57,65.62
7064,2016-03-18,15.0,106.0,34.38,58.75
7065,2016-03-18,16.0,127.5,51.88,74.38
7066,2016-03-18,17.0,97.5,39.44,69.38
7067,2016-03-18,18.0,70.0,35.0,78.75
7068,2016-03-18,19.0,97.5,31.0,57.5
7069,2016-03-18,20.0,112.22,19.38,33.89
7070,2016-03-18,21.0,73.33,8.33,25.0
7071,2016-03-18,22.0,59.38,11.88,26.88
7074,2016-03-19,9.0,51.0,9.38,12.5
7075,2016-03-19,10.0,63.75,12.5,30.0
7076,2016-03-19,11.0,91.0,26.36,30.0
7077,2016-03-19,12.0,68.57,35.71,25.0
7078,2016-03-19,13.0,68.57,28.57,
7079,2016-03-19,14.0,73.75,26.88,33.57
7080,2016-03-19,15.0,103.33,24.44,42.78
7081,2016-03-19,16.0,101.11,33.75,51.88
7082,2016-03-19,17.0,92.5,33.12,34.38
7083,2016-03-19,18.0,68.57,15.0,47.14
7084,2016-03-19,19.0,65.0,17.5,41.25
7085,2016-03-19,20.0,75.71,12.14,19.29
7086,2016-03-19,21.0,47.5,8.75,16.88
7087,2016-03-19,22.0,71.25,13.12,12.5
7090,2016-03-20,9.0,45.0,6.11,5.0
7091,2016-03-20,10.0,61.11,18.33,16.67
7092,2016-03-20,11.0,112.5,29.29,40.71
7093,2016-03-20,12.0,104.0,40.56,65.0
7094,2016-03-20,13.0,85.0,40.71,90.71
7095,2016-03-20,14.0,98.75,42.22,58.33
7096,2016-03-20,15.0,123.89,36.25,65.56
7097,2016-03-20,16.0,113.75,46.88,
7098,2016-03-20,17.0,83.75,39.29,56.88
7099,2016-03-20,18.0,87.78,35.62,58.75
7100,2016-03-20,19.0,91.0,26.67,45.56
7104,2016-03-20,20.0,,16.88,30.62
7101,2016-03-20,21.0,98.33,10.71,12.5
7102,2016-03-20,22.0,49.44,6.67,12.78
7106,2016-03-21,8.0,45.0,6.25,5.0
7107,2016-03-21,9.0,68.33,6.25,6.25
7108,2016-03-21,10.0,120.0,25.0,11.43
7109,2016-03-21,11.0,114.44,46.11,21.67
7110,2016-03-21,12.0,103.75,63.75,43.75
7111,2016-03-21,13.0,103.33,59.17,40.0
7112,2016-03-21,14.0,117.5,51.25,52.5
7113,2016-03-21,15.0,150.0,50.71,53.57
7114,2016-03-21,16.0,172.22,72.78,68.89
7115,2016-03-21,17.0,156.25,53.75,62.0
7116,2016-03-21,18.0,134.29,60.0,52.86
7117,2016-03-21,19.0,100.0,35.0,37.5
7118,2016-03-21,20.0,90.0,29.44,15.56
7119,2016-03-21,21.0,68.75,14.38,10.0
7120,2016-03-21,22.0,67.78,10.5,7.78
7124,2016-03-22,8.0,48.89,7.22,6.25
7125,2016-03-22,9.0,61.82,12.73,8.33
7126,2016-03-22,10.0,100.45,35.0,34.44
7127,2016-03-22,11.0,117.5,52.22,70.56
7128,2016-03-22,12.0,125.71,60.71,105.0
7129,2016-03-22,13.0,136.67,58.75,110.62
7130,2016-03-22,14.0,131.11,65.83,102.78
7131,2016-03-22,15.0,110.0,60.0,95.0
7132,2016-03-22,16.0,111.11,57.22,106.11
7133,2016-03-22,17.0,144.44,51.11,115.0
7134,2016-03-22,18.0,142.86,35.0,115.0
7135,2016-03-22,19.0,100.0,34.38,91.25
7136,2016-03-22,20.0,91.25,28.12,31.88
7137,2016-03-22,21.0,71.25,12.22,23.75
7138,2016-03-22,22.0,78.89,10.0,16.11
7141,2016-03-23,8.0,60.0,5.0,5.0
7142,2016-03-23,9.0,60.0,11.11,16.5
7143,2016-03-23,10.0,83.33,27.5,47.08
7144,2016-03-23,11.0,126.0,51.67,87.5
7145,2016-03-23,12.0,126.25,63.12,108.12
7146,2016-03-23,13.0,117.78,58.33,95.0
7147,2016-03-23,14.0,124.0,52.78,88.89
7148,2016-03-23,15.0,95.71,54.38,
7149,2016-03-23,16.0,103.64,60.0,90.0
7150,2016-03-23,17.0,112.22,55.0,97.5
7151,2016-03-23,18.0,125.56,42.22,95.56
7152,2016-03-23,19.0,100.0,43.89,93.89
7153,2016-03-23,20.0,102.5,47.5,65.0
7154,2016-03-23,21.0,86.25,17.78,39.38
7155,2016-03-23,22.0,80.0,10.62,36.43
7160,2016-03-24,8.0,45.0,5.0,5.0
7161,2016-03-24,9.0,65.0,7.78,25.0
7162,2016-03-24,10.0,90.0,42.78,45.0
7163,2016-03-24,11.0,115.71,50.0,80.0
7164,2016-03-24,12.0,157.78,50.0,116.0
7165,2016-03-24,13.0,162.22,60.5,121.11
7166,2016-03-24,14.0,172.22,63.89,132.5
7167,2016-03-24,15.0,126.25,62.78,
7168,2016-03-24,16.0,95.71,61.43,95.0
7169,2016-03-24,17.0,111.43,46.43,120.0
7170,2016-03-24,18.0,122.22,35.56,114.44
7171,2016-03-24,19.0,130.0,50.0,87.5
7175,2016-03-24,20.0,,34.38,
7172,2016-03-24,21.0,61.43,6.25,10.0
7173,2016-03-24,22.0,60.0,5.0,25.0
7178,2016-03-25,8.0,68.33,13.0,10.5
7179,2016-03-25,9.0,90.0,20.5,26.25
7180,2016-03-25,10.0,81.25,37.5,60.0
7181,2016-03-25,11.0,110.0,46.25,72.22
7182,2016-03-25,12.0,123.0,53.75,90.62
7183,2016-03-25,13.0,146.25,46.25,88.75
7184,2016-03-25,14.0,121.11,42.22,76.25
7193,2016-03-25,15.0,,49.38,
7185,2016-03-25,16.0,100.0,45.0,52.5
7186,2016-03-25,17.0,115.56,27.22,81.88
7187,2016-03-25,18.0,117.5,27.5,71.25
7188,2016-03-25,19.0,137.5,25.62,71.88
7189,2016-03-25,20.0,108.75,20.0,33.75
7190,2016-03-25,21.0,54.44,9.38,25.0
7191,2016-03-25,22.0,73.12,6.25,23.33
7196,2016-03-26,8.0,46.67,5.0,7.86
7197,2016-03-26,9.0,60.0,9.44,25.62
7198,2016-03-26,10.0,71.88,25.0,38.46
7199,2016-03-26,11.0,111.11,38.5,65.0
7200,2016-03-26,12.0,125.0,43.75,89.38
7201,2016-03-26,13.0,111.11,46.11,93.5
7202,2016-03-26,14.0,115.56,51.11,82.0
7203,2016-03-26,15.0,120.0,37.78,70.56
7204,2016-03-26,16.0,115.56,44.44,78.89
7205,2016-03-26,17.0,105.0,45.0,74.17
7206,2016-03-26,18.0,110.0,28.33,
7207,2016-03-26,19.0,110.0,18.12,47.14
7208,2016-03-26,20.0,95.0,15.56,32.22
7209,2016-03-26,21.0,42.86,7.14,22.5
7210,2016-03-26,22.0,53.75,5.0,8.33
7214,2016-03-27,8.0,44.0,5.0,5.62
7215,2016-03-27,9.0,62.5,6.11,13.75
7216,2016-03-27,10.0,92.5,33.64,
7217,2016-03-27,11.0,115.0,34.29,
7218,2016-03-27,12.0,108.12,58.12,76.25
7219,2016-03-27,13.0,112.5,60.62,102.5
7220,2016-03-27,14.0,125.56,33.33,116.11
7221,2016-03-27,15.0,108.89,34.38,86.25
7222,2016-03-27,16.0,86.25,33.64,73.75
7223,2016-03-27,17.0,91.25,35.91,72.5
7224,2016-03-27,18.0,104.44,19.5,62.22
7225,2016-03-27,19.0,90.91,17.22,51.67
7226,2016-03-27,20.0,78.89,20.0,45.0
7227,2016-03-27,21.0,70.0,5.0,33.12
7228,2016-03-27,22.0,,5.0,36.88
7231,2016-03-28,8.0,60.0,6.88,5.0
7232,2016-03-28,9.0,110.0,10.0,23.12
7233,2016-03-28,10.0,96.67,33.18,39.55
7234,2016-03-28,11.0,100.0,45.62,73.57
7235,2016-03-28,12.0,125.0,45.0,66.25
7236,2016-03-28,13.0,130.0,66.43,50.0
7237,2016-03-28,14.0,108.57,50.62,88.12
7238,2016-03-28,15.0,130.0,38.33,75.0
7239,2016-03-28,16.0,134.44,46.67,97.78
7240,2016-03-28,17.0,161.25,44.38,77.5
7241,2016-03-28,18.0,126.67,32.78,68.89
7242,2016-03-28,19.0,76.88,34.29,57.86
7243,2016-03-28,20.0,84.29,25.71,53.57
7244,2016-03-28,21.0,72.5,17.14,47.86
7245,2016-03-28,22.0,70.0,13.89,67.22
7250,2016-03-29,8.0,73.12,6.25,11.25
7251,2016-03-29,9.0,128.75,21.82,35.0
7252,2016-03-29,10.0,138.18,52.27,79.44
7253,2016-03-29,11.0,137.5,57.5,91.88
7254,2016-03-29,12.0,95.56,49.38,83.12
7255,2016-03-29,13.0,112.22,56.67,93.75
7256,2016-03-29,14.0,138.57,59.38,110.0
7257,2016-03-29,15.0,153.75,64.38,97.5
7265,2016-03-29,16.0,,45.0,
7258,2016-03-29,17.0,166.67,51.67,37.5
7259,2016-03-29,18.0,73.33,22.22,44.0
7260,2016-03-29,19.0,75.56,26.11,44.38
7261,2016-03-29,20.0,95.0,17.5,30.0
7262,2016-03-29,21.0,85.83,8.75,20.0
7263,2016-03-29,22.0,50.0,6.88,15.0
7268,2016-03-30,8.0,66.0,5.0,10.0
7269,2016-03-30,9.0,90.0,16.67,43.89
7270,2016-03-30,10.0,94.29,45.0,64.29
7271,2016-03-30,11.0,113.75,55.0,85.62
7272,2016-03-30,12.0,130.0,48.89,85.0
7273,2016-03-30,13.0,142.5,60.56,132.14
7274,2016-03-30,14.0,158.75,71.11,149.38
7275,2016-03-30,15.0,130.0,63.89,121.88
7276,2016-03-30,16.0,127.22,43.12,136.88
7277,2016-03-30,17.0,131.11,48.89,118.33
7278,2016-03-30,18.0,123.75,55.62,88.12
7279,2016-03-30,19.0,122.0,40.56,81.67
7280,2016-03-30,20.0,134.44,39.29,95.0
7281,2016-03-30,21.0,84.44,23.89,47.78
7282,2016-03-30,22.0,89.0,24.44,57.78
7287,2016-03-31,8.0,60.0,5.56,7.5
7288,2016-03-31,9.0,75.0,6.88,37.5
7289,2016-03-31,10.0,76.43,37.14,53.75
7290,2016-03-31,11.0,114.0,47.0,76.11
7291,2016-03-31,12.0,137.5,48.33,81.11
7292,2016-03-31,13.0,141.0,,103.33
7293,2016-03-31,14.0,85.56,50.0,121.25
7294,2016-03-31,15.0,88.75,52.0,86.25
7295,2016-03-31,16.0,105.0,49.38,98.75
7302,2016-03-31,17.0,,50.56,89.38
7296,2016-03-31,18.0,120.0,50.0,100.56
7297,2016-03-31,19.0,110.0,,109.38
7298,2016-03-31,20.0,105.0,,93.12
7299,2016-03-31,21.0,66.25,31.67,39.0
7300,2016-03-31,22.0,84.38,26.11,45.0
7306,2016-04-01,9.0,60.0,15.0,27.73
7307,2016-04-01,10.0,98.93,33.0,55.0
7308,2016-04-01,11.0,110.0,41.15,76.5
7309,2016-04-01,12.0,138.57,38.33,68.75
7310,2016-04-01,13.0,105.0,35.62,81.88
7311,2016-04-01,14.0,58.12,27.5,78.12
7312,2016-04-01,15.0,88.89,22.78,65.45
7313,2016-04-01,16.0,125.0,38.57,84.29
7314,2016-04-01,17.0,96.67,30.0,83.75
7315,2016-04-01,18.0,66.67,23.89,61.5
7316,2016-04-01,19.0,81.25,19.38,62.5
7317,2016-04-01,20.0,88.89,16.82,38.89
7318,2016-04-01,21.0,42.86,9.29,35.71
7319,2016-04-01,22.0,60.0,5.56,32.22
7323,2016-04-02,9.0,60.0,6.67,6.25
7324,2016-04-02,10.0,64.29,10.56,11.88
7325,2016-04-02,11.0,70.0,37.0,10.0
7336,2016-04-02,12.0,,35.0,
7337,2016-04-02,13.0,,39.44,
7326,2016-04-02,14.0,85.0,25.62,25.0
7327,2016-04-02,15.0,102.0,5.0,46.25
7328,2016-04-02,16.0,105.0,16.5,45.0
7329,2016-04-02,17.0,100.0,17.22,41.67
7330,2016-04-02,18.0,130.0,16.67,33.12
7331,2016-04-02,19.0,103.33,17.0,32.5
7332,2016-04-02,20.0,54.44,14.44,22.0
7333,2016-04-02,21.0,87.5,11.43,16.88
7334,2016-04-02,22.0,56.25,6.88,16.88
7340,2016-04-03,9.0,51.67,7.86,7.14
7341,2016-04-03,10.0,75.71,28.89,16.43
7342,2016-04-03,11.0,107.27,46.36,42.22
7343,2016-04-03,12.0,114.44,47.22,76.43
7344,2016-04-03,13.0,137.78,44.55,84.5
7345,2016-04-03,14.0,140.0,53.33,90.0
7354,2016-04-03,15.0,,50.62,94.0
7346,2016-04-03,16.0,140.0,53.0,107.22
7347,2016-04-03,17.0,106.67,45.0,87.86
7348,2016-04-03,18.0,98.75,45.0,70.0
7349,2016-04-03,19.0,115.71,35.0,
7350,2016-04-03,20.0,108.89,23.89,40.62
7351,2016-04-03,21.0,101.43,8.75,11.25
7352,2016-04-03,22.0,50.83,12.14,9.17
7357,2016-04-04,9.0,53.57,5.0,5.0
7358,2016-04-04,10.0,73.33,13.33,34.0
7359,2016-04-04,11.0,104.29,35.0,44.29
7360,2016-04-04,12.0,89.17,55.83,81.67
7361,2016-04-04,13.0,91.11,54.44,82.78
7362,2016-04-04,14.0,118.57,49.29,85.71
7363,2016-04-04,15.0,121.25,51.25,83.75
7364,2016-04-04,16.0,91.25,45.0,84.38
7365,2016-04-04,17.0,92.0,42.5,78.33
7366,2016-04-04,18.0,101.25,45.62,95.0
7367,2016-04-04,19.0,81.43,35.0,56.43
7368,2016-04-04,20.0,84.29,32.14,43.57
7369,2016-04-04,21.0,75.0,13.33,24.38
7370,2016-04-04,22.0,46.25,13.75,20.62
7373,2016-04-05,9.0,101.43,12.86,10.71
7374,2016-04-05,10.0,97.14,34.29,53.57
7375,2016-04-05,11.0,72.86,50.71,61.88
7376,2016-04-05,12.0,115.0,48.12,63.75
7377,2016-04-05,13.0,138.57,56.88,88.57
7378,2016-04-05,14.0,151.43,45.71,108.0
7379,2016-04-05,15.0,76.67,51.88,68.33
7380,2016-04-05,16.0,87.5,52.5,51.67
7381,2016-04-05,17.0,110.0,43.33,86.88
7382,2016-04-05,18.0,92.0,33.89,85.56
7383,2016-04-05,19.0,61.11,33.12,70.62
7384,2016-04-05,20.0,83.75,24.5,41.25
7385,2016-04-05,21.0,83.75,7.5,29.38
7386,2016-04-05,22.0,51.25,5.62,10.62
7389,2016-04-06,9.0,90.0,14.09,7.31
7390,2016-04-06,10.0,95.0,32.92,41.43
7391,2016-04-06,11.0,113.33,35.0,51.0
7392,2016-04-06,12.0,111.25,45.62,68.12
7393,2016-04-06,13.0,98.89,50.0,109.44
7394,2016-04-06,14.0,106.36,42.0,91.67
7395,2016-04-06,15.0,123.0,35.56,80.62
7396,2016-04-06,16.0,110.0,43.33,83.89
7397,2016-04-06,17.0,93.75,33.12,81.88
7398,2016-04-06,18.0,80.56,31.82,76.67
7399,2016-04-06,19.0,95.56,20.71,71.67
7400,2016-04-06,20.0,104.44,28.75,38.0
7401,2016-04-06,21.0,71.11,10.0,26.67
7402,2016-04-06,22.0,72.5,8.12,20.0
7407,2016-04-07,9.0,70.91,6.82,8.5
7408,2016-04-07,10.0,90.91,33.0,36.54
7409,2016-04-07,11.0,89.0,41.67,58.33
7410,2016-04-07,12.0,83.0,40.0,73.75
7411,2016-04-07,13.0,91.11,46.25,75.0
7412,2016-04-07,14.0,115.0,31.25,61.88
7413,2016-04-07,15.0,96.25,34.0,66.0
7414,2016-04-07,16.0,83.0,31.67,71.11
7415,2016-04-07,17.0,104.44,25.0,67.73
7416,2016-04-07,18.0,91.25,26.0,53.75
7417,2016-04-07,19.0,68.75,23.33,52.5
7418,2016-04-07,20.0,95.0,19.38,41.67
7419,2016-04-07,21.0,93.75,7.22,21.11
7420,2016-04-07,22.0,38.0,5.0,9.44
7423,2016-04-08,9.0,60.0,13.0,16.07
7424,2016-04-08,10.0,91.11,27.5,31.25
7425,2016-04-08,11.0,95.56,36.88,62.27
7426,2016-04-08,12.0,70.0,35.5,87.22
7427,2016-04-08,13.0,96.25,49.09,64.44
7428,2016-04-08,14.0,114.29,42.14,82.14
7429,2016-04-08,15.0,90.56,42.78,67.5
7430,2016-04-08,16.0,78.89,31.88,55.0
7431,2016-04-08,17.0,105.56,33.33,62.5
7432,2016-04-08,18.0,78.75,31.67,52.5
7433,2016-04-08,19.0,68.75,21.0,43.33
7434,2016-04-08,20.0,86.0,18.0,32.5
7435,2016-04-08,21.0,66.25,11.25,11.67
7436,2016-04-08,22.0,56.0,5.62,10.62
7439,2016-04-09,9.0,60.0,8.33,5.0
7440,2016-04-09,10.0,68.75,25.0,15.0
7441,2016-04-09,11.0,84.0,35.0,47.5
7442,2016-04-09,12.0,84.44,20.0,61.11
7443,2016-04-09,13.0,83.75,40.56,52.22
7444,2016-04-09,14.0,95.56,48.12,51.88
7445,2016-04-09,15.0,97.14,43.12,52.14
7446,2016-04-09,16.0,115.0,48.12,63.89
7447,2016-04-09,17.0,116.67,36.25,59.38
7448,2016-04-09,18.0,67.5,35.62,47.5
7449,2016-04-09,19.0,70.0,35.0,34.09
7450,2016-04-09,20.0,102.5,25.62,30.0
7451,2016-04-09,21.0,79.09,8.33,11.25
7452,2016-04-09,22.0,67.78,11.88,7.22
7456,2016-04-10,9.0,46.82,6.88,6.88
7457,2016-04-10,10.0,85.0,29.44,17.5
7458,2016-04-10,11.0,87.0,29.5,44.55
7459,2016-04-10,12.0,73.75,25.0,41.67
7460,2016-04-10,13.0,77.78,31.0,58.75
7461,2016-04-10,14.0,90.0,25.5,51.25
7462,2016-04-10,15.0,102.22,18.0,48.33
7463,2016-04-10,16.0,80.0,30.62,44.0
7464,2016-04-10,17.0,70.0,15.56,50.56
7465,2016-04-10,18.0,64.44,11.36,28.33
7466,2016-04-10,19.0,76.67,10.0,21.11
7467,2016-04-10,20.0,65.0,10.0,7.5
7468,2016-04-10,21.0,32.5,6.25,5.0
7469,2016-04-10,22.0,42.22,5.0,5.0
7473,2016-04-11,9.0,53.57,5.0,5.0
7474,2016-04-11,10.0,79.0,10.0,22.78
7475,2016-04-11,11.0,120.71,24.29,40.0
7476,2016-04-11,12.0,90.62,29.38,49.38
7477,2016-04-11,13.0,78.75,31.88,52.5
7478,2016-04-11,14.0,95.0,28.12,41.88
7479,2016-04-11,15.0,113.33,30.0,48.57
7486,2016-04-11,16.0,,28.75,51.88
7487,2016-04-11,17.0,,22.78,57.5
7480,2016-04-11,18.0,75.0,23.33,30.56
7481,2016-04-11,19.0,78.33,18.33,18.33
7482,2016-04-11,20.0,86.67,15.0,11.11
7483,2016-04-11,21.0,45.56,5.56,6.67
7484,2016-04-11,22.0,49.44,5.0,5.0
7489,2016-04-12,9.0,64.0,9.0,6.67
7490,2016-04-12,10.0,63.12,10.5,25.5
7491,2016-04-12,11.0,70.0,31.88,54.38
7492,2016-04-12,12.0,68.89,26.11,42.78
7493,2016-04-12,13.0,65.0,26.11,42.5
7494,2016-04-12,14.0,70.0,25.71,41.11
7495,2016-04-12,15.0,84.38,17.22,36.88
7496,2016-04-12,16.0,61.25,32.5,43.75
7497,2016-04-12,17.0,60.0,25.62,43.12
7498,2016-04-12,18.0,56.25,18.33,27.5
7499,2016-04-12,19.0,58.75,10.62,27.5
7500,2016-04-12,20.0,60.0,9.38,18.12
7501,2016-04-12,21.0,29.0,5.0,6.88
7502,2016-04-12,22.0,30.56,5.0,5.62
7504,2016-04-13,9.0,33.0,5.0,5.0
7505,2016-04-13,10.0,56.67,13.5,25.0
7506,2016-04-13,11.0,77.5,21.67,33.75
7507,2016-04-13,12.0,81.11,20.0,37.22
7508,2016-04-13,13.0,76.67,29.44,38.89
7509,2016-04-13,14.0,76.67,20.5,35.0
7510,2016-04-13,15.0,60.0,15.0,30.62
7511,2016-04-13,16.0,62.5,15.0,35.62
7512,2016-04-13,17.0,83.75,10.0,33.12
7513,2016-04-13,18.0,41.43,10.71,25.0
7514,2016-04-13,19.0,56.0,7.5,17.5
7517,2016-04-13,20.0,,5.0,5.0
7515,2016-04-13,21.0,70.0,5.0,5.0
7518,2016-04-13,22.0,,5.0,5.56
7522,2016-04-14,9.0,36.67,5.0,5.0
7523,2016-04-14,10.0,58.12,9.5,20.0
7524,2016-04-14,11.0,82.86,30.5,39.29
7525,2016-04-14,12.0,66.25,23.57,36.11
7526,2016-04-14,13.0,64.29,22.5,35.71
7527,2016-04-14,14.0,86.25,16.11,38.12
7528,2016-04-14,15.0,67.78,13.75,40.0
7529,2016-04-14,16.0,63.75,15.71,36.88
7530,2016-04-14,17.0,73.33,9.38,32.22
7531,2016-04-14,18.0,48.18,5.0,19.44
7532,2016-04-14,19.0,53.75,5.0,10.0
7533,2016-04-14,20.0,49.0,5.0,6.0
7534,2016-04-14,21.0,30.0,5.0,5.0
7535,2016-04-14,22.0,33.33,5.0,5.0
7538,2016-04-15,9.0,47.14,7.5,8.12
7539,2016-04-15,10.0,78.89,20.5,21.88
7540,2016-04-15,11.0,83.64,34.0,48.33
7541,2016-04-15,12.0,61.11,30.45,40.56
7542,2016-04-15,13.0,80.0,24.38,55.71
7543,2016-04-15,14.0,107.5,20.0,38.12
7544,2016-04-15,15.0,71.11,11.25,34.38
7545,2016-04-15,16.0,65.56,25.0,39.44
7546,2016-04-15,17.0,74.29,17.86,25.62
7547,2016-04-15,18.0,58.75,8.75,23.75
7548,2016-04-15,19.0,60.0,8.0,23.89
7549,2016-04-15,20.0,59.0,7.73,15.0
7550,2016-04-15,21.0,40.0,5.0,5.0
7551,2016-04-15,22.0,56.25,5.0,5.0
7556,2016-04-16,9.0,50.0,5.62,5.0
7557,2016-04-16,10.0,65.0,19.44,13.33
7558,2016-04-16,11.0,81.25,32.22,21.5
7559,2016-04-16,12.0,77.78,35.0,34.44
7560,2016-04-16,13.0,90.0,40.0,53.75
7561,2016-04-16,14.0,97.5,36.88,43.33
7562,2016-04-16,15.0,101.25,40.62,55.56
7563,2016-04-16,16.0,120.0,56.88,36.88
7564,2016-04-16,17.0,121.25,40.0,49.38
7565,2016-04-16,18.0,83.75,29.38,32.5
7566,2016-04-16,19.0,53.75,25.62,34.38
7567,2016-04-16,20.0,81.25,20.56,22.22
7568,2016-04-16,21.0,58.57,6.88,5.62
7569,2016-04-16,22.0,56.67,5.0,6.25
7572,2016-04-17,9.0,46.88,5.0,7.5
7573,2016-04-17,10.0,76.67,18.12,26.5
7574,2016-04-17,11.0,86.25,30.0,43.18
7575,2016-04-17,12.0,90.0,43.33,50.0
7576,2016-04-17,13.0,98.0,37.5,58.33
7577,2016-04-17,14.0,100.0,47.5,
7578,2016-04-17,15.0,100.0,32.5,51.67
7579,2016-04-17,16.0,100.0,34.44,66.25
7580,2016-04-17,17.0,97.78,27.5,49.38
7581,2016-04-17,18.0,62.5,27.5,35.0
7582,2016-04-17,19.0,62.5,,37.5
7583,2016-04-17,20.0,103.0,7.5,11.67
7584,2016-04-17,21.0,36.5,6.88,8.75
7585,2016-04-17,22.0,45.0,11.67,5.0
7588,2016-04-18,9.0,42.5,5.0,6.88
7589,2016-04-18,10.0,60.0,10.0,29.44
7590,2016-04-18,11.0,100.0,26.11,45.0
7591,2016-04-18,12.0,110.0,33.89,53.12
7592,2016-04-18,13.0,90.0,43.12,62.14
7593,2016-04-18,14.0,95.0,30.5,68.33
7594,2016-04-18,15.0,116.25,25.0,53.12
7595,2016-04-18,16.0,108.75,37.14,51.43
7596,2016-04-18,17.0,77.5,24.38,49.44
7597,2016-04-18,18.0,65.71,18.12,41.25
7598,2016-04-18,19.0,92.5,28.12,34.38
7599,2016-04-18,20.0,90.0,13.12,27.78
7600,2016-04-18,21.0,47.5,6.25,8.12
7601,2016-04-18,22.0,43.33,5.0,6.67
7605,2016-04-19,9.0,58.33,5.0,8.12
7606,2016-04-19,10.0,63.0,26.43,36.43
7607,2016-04-19,11.0,118.33,29.17,40.71
7608,2016-04-19,12.0,113.75,44.29,58.57
7609,2016-04-19,13.0,60.0,37.5,61.25
7610,2016-04-19,14.0,70.83,38.33,72.5
7611,2016-04-19,15.0,81.67,23.5,50.71
7612,2016-04-19,16.0,121.25,35.0,71.25
7613,2016-04-19,17.0,133.75,34.29,56.43
7614,2016-04-19,18.0,53.57,21.25,36.88
7615,2016-04-19,19.0,62.22,20.42,35.56
7616,2016-04-19,20.0,90.0,11.67,20.71
7617,2016-04-19,21.0,52.0,10.56,8.75
7618,2016-04-19,22.0,50.0,11.88,8.57
7621,2016-04-20,9.0,43.89,,6.11
7622,2016-04-20,10.0,60.0,,30.0
7623,2016-04-20,11.0,75.0,,42.5
7624,2016-04-20,12.0,77.5,20.0,39.38
7625,2016-04-20,13.0,71.88,42.5,47.5
7626,2016-04-20,14.0,92.5,43.64,38.12
7627,2016-04-20,15.0,91.11,38.12,41.88
7628,2016-04-20,16.0,73.33,41.67,47.22
7629,2016-04-20,17.0,86.25,32.5,41.67
7630,2016-04-20,18.0,57.5,25.0,37.5
7631,2016-04-20,19.0,65.56,21.67,28.75
7632,2016-04-20,20.0,85.0,,12.5
7633,2016-04-20,21.0,44.44,6.67,5.0
7634,2016-04-20,22.0,47.5,5.0,5.0
7638,2016-04-21,9.0,45.0,6.88,8.33
7639,2016-04-21,10.0,57.86,16.11,30.62
7640,2016-04-21,11.0,98.89,27.0,43.5
7641,2016-04-21,12.0,90.0,31.25,51.43
7651,2016-04-21,13.0,,25.0,55.0
7642,2016-04-21,14.0,90.0,35.0,45.0
7643,2016-04-21,15.0,90.0,25.0,25.0
7644,2016-04-21,16.0,80.0,35.0,50.0
7652,2016-04-21,17.0,,,60.0
7645,2016-04-21,18.0,60.0,16.0,62.5
7646,2016-04-21,19.0,70.0,21.67,65.0
7647,2016-04-21,20.0,50.0,,
7648,2016-04-21,21.0,43.75,,
7649,2016-04-21,22.0,40.0,5.0,10.0
7654,2016-04-22,9.0,40.0,10.0,13.33
7666,2016-04-22,10.0,,35.0,40.0
7655,2016-04-22,11.0,105.0,45.0,40.0
7656,2016-04-22,12.0,80.0,,
7657,2016-04-22,13.0,75.0,25.0,45.0
7658,2016-04-22,14.0,85.0,21.67,50.0
7659,2016-04-22,15.0,90.0,,56.67
7660,2016-04-22,16.0,66.67,23.33,53.33
7661,2016-04-22,17.0,70.0,15.0,45.0
7662,2016-04-22,18.0,55.0,15.0,35.0
7663,2016-04-22,19.0,60.0,10.0,
7664,2016-04-22,21.0,45.0,,
7665,2016-04-22,22.0,40.0,5.0,6.67
7667,2016-04-23,9.0,45.0,5.0,
7668,2016-04-23,10.0,55.0,5.0,5.0
7669,2016-04-23,11.0,85.0,31.67,
7670,2016-04-23,12.0,110.0,36.67,70.0
7671,2016-04-23,13.0,100.0,32.5,58.33
7672,2016-04-23,14.0,95.0,47.5,62.5
7673,2016-04-23,15.0,90.0,33.75,53.75
7680,2016-04-23,16.0,,38.33,
7674,2016-04-23,17.0,122.5,40.0,60.0
7675,2016-04-23,18.0,70.0,30.0,45.0
7676,2016-04-23,19.0,70.0,30.0,40.0
7677,2016-04-23,20.0,90.0,,30.0
7678,2016-04-23,21.0,75.0,10.0,16.67
7681,2016-04-23,22.0,,,27.5
7682,2016-04-24,9.0,40.62,6.25,8.75
7683,2016-04-24,10.0,90.0,15.0,38.33
7684,2016-04-24,11.0,106.67,27.5,45.0
7693,2016-04-24,12.0,,32.5,
7685,2016-04-24,13.0,110.0,30.0,
7686,2016-04-24,15.0,65.0,15.0,42.5
7694,2016-04-24,16.0,,37.5,
7687,2016-04-24,17.0,100.0,20.0,
7688,2016-04-24,18.0,60.0,17.5,33.33
7689,2016-04-24,20.0,90.0,20.0,30.0
7690,2016-04-24,21.0,52.0,5.0,15.0
7691,2016-04-24,22.0,45.0,10.0,20.0
7701,2016-04-25,10.0,,20.0,35.0
7695,2016-04-25,11.0,110.0,,
7696,2016-04-25,13.0,100.0,45.0,80.0
7702,2016-04-25,15.0,,25.0,50.0
7697,2016-04-25,16.0,140.0,30.0,65.0
7703,2016-04-25,17.0,,40.0,50.0
7698,2016-04-25,18.0,77.5,,
7704,2016-04-25,19.0,,21.67,
7699,2016-04-25,21.0,60.0,7.5,15.0
7700,2016-04-25,22.0,50.0,5.0,
7705,2016-04-26,9.0,46.67,,
7706,2016-04-26,10.0,65.0,24.0,30.0
7707,2016-04-26,11.0,90.0,33.33,
7708,2016-04-26,12.0,107.5,45.0,
7709,2016-04-26,13.0,140.0,,80.0
7710,2016-04-26,15.0,130.0,,
7711,2016-04-26,16.0,80.0,45.0,
7712,2016-04-26,17.0,90.0,,
7713,2016-04-26,18.0,90.0,25.0,80.0
7714,2016-04-26,20.0,90.0,,70.0
7715,2016-04-26,21.0,55.0,7.5,17.5
7716,2016-04-26,22.0,43.33,5.0,5.0
7717,2016-04-27,9.0,42.0,,9.17
7718,2016-04-27,10.0,63.75,,28.33
7719,2016-04-27,11.0,124.17,,39.0
7720,2016-04-27,12.0,148.18,,41.82
7721,2016-04-27,13.0,94.0,33.12,55.0
7722,2016-04-27,14.0,60.0,46.67,42.78
7723,2016-04-27,15.0,86.25,26.25,35.0
7724,2016-04-27,16.0,126.25,37.5,56.5
7725,2016-04-27,17.0,58.33,31.67,45.0
7726,2016-04-27,18.0,66.67,23.64,41.36
7727,2016-04-27,19.0,61.11,21.25,34.09
7728,2016-04-27,20.0,73.75,15.0,23.12
7729,2016-04-27,21.0,51.67,5.0,10.0
7730,2016-04-27,22.0,46.25,6.88,10.62
7734,2016-04-28,9.0,43.12,5.0,5.0
7735,2016-04-28,10.0,63.12,15.0,43.75
7736,2016-04-28,11.0,100.0,30.0,55.62
7737,2016-04-28,12.0,88.89,33.89,75.91
7738,2016-04-28,13.0,85.71,40.71,67.14
7739,2016-04-28,14.0,100.0,34.17,62.5
7740,2016-04-28,15.0,80.0,23.33,52.5
7741,2016-04-28,16.0,74.29,23.75,58.75
7742,2016-04-28,17.0,90.0,26.67,42.5
7743,2016-04-28,18.0,90.0,13.89,41.11
7744,2016-04-28,19.0,74.0,13.33,36.67
7745,2016-04-28,20.0,53.33,10.83,27.14
7746,2016-04-28,21.0,48.89,5.0,12.5
7750,2016-04-29,9.0,45.0,11.25,23.33
7751,2016-04-29,10.0,81.88,28.89,47.92
7752,2016-04-29,11.0,112.22,24.38,47.5
7753,2016-04-29,12.0,106.67,28.12,40.62
7754,2016-04-29,13.0,51.25,34.38,55.62
7755,2016-04-29,14.0,80.0,20.83,45.0
7756,2016-04-29,15.0,83.33,16.67,54.29
7757,2016-04-29,16.0,80.0,25.0,52.5
7758,2016-04-29,17.0,71.25,20.62,48.75
7759,2016-04-29,18.0,56.25,15.0,43.12
7760,2016-04-29,19.0,75.56,15.62,38.75
7761,2016-04-29,20.0,95.56,18.0,36.11
7762,2016-04-29,21.0,47.14,7.14,37.86
7763,2016-04-29,22.0,62.5,5.0,31.25
7766,2016-04-30,9.0,38.0,4.5,5.0
7767,2016-04-30,10.0,60.0,11.11,12.14
7768,2016-04-30,11.0,99.0,23.5,41.67
7769,2016-04-30,12.0,101.25,30.0,51.11
7770,2016-04-30,13.0,93.75,31.25,61.25
7771,2016-04-30,14.0,95.0,40.62,50.0
7772,2016-04-30,15.0,112.86,29.38,52.86
7773,2016-04-30,16.0,147.14,31.43,64.29
7774,2016-04-30,17.0,114.38,33.12,55.62
7775,2016-04-30,18.0,46.25,28.12,50.62
7776,2016-04-30,19.0,86.67,29.44,43.33
7777,2016-04-30,20.0,120.0,20.71,40.0
7778,2016-04-30,21.0,112.5,11.88,30.0
7779,2016-04-30,22.0,53.12,21.88,25.62
7782,2016-05-01,9.0,48.75,5.0,6.43
7783,2016-05-01,10.0,66.67,17.78,28.18
7784,2016-05-01,11.0,96.25,27.5,35.0
7785,2016-05-01,12.0,96.11,23.89,45.0
7786,2016-05-01,13.0,95.0,28.89,53.75
7787,2016-05-01,14.0,95.0,30.0,48.75
7788,2016-05-01,15.0,87.14,22.86,43.57
7789,2016-05-01,16.0,86.88,28.89,50.71
7790,2016-05-01,17.0,60.0,15.0,55.56
7791,2016-05-01,18.0,70.0,14.5,42.78
7792,2016-05-01,19.0,67.22,13.12,42.78
7793,2016-05-01,20.0,65.0,13.75,33.75
7794,2016-05-01,21.0,55.0,5.0,23.12
7795,2016-05-01,22.0,64.29,5.0,27.86
7799,2016-05-02,9.0,53.89,5.0,8.75
7800,2016-05-02,10.0,78.0,12.86,30.71
7801,2016-05-02,11.0,105.0,43.5,52.5
7802,2016-05-02,12.0,92.5,26.5,43.0
7803,2016-05-02,13.0,84.29,40.0,65.0
7804,2016-05-02,14.0,93.75,31.67,53.75
7805,2016-05-02,15.0,100.0,30.62,47.5
7806,2016-05-02,16.0,98.33,29.29,45.0
7807,2016-05-02,17.0,71.25,16.88,60.0
7808,2016-05-02,18.0,60.0,14.44,47.5
7809,2016-05-02,19.0,82.5,13.12,36.88
7813,2016-05-02,20.0,,18.12,
7810,2016-05-02,21.0,50.0,7.5,10.0
7811,2016-05-02,22.0,35.71,5.0,5.0
7815,2016-05-03,9.0,50.0,6.25,7.5
7816,2016-05-03,10.0,53.75,11.82,20.0
7817,2016-05-03,11.0,85.0,23.75,28.12
7818,2016-05-03,12.0,98.57,30.71,37.78
7819,2016-05-03,13.0,88.75,26.25,59.38
7820,2016-05-03,14.0,77.86,24.29,35.71
7821,2016-05-03,15.0,65.0,16.43,37.14
7822,2016-05-03,16.0,65.0,25.62,42.5
7823,2016-05-03,17.0,90.0,13.12,38.33
7824,2016-05-03,18.0,77.5,6.11,35.62
7825,2016-05-03,19.0,53.75,5.0,29.44
7826,2016-05-03,20.0,72.22,5.0,19.44
7827,2016-05-03,21.0,52.86,5.0,7.5
7828,2016-05-03,22.0,49.38,5.0,5.0
7830,2016-05-04,9.0,41.11,5.0,5.0
7831,2016-05-04,10.0,32.22,6.25,5.0
7832,2016-05-04,11.0,51.11,9.38,6.0
7833,2016-05-04,12.0,46.67,,5.62
7834,2016-05-04,13.0,32.22,10.0,5.62
7835,2016-05-04,14.0,51.0,8.33,5.0
7836,2016-05-04,15.0,43.75,5.0,5.0
7837,2016-05-04,16.0,62.22,5.62,6.25
7838,2016-05-04,17.0,41.43,6.43,5.0
7839,2016-05-04,18.0,25.56,5.0,5.0
7840,2016-05-04,19.0,24.29,5.0,5.0
7841,2016-05-04,20.0,27.5,5.0,5.0
7842,2016-05-04,21.0,31.11,5.0,5.0
7843,2016-05-04,22.0,27.78,5.0,5.0
7846,2016-05-05,9.0,110.0,5.5,5.0
7847,2016-05-05,10.0,45.0,26.25,34.0
7848,2016-05-05,11.0,63.75,32.5,50.71
7849,2016-05-05,12.0,96.25,33.89,82.78
7850,2016-05-05,13.0,130.0,29.38,53.18
7851,2016-05-05,14.0,134.38,38.33,59.38
7852,2016-05-05,15.0,142.5,18.12,52.78
7853,2016-05-05,16.0,128.89,27.78,69.38
7854,2016-05-05,17.0,118.75,25.0,55.0
7855,2016-05-05,18.0,52.5,16.67,53.0
7856,2016-05-05,19.0,90.0,15.0,40.0
7857,2016-05-05,20.0,105.0,10.0,25.0
7858,2016-05-05,21.0,35.0,,
7861,2016-05-06,11.0,98.0,,42.78
7862,2016-05-06,12.0,105.0,,57.5
7863,2016-05-06,13.0,92.22,33.5,45.56
7864,2016-05-06,14.0,101.25,45.62,38.75
7865,2016-05-06,15.0,107.78,30.5,46.11
7866,2016-05-06,16.0,82.22,36.11,45.56
7867,2016-05-06,17.0,95.56,35.45,41.67
7868,2016-05-06,18.0,81.11,22.5,27.78
7869,2016-05-06,19.0,56.67,27.5,28.75
7870,2016-05-06,20.0,74.44,22.86,17.14
7871,2016-05-06,21.0,59.09,7.22,5.0
7872,2016-05-06,22.0,50.0,5.56,
7876,2016-05-07,9.0,43.12,5.0,5.0
7877,2016-05-07,10.0,65.0,13.5,16.0
7890,2016-05-07,11.0,,28.57,42.86
7878,2016-05-07,12.0,67.27,35.56,31.67
7879,2016-05-07,13.0,98.75,29.38,43.75
7880,2016-05-07,14.0,131.11,35.71,40.62
7881,2016-05-07,15.0,164.44,31.11,43.33
7882,2016-05-07,16.0,152.22,36.11,41.11
7883,2016-05-07,17.0,94.44,34.44,43.5
7884,2016-05-07,18.0,47.5,25.0,35.56
7885,2016-05-07,19.0,84.38,24.38,35.0
7886,2016-05-07,20.0,106.25,20.0,23.5
7887,2016-05-07,21.0,83.75,10.0,12.0
7888,2016-05-07,22.0,45.0,5.0,6.88
7892,2016-05-08,9.0,32.73,6.11,8.18
7893,2016-05-08,10.0,70.0,21.88,17.5
7894,2016-05-08,11.0,106.67,24.44,34.5
7895,2016-05-08,12.0,102.73,28.89,46.25
7896,2016-05-08,13.0,82.22,26.67,44.44
7897,2016-05-08,14.0,76.67,29.44,39.44
7898,2016-05-08,15.0,89.0,19.5,30.56
7899,2016-05-08,16.0,86.67,22.78,38.33
7900,2016-05-08,17.0,58.12,15.0,38.75
7901,2016-05-08,18.0,61.11,11.11,23.89
7902,2016-05-08,19.0,51.25,10.0,20.56
7903,2016-05-08,20.0,79.17,5.0,10.0
7904,2016-05-08,21.0,41.25,5.62,5.62
7905,2016-05-08,22.0,36.67,5.0,5.0
7908,2016-05-09,9.0,51.67,10.5,7.78
7909,2016-05-09,10.0,73.33,26.67,22.73
7910,2016-05-09,11.0,80.0,29.55,42.27
7911,2016-05-09,12.0,68.75,35.5,51.0
7912,2016-05-09,13.0,82.86,31.67,57.5
7913,2016-05-09,14.0,85.0,13.33,44.38
7914,2016-05-09,15.0,89.0,25.0,35.0
7915,2016-05-09,16.0,72.22,29.5,49.5
7916,2016-05-09,17.0,56.67,15.56,41.11
7917,2016-05-09,18.0,54.5,13.33,34.44
7918,2016-05-09,19.0,61.88,9.5,35.0
7919,2016-05-09,20.0,42.5,6.88,25.0
7920,2016-05-09,21.0,55.56,5.0,6.88
7921,2016-05-09,22.0,32.73,5.0,5.0
7925,2016-05-10,9.0,50.0,13.12,5.71
7926,2016-05-10,10.0,53.33,19.0,24.44
7927,2016-05-10,11.0,72.78,25.56,42.22
7928,2016-05-10,12.0,74.44,38.18,46.5
7929,2016-05-10,13.0,83.57,29.29,49.17
7930,2016-05-10,14.0,66.67,17.78,42.22
7931,2016-05-10,15.0,57.5,14.38,40.0
7932,2016-05-10,16.0,66.67,15.0,50.0
7934,2016-05-10,17.0,,15.0,
7935,2016-05-10,19.0,,,30.0
7933,2016-05-10,22.0,30.0,,
7937,2016-05-11,9.0,50.0,10.0,
7938,2016-05-11,10.0,30.0,15.0,
7945,2016-05-11,11.0,,,35.0
7939,2016-05-11,12.0,70.0,,
7942,2016-05-11,15.0,,15.0,
7943,2016-05-11,19.0,,13.0,
7944,2016-05-11,20.0,,20.0,30.0
7940,2016-05-11,21.0,50.0,,
7941,2016-05-11,22.0,80.0,,
7947,2016-05-12,9.0,45.0,,10.0
7948,2016-05-12,10.0,45.0,10.0,35.0
7949,2016-05-12,11.0,100.0,30.0,
7954,2016-05-12,12.0,,30.0,45.0
7950,2016-05-12,13.0,80.0,20.0,55.0
7955,2016-05-12,14.0,,15.0,
7956,2016-05-12,15.0,,25.0,
7957,2016-05-12,18.0,,10.0,
7951,2016-05-12,19.0,65.0,,
7952,2016-05-12,20.0,60.0,10.0,
7953,2016-05-12,21.0,20.0,,
7959,2016-05-13,9.0,51.11,8.75,7.22
7960,2016-05-13,10.0,64.44,24.58,33.5
7961,2016-05-13,11.0,81.82,33.75,42.22
7962,2016-05-13,12.0,82.0,32.5,49.44
7963,2016-05-13,13.0,62.73,30.0,49.44
7964,2016-05-13,14.0,78.89,26.36,48.33
7965,2016-05-13,15.0,90.0,12.22,45.0
7966,2016-05-13,16.0,56.82,23.89,51.67
7967,2016-05-13,17.0,61.11,16.5,37.78
7968,2016-05-13,18.0,56.0,10.0,36.67
7969,2016-05-13,19.0,54.0,10.0,38.5
7970,2016-05-13,20.0,73.33,11.36,26.67
7971,2016-05-13,21.0,70.0,5.0,22.0
7974,2016-05-14,9.0,44.0,7.0,5.0
7975,2016-05-14,10.0,67.5,19.0,27.5
7976,2016-05-14,11.0,80.0,29.0,35.0
7977,2016-05-14,12.0,86.25,26.25,43.12
7978,2016-05-14,13.0,94.0,37.5,42.0
7979,2016-05-14,14.0,105.0,28.75,47.5
7980,2016-05-14,15.0,84.0,24.0,46.0
7981,2016-05-14,16.0,73.33,36.67,48.33
7982,2016-05-14,17.0,92.86,36.25,55.71
7983,2016-05-14,18.0,95.0,30.0,65.0
7984,2016-05-14,19.0,52.5,38.33,42.5
7985,2016-05-14,20.0,68.33,25.0,52.5
7986,2016-05-14,21.0,81.67,13.33,25.0
7987,2016-05-14,22.0,51.25,10.0,23.0
7991,2016-05-15,9.0,45.0,6.67,7.5
7992,2016-05-15,10.0,60.0,15.0,21.25
7993,2016-05-15,11.0,90.0,26.67,32.0
7994,2016-05-15,12.0,110.0,27.5,31.67
7995,2016-05-15,13.0,126.0,27.0,39.0
7996,2016-05-15,14.0,61.67,24.17,40.71
7997,2016-05-15,15.0,60.0,21.25,31.25
7998,2016-05-15,16.0,73.33,21.67,33.33
7999,2016-05-15,17.0,73.33,22.86,38.33
8000,2016-05-15,18.0,48.75,8.33,28.33
8001,2016-05-15,19.0,61.0,5.0,26.0
8002,2016-05-15,20.0,50.0,6.25,17.5
8003,2016-05-15,21.0,40.0,5.0,8.0
8004,2016-05-15,22.0,45.0,5.0,8.33
8007,2016-05-16,9.0,36.67,7.0,6.0
8008,2016-05-16,10.0,66.67,16.0,26.0
8009,2016-05-16,11.0,98.57,28.75,34.29
8010,2016-05-16,12.0,80.0,29.0,37.5
8011,2016-05-16,13.0,72.0,42.5,
8012,2016-05-16,14.0,90.0,30.0,31.67
8013,2016-05-16,15.0,96.67,17.5,53.75
8014,2016-05-16,16.0,80.0,30.83,55.0
8021,2016-05-16,17.0,,16.67,45.0
8015,2016-05-16,18.0,73.33,11.67,48.33
8016,2016-05-16,19.0,50.0,5.0,27.5
8017,2016-05-16,20.0,62.5,5.0,11.25
8018,2016-05-16,21.0,70.0,5.0,8.33
8019,2016-05-16,22.0,32.5,5.83,
8023,2016-05-17,9.0,41.43,5.0,5.0
8024,2016-05-17,10.0,72.5,16.25,24.29
8025,2016-05-17,11.0,95.0,18.33,46.67
8026,2016-05-17,12.0,85.0,31.67,30.0
8027,2016-05-17,13.0,70.0,31.67,25.0
8028,2016-05-17,14.0,96.0,20.83,65.0
8029,2016-05-17,15.0,100.0,15.0,50.0
8030,2016-05-17,16.0,90.0,21.25,45.0
8031,2016-05-17,17.0,65.0,7.5,46.0
8036,2016-05-17,18.0,,5.0,
8032,2016-05-17,19.0,64.0,5.0,11.67
8037,2016-05-17,20.0,,5.0,
8033,2016-05-17,21.0,18.57,5.0,5.0
8034,2016-05-17,22.0,20.0,5.0,5.0
8039,2016-05-18,9.0,42.5,,5.0
8040,2016-05-18,10.0,55.0,10.71,26.88
8041,2016-05-18,11.0,94.29,20.0,32.14
8042,2016-05-18,12.0,95.0,23.5,34.44
8043,2016-05-18,13.0,65.56,24.44,45.0
8044,2016-05-18,14.0,66.67,22.22,36.11
8045,2016-05-18,15.0,88.89,12.78,33.89
8046,2016-05-18,16.0,61.25,18.89,36.25
8047,2016-05-18,17.0,64.44,15.0,31.11
8048,2016-05-18,18.0,45.56,7.78,38.33
8049,2016-05-18,19.0,51.11,10.56,43.33
8050,2016-05-18,20.0,57.78,13.12,23.12
8051,2016-05-18,21.0,34.0,13.12,14.38
8052,2016-05-18,22.0,38.89,10.5,15.0
8057,2016-05-19,9.0,39.09,5.0,5.0
8058,2016-05-19,10.0,61.11,16.11,22.0
8059,2016-05-19,11.0,76.25,31.88,41.11
8060,2016-05-19,12.0,91.11,27.22,35.0
8061,2016-05-19,13.0,83.33,27.78,55.56
8062,2016-05-19,14.0,75.0,36.67,42.86
8070,2016-05-19,15.0,,40.0,
8071,2016-05-19,16.0,,28.89,
8063,2016-05-19,17.0,88.75,15.62,40.0
8064,2016-05-19,18.0,88.75,6.25,48.89
8065,2016-05-19,19.0,70.0,11.67,38.0
8066,2016-05-19,20.0,81.25,11.88,28.33
8067,2016-05-19,21.0,49.38,16.5,17.5
8068,2016-05-19,22.0,44.44,5.0,9.44
8073,2016-05-20,9.0,47.5,9.38,8.75
8074,2016-05-20,10.0,67.5,25.0,31.88
8075,2016-05-20,11.0,72.22,32.22,46.11
8076,2016-05-20,12.0,66.25,32.5,45.62
8077,2016-05-20,13.0,85.56,25.0,43.33
8078,2016-05-20,14.0,56.67,23.12,26.11
8079,2016-05-20,15.0,68.75,12.5,36.25
8080,2016-05-20,16.0,80.0,21.5,47.22
8081,2016-05-20,17.0,52.5,18.75,60.0
8082,2016-05-20,18.0,55.56,13.33,53.5
8083,2016-05-20,19.0,81.11,15.0,40.56
8084,2016-05-20,20.0,50.0,10.0,30.0
8085,2016-05-20,21.0,51.43,5.0,18.57
8086,2016-05-20,22.0,42.5,5.0,9.38
8090,2016-05-21,9.0,60.0,9.29,5.0
8091,2016-05-21,10.0,70.62,10.62,20.0
8092,2016-05-21,11.0,85.0,26.36,28.5
8093,2016-05-21,12.0,93.33,30.0,54.5
8094,2016-05-21,13.0,101.11,31.11,52.78
8095,2016-05-21,14.0,112.5,33.75,60.0
8096,2016-05-21,15.0,111.25,26.11,52.5
8097,2016-05-21,16.0,114.44,34.44,59.44
8098,2016-05-21,17.0,93.33,37.78,52.78
8099,2016-05-21,18.0,62.22,41.88,50.0
8100,2016-05-21,19.0,67.5,37.0,36.88
8101,2016-05-21,20.0,91.11,31.11,27.78
8102,2016-05-21,21.0,62.5,8.57,19.38
8103,2016-05-21,22.0,59.5,20.0,23.33
8106,2016-05-22,9.0,49.5,5.0,18.33
8107,2016-05-22,10.0,71.11,12.78,40.0
8108,2016-05-22,11.0,95.0,29.38,43.12
8109,2016-05-22,12.0,85.0,30.0,45.0
8110,2016-05-22,13.0,91.25,30.62,46.88
8111,2016-05-22,14.0,118.89,33.33,43.89
8112,2016-05-22,15.0,95.56,31.67,40.0
8113,2016-05-22,16.0,63.12,23.75,53.12
8114,2016-05-22,17.0,82.22,24.44,57.22
8115,2016-05-22,18.0,108.89,12.78,47.78
8116,2016-05-22,19.0,67.22,16.67,36.25
8117,2016-05-22,20.0,57.86,11.43,31.43
8118,2016-05-22,21.0,52.22,7.22,17.78
8119,2016-05-22,22.0,35.5,5.0,8.33
8122,2016-05-23,9.0,48.33,10.62,12.22
8123,2016-05-23,10.0,67.78,34.0,45.62
8124,2016-05-23,11.0,104.44,46.5,53.89
8125,2016-05-23,12.0,104.44,68.75,66.25
8126,2016-05-23,13.0,115.0,51.25,65.0
8127,2016-05-23,14.0,107.5,36.25,65.0
8128,2016-05-23,15.0,75.56,41.67,58.89
8129,2016-05-23,16.0,78.89,44.44,68.89
8130,2016-05-23,17.0,105.56,35.0,67.22
8131,2016-05-23,18.0,96.67,30.5,75.0
8132,2016-05-23,19.0,75.71,26.25,54.29
8133,2016-05-23,20.0,77.78,23.64,46.25
8134,2016-05-23,21.0,56.11,10.0,50.0
8135,2016-05-23,22.0,48.89,10.56,
8138,2016-05-24,9.0,62.5,15.0,12.22
8139,2016-05-24,10.0,120.0,35.0,47.0
8140,2016-05-24,11.0,120.0,35.0,47.78
8141,2016-05-24,12.0,101.25,40.62,58.12
8142,2016-05-24,13.0,90.0,55.0,
8143,2016-05-24,14.0,90.0,48.89,55.0
8144,2016-05-24,15.0,107.0,30.0,76.11
8145,2016-05-24,16.0,116.67,35.0,76.0
8146,2016-05-24,17.0,78.89,29.0,67.22
8147,2016-05-24,18.0,54.38,33.33,70.0
8148,2016-05-24,19.0,93.33,23.89,60.5
8149,2016-05-24,20.0,64.38,19.38,45.71
8150,2016-05-24,21.0,64.44,15.56,30.0
8151,2016-05-24,22.0,40.0,7.78,23.89
8153,2016-05-25,9.0,56.25,10.56,10.56
8154,2016-05-25,10.0,67.14,30.0,47.5
8155,2016-05-25,11.0,86.67,37.78,48.33
8156,2016-05-25,12.0,77.22,40.5,61.11
8157,2016-05-25,13.0,87.78,33.33,73.89
8158,2016-05-25,14.0,118.75,34.38,65.62
8159,2016-05-25,15.0,123.33,24.09,61.11
8160,2016-05-25,16.0,90.0,33.33,70.56
8167,2016-05-25,17.0,,26.67,61.36
8161,2016-05-25,18.0,99.55,26.5,72.78
8162,2016-05-25,19.0,100.0,25.0,61.67
8163,2016-05-25,20.0,90.0,21.11,43.75
8164,2016-05-25,21.0,71.11,8.89,39.38
8165,2016-05-25,22.0,49.29,24.44,37.14
8171,2016-05-26,9.0,61.88,10.0,10.62
8172,2016-05-26,10.0,77.22,34.09,50.5
8173,2016-05-26,11.0,88.0,43.5,76.11
8174,2016-05-26,12.0,97.78,46.67,70.0
8175,2016-05-26,13.0,107.5,50.56,88.12
8176,2016-05-26,14.0,128.57,39.44,81.11
8185,2016-05-26,15.0,,35.5,68.33
8177,2016-05-26,16.0,140.0,46.11,93.12
8178,2016-05-26,17.0,140.0,36.11,87.22
8179,2016-05-26,18.0,140.0,30.0,90.0
8180,2016-05-26,19.0,138.89,36.0,81.67
8181,2016-05-26,20.0,100.0,32.14,66.43
8182,2016-05-26,21.0,88.75,14.5,50.0
8183,2016-05-26,22.0,55.56,17.5,35.5
8188,2016-05-27,9.0,68.89,7.78,28.64
8189,2016-05-27,10.0,71.88,24.0,42.5
8190,2016-05-27,11.0,73.57,37.14,51.67
8191,2016-05-27,12.0,80.0,38.75,40.0
8202,2016-05-27,13.0,,35.0,80.56
8192,2016-05-27,14.0,80.0,30.0,86.11
8193,2016-05-27,15.0,100.0,24.44,68.57
8194,2016-05-27,16.0,125.56,40.0,
8195,2016-05-27,17.0,155.56,22.22,58.57
8196,2016-05-27,18.0,118.0,17.27,66.5
8197,2016-05-27,19.0,52.5,13.75,75.0
8198,2016-05-27,20.0,61.25,11.88,52.5
8199,2016-05-27,21.0,102.5,8.75,29.38
8200,2016-05-27,22.0,56.67,5.62,26.11
8205,2016-05-28,9.0,30.0,8.33,9.44
8206,2016-05-28,10.0,85.0,18.33,38.64
8207,2016-05-28,11.0,89.44,30.0,50.0
8208,2016-05-28,12.0,102.5,36.43,52.78
8209,2016-05-28,13.0,127.78,37.78,55.56
8210,2016-05-28,14.0,142.22,36.25,62.22
8211,2016-05-28,15.0,113.33,39.0,54.44
8212,2016-05-28,16.0,59.38,26.88,74.38
8213,2016-05-28,17.0,85.71,43.57,59.29
8214,2016-05-28,18.0,115.56,36.11,55.56
8215,2016-05-28,19.0,67.5,25.0,51.88
8216,2016-05-28,20.0,73.57,22.86,35.62
8217,2016-05-28,21.0,70.62,10.0,23.75
8218,2016-05-28,22.0,65.56,12.22,32.22
8222,2016-05-29,9.0,57.5,5.0,14.55
8223,2016-05-29,10.0,82.5,20.0,42.22
8224,2016-05-29,11.0,87.78,36.67,45.5
8225,2016-05-29,12.0,82.22,36.67,61.67
8226,2016-05-29,13.0,102.14,35.83,70.83
8227,2016-05-29,14.0,114.44,36.88,71.25
8228,2016-05-29,15.0,136.25,28.12,61.88
8229,2016-05-29,16.0,134.44,31.5,60.0
8230,2016-05-29,17.0,130.0,29.38,77.5
8231,2016-05-29,18.0,130.0,28.75,54.38
8232,2016-05-29,19.0,113.33,25.0,51.25
8233,2016-05-29,20.0,90.0,25.71,
8234,2016-05-29,21.0,100.0,10.62,25.0
8235,2016-05-29,22.0,44.0,5.0,24.5
8239,2016-05-30,9.0,45.0,5.0,11.25
8240,2016-05-30,10.0,64.38,15.0,32.27
8241,2016-05-30,11.0,111.43,30.71,45.56
8242,2016-05-30,12.0,141.43,40.71,54.29
8243,2016-05-30,13.0,101.11,40.56,72.22
8244,2016-05-30,14.0,83.33,31.5,67.78
8245,2016-05-30,15.0,90.0,29.5,51.88
8246,2016-05-30,16.0,90.0,30.0,53.89
8247,2016-05-30,17.0,99.0,28.33,55.56
8248,2016-05-30,18.0,118.75,11.25,33.75
8249,2016-05-30,19.0,80.0,10.0,39.44
8250,2016-05-30,20.0,63.75,10.0,33.75
8251,2016-05-30,21.0,78.0,7.14,21.0
8253,2016-05-30,22.0,,5.0,
8256,2016-05-31,9.0,60.0,5.56,10.0
8257,2016-05-31,10.0,78.0,33.64,46.67
8258,2016-05-31,11.0,117.78,39.44,49.09
8259,2016-05-31,12.0,165.56,48.0,68.33
8260,2016-05-31,13.0,161.0,53.12,88.75
8261,2016-05-31,14.0,128.57,46.11,88.89
8262,2016-05-31,15.0,128.57,31.25,75.71
8263,2016-05-31,16.0,93.75,43.12,74.38
8264,2016-05-31,17.0,98.89,44.44,85.5
8265,2016-05-31,18.0,112.5,42.14,
8266,2016-05-31,19.0,100.0,52.78,45.0
8267,2016-05-31,20.0,76.67,36.25,18.33
8268,2016-05-31,21.0,90.0,11.0,13.0
8269,2016-05-31,22.0,61.11,5.0,24.44
8287,2016-06-01,9.0,,10.0,12.78
8273,2016-06-01,10.0,66.0,38.0,45.45
8274,2016-06-01,11.0,105.0,46.11,53.89
8275,2016-06-01,12.0,121.11,46.11,71.25
8276,2016-06-01,13.0,141.11,46.11,77.0
8277,2016-06-01,14.0,135.0,37.5,73.89
8278,2016-06-01,15.0,81.43,27.14,72.14
8279,2016-06-01,16.0,67.5,36.11,77.5
8280,2016-06-01,17.0,114.29,30.71,64.29
8281,2016-06-01,18.0,120.0,24.44,49.44
8282,2016-06-01,19.0,82.0,37.0,64.0
8283,2016-06-01,20.0,87.5,29.44,48.0
8284,2016-06-01,21.0,86.25,10.71,31.43
8285,2016-06-01,22.0,55.56,14.38,38.75
8290,2016-06-02,9.0,55.71,7.5,14.38
8291,2016-06-02,10.0,90.0,28.93,42.0
8292,2016-06-02,11.0,65.56,46.82,50.45
8293,2016-06-02,12.0,73.0,38.33,74.0
8294,2016-06-02,13.0,113.75,45.56,70.56
8295,2016-06-02,14.0,130.0,40.71,65.0
8296,2016-06-02,15.0,81.25,27.5,67.0
8297,2016-06-02,16.0,73.89,40.0,65.0
8298,2016-06-02,17.0,83.12,24.44,59.44
8299,2016-06-02,18.0,76.67,26.88,59.38
8300,2016-06-02,19.0,83.89,31.11,45.0
8301,2016-06-02,20.0,97.27,35.5,63.33
8302,2016-06-02,21.0,60.0,20.71,30.0
8303,2016-06-02,22.0,42.0,10.0,35.56
8306,2016-06-03,9.0,66.0,19.17,35.83
8307,2016-06-03,10.0,77.22,40.91,56.67
8308,2016-06-03,11.0,84.44,50.0,66.25
8309,2016-06-03,12.0,92.22,43.0,66.11
8310,2016-06-03,13.0,93.75,41.11,76.25
8311,2016-06-03,14.0,81.25,31.88,78.75
8312,2016-06-03,15.0,82.22,22.22,68.12
8313,2016-06-03,16.0,96.25,32.5,52.22
8314,2016-06-03,17.0,91.25,20.62,51.25
8315,2016-06-03,18.0,70.0,16.25,54.38
8316,2016-06-03,19.0,71.0,23.18,41.67
8317,2016-06-03,20.0,96.67,20.5,43.33
8318,2016-06-03,21.0,54.44,10.0,34.29
8319,2016-06-03,22.0,47.78,6.67,14.44
8322,2016-06-04,9.0,40.0,,17.5
8323,2016-06-04,10.0,63.5,37.5,57.14
8324,2016-06-04,11.0,93.75,50.56,60.0
8325,2016-06-04,12.0,84.29,60.0,65.0
8326,2016-06-04,13.0,98.89,42.0,86.67
8327,2016-06-04,14.0,110.0,42.22,71.25
8328,2016-06-04,15.0,85.0,33.75,68.75
8329,2016-06-04,16.0,81.43,38.75,71.43
8330,2016-06-04,17.0,113.75,34.38,67.5
8331,2016-06-04,18.0,94.29,44.29,52.14
8332,2016-06-04,19.0,62.5,30.0,68.12
8333,2016-06-04,20.0,77.78,28.0,63.33
8334,2016-06-04,21.0,85.71,6.25,26.43
8335,2016-06-04,22.0,41.0,10.5,46.5
8339,2016-06-05,8.0,30.0,5.0,5.62
8340,2016-06-05,9.0,57.14,5.56,19.0
8341,2016-06-05,10.0,80.0,30.0,42.0
8342,2016-06-05,11.0,91.43,36.25,46.25
8343,2016-06-05,12.0,76.67,41.67,51.5
8344,2016-06-05,13.0,81.0,45.5,66.67
8345,2016-06-05,14.0,100.0,38.75,50.56
8346,2016-06-05,15.0,110.0,35.71,63.33
8347,2016-06-05,16.0,110.0,35.56,50.0
8348,2016-06-05,17.0,103.0,20.0,53.89
8349,2016-06-05,18.0,54.44,21.5,36.25
8350,2016-06-05,19.0,76.25,10.56,34.38
8351,2016-06-05,20.0,90.91,8.33,30.5
8352,2016-06-05,21.0,75.56,5.0,15.62
8353,2016-06-05,22.0,36.11,5.0,8.33
8369,2016-06-06,8.0,,5.0,5.0
8355,2016-06-06,9.0,60.0,8.75,16.67
8356,2016-06-06,10.0,102.86,11.88,30.0
8357,2016-06-06,11.0,105.0,32.22,45.56
8370,2016-06-06,12.0,,33.57,63.57
8358,2016-06-06,13.0,105.0,38.33,52.78
8359,2016-06-06,14.0,102.5,30.0,48.33
8360,2016-06-06,15.0,90.0,23.57,36.88
8361,2016-06-06,16.0,100.0,12.5,26.67
8362,2016-06-06,17.0,83.33,10.0,30.0
8363,2016-06-06,18.0,52.22,5.71,30.0
8364,2016-06-06,19.0,77.5,5.0,21.88
8365,2016-06-06,20.0,60.0,5.0,26.88
8366,2016-06-06,21.0,35.0,5.62,6.25
8367,2016-06-06,22.0,35.56,5.0,5.0
8372,2016-06-07,9.0,40.62,5.0,8.75
8373,2016-06-07,10.0,84.0,18.0,22.5
8374,2016-06-07,11.0,117.14,38.57,30.71
8375,2016-06-07,12.0,115.0,41.88,50.0
8376,2016-06-07,13.0,112.5,40.62,55.0
8377,2016-06-07,14.0,104.29,37.14,58.57
8378,2016-06-07,15.0,123.33,33.5,51.67
8379,2016-06-07,16.0,135.0,45.0,65.0
8380,2016-06-07,17.0,148.75,33.75,57.5
8381,2016-06-07,18.0,100.0,16.67,62.5
8382,2016-06-07,19.0,55.71,21.67,49.17
8383,2016-06-07,20.0,90.0,10.0,33.75
8384,2016-06-07,21.0,67.14,5.71,34.29
8385,2016-06-07,22.0,43.33,5.0,28.12
8387,2016-06-08,8.0,63.75,5.0,5.0
8388,2016-06-08,9.0,90.0,10.0,14.38
8389,2016-06-08,10.0,77.14,41.11,43.12
8390,2016-06-08,11.0,78.75,54.38,82.5
8391,2016-06-08,12.0,110.0,56.0,114.44
8392,2016-06-08,13.0,130.0,53.75,103.12
8393,2016-06-08,14.0,180.0,62.86,58.89
8394,2016-06-08,15.0,120.0,71.25,75.62
8402,2016-06-08,16.0,,45.62,110.0
8395,2016-06-08,17.0,97.5,55.0,81.25
8396,2016-06-08,18.0,120.0,42.27,54.44
8397,2016-06-08,19.0,102.5,40.0,80.62
8398,2016-06-08,20.0,137.0,39.44,61.67
8399,2016-06-08,21.0,97.5,17.5,36.25
8400,2016-06-08,22.0,64.0,16.67,41.67
8405,2016-06-09,8.0,45.0,6.0,5.0
8406,2016-06-09,9.0,65.0,8.33,21.5
8407,2016-06-09,10.0,68.57,22.22,42.5
8408,2016-06-09,11.0,95.0,55.0,53.75
8409,2016-06-09,12.0,95.0,53.33,84.0
8410,2016-06-09,13.0,96.25,,81.88
8411,2016-06-09,14.0,116.25,32.14,74.38
8412,2016-06-09,15.0,97.5,56.36,43.5
8413,2016-06-09,16.0,86.67,45.5,70.5
8414,2016-06-09,17.0,108.75,42.78,71.25
8415,2016-06-09,18.0,114.38,40.71,65.71
8416,2016-06-09,19.0,144.0,32.78,50.0
8417,2016-06-09,20.0,136.0,28.33,49.44
8418,2016-06-09,21.0,77.5,5.0,35.62
8419,2016-06-09,22.0,44.0,9.44,24.5
8422,2016-06-10,9.0,75.0,24.44,38.12
8423,2016-06-10,10.0,60.0,42.5,32.0
8424,2016-06-10,11.0,89.5,59.44,47.78
8425,2016-06-10,12.0,115.0,38.0,61.11
8426,2016-06-10,13.0,120.0,55.5,60.0
8427,2016-06-10,14.0,87.5,35.71,60.0
8428,2016-06-10,15.0,66.67,45.0,60.62
8429,2016-06-10,16.0,94.44,42.0,68.33
8430,2016-06-10,17.0,101.25,34.38,53.75
8431,2016-06-10,18.0,90.0,35.0,60.0
8432,2016-06-10,19.0,80.0,22.78,30.0
8433,2016-06-10,20.0,90.0,12.0,36.88
8434,2016-06-10,21.0,86.25,10.0,21.25
8435,2016-06-10,22.0,37.78,6.11,19.0
8438,2016-06-11,9.0,62.27,9.0,8.18
8439,2016-06-11,10.0,74.55,23.0,33.33
8440,2016-06-11,11.0,72.5,26.25,46.67
8441,2016-06-11,12.0,101.11,38.64,50.5
8442,2016-06-11,13.0,118.75,34.0,65.45
8443,2016-06-11,14.0,121.43,41.25,52.86
8444,2016-06-11,15.0,85.56,28.12,50.56
8445,2016-06-11,16.0,77.5,26.25,57.5
8446,2016-06-11,17.0,100.0,32.22,62.78
8447,2016-06-11,18.0,107.5,23.33,48.89
8448,2016-06-11,19.0,76.67,11.67,50.56
8449,2016-06-11,20.0,95.0,20.0,41.11
8450,2016-06-11,21.0,52.0,10.0,41.0
8451,2016-06-11,22.0,46.25,5.83,9.17
8453,2016-06-12,9.0,53.33,22.86,12.5
8454,2016-06-12,10.0,72.31,33.33,32.08
8455,2016-06-12,11.0,97.78,39.44,47.78
8456,2016-06-12,12.0,92.86,38.57,53.12
8457,2016-06-12,13.0,96.25,41.25,67.5
8458,2016-06-12,14.0,121.25,34.38,63.12
8459,2016-06-12,15.0,112.5,28.12,58.12
8460,2016-06-12,16.0,73.75,30.62,57.5
8461,2016-06-12,17.0,72.86,25.0,50.71
8462,2016-06-12,18.0,90.0,31.5,39.17
8463,2016-06-12,19.0,95.0,20.0,42.73
8464,2016-06-12,20.0,80.0,11.67,34.44
8465,2016-06-12,21.0,63.89,10.0,28.12
8466,2016-06-12,22.0,50.0,6.0,20.56
8468,2016-06-13,9.0,43.12,5.71,10.56
8469,2016-06-13,10.0,71.11,16.43,26.88
8470,2016-06-13,11.0,87.86,45.0,51.11
8481,2016-06-13,12.0,,57.5,89.38
8471,2016-06-13,13.0,120.0,46.11,105.0
8472,2016-06-13,14.0,115.62,41.25,73.12
8473,2016-06-13,15.0,117.14,37.86,72.14
8474,2016-06-13,16.0,123.75,54.38,78.12
8475,2016-06-13,17.0,94.29,30.71,56.43
8476,2016-06-13,18.0,66.88,26.5,71.88
8477,2016-06-13,19.0,90.62,28.75,53.12
8478,2016-06-13,20.0,108.75,33.89,50.0
8482,2016-06-13,21.0,,24.09,
8479,2016-06-13,22.0,65.0,10.0,23.33
8484,2016-06-14,9.0,50.62,8.33,18.0
8485,2016-06-14,10.0,120.0,40.0,25.56
8486,2016-06-14,11.0,128.0,39.44,76.0
8487,2016-06-14,12.0,99.44,55.0,76.25
8488,2016-06-14,13.0,105.0,37.5,63.75
8489,2016-06-14,14.0,126.0,40.62,70.0
8490,2016-06-14,15.0,123.33,28.89,60.0
8491,2016-06-14,16.0,82.5,37.5,55.0
8492,2016-06-14,17.0,76.67,26.88,70.0
8493,2016-06-14,18.0,86.25,18.12,56.88
8494,2016-06-14,19.0,99.0,16.5,45.0
8495,2016-06-14,20.0,97.78,16.67,43.75
8496,2016-06-14,21.0,48.89,6.25,28.12
8497,2016-06-14,22.0,65.0,6.11,20.0
8500,2016-06-15,8.0,39.38,5.0,5.0
8501,2016-06-15,9.0,55.0,7.5,14.44
8502,2016-06-15,10.0,70.0,22.86,44.44
8503,2016-06-15,11.0,102.5,43.75,70.56
8504,2016-06-15,12.0,106.67,48.33,76.11
8505,2016-06-15,13.0,102.5,36.67,90.5
8506,2016-06-15,14.0,115.0,25.62,86.25
8507,2016-06-15,15.0,127.5,22.5,59.38
8508,2016-06-15,16.0,71.43,31.88,85.0
8509,2016-06-15,17.0,67.5,21.88,66.88
8510,2016-06-15,18.0,103.33,24.38,73.75
8511,2016-06-15,19.0,90.0,22.5,81.67
8512,2016-06-15,20.0,86.25,16.67,58.75
8513,2016-06-15,21.0,90.0,12.86,32.14
8514,2016-06-15,22.0,53.33,8.33,32.78
8518,2016-06-16,8.0,30.0,6.67,5.0
8519,2016-06-16,9.0,56.25,5.56,18.12
8520,2016-06-16,10.0,73.12,21.11,41.11
8521,2016-06-16,11.0,91.25,33.12,48.12
8522,2016-06-16,12.0,98.75,50.0,56.88
8523,2016-06-16,13.0,105.0,41.67,69.38
8524,2016-06-16,14.0,105.0,36.25,71.88
8525,2016-06-16,15.0,81.25,30.0,67.5
8526,2016-06-16,16.0,91.25,34.44,57.5
8527,2016-06-16,17.0,95.56,20.0,53.33
8528,2016-06-16,18.0,92.5,26.82,46.25
8529,2016-06-16,19.0,92.22,23.33,42.78
8530,2016-06-16,20.0,78.33,24.44,45.56
8531,2016-06-16,21.0,65.71,11.67,41.11
8532,2016-06-16,22.0,43.33,7.5,17.14
8535,2016-06-17,9.0,60.0,10.45,28.12
8536,2016-06-17,10.0,66.67,41.5,48.75
8537,2016-06-17,11.0,100.0,31.43,70.0
8538,2016-06-17,12.0,153.33,37.5,45.0
8539,2016-06-17,13.0,137.14,22.86,50.0
8540,2016-06-17,14.0,110.0,23.57,51.43
8541,2016-06-17,15.0,85.0,13.33,46.88
8542,2016-06-17,16.0,77.78,18.75,61.25
8543,2016-06-17,17.0,102.5,10.56,55.56
8544,2016-06-17,18.0,61.43,10.0,68.75
8545,2016-06-17,19.0,73.57,12.86,46.43
8546,2016-06-17,20.0,84.44,8.12,38.75
8547,2016-06-17,21.0,65.0,5.0,41.25
8548,2016-06-17,22.0,41.11,5.0,22.22
8550,2016-06-18,9.0,45.0,5.62,12.5
8551,2016-06-18,10.0,60.0,27.31,52.78
8552,2016-06-18,11.0,82.22,19.38,35.56
8553,2016-06-18,12.0,65.0,20.91,45.0
8554,2016-06-18,13.0,72.22,17.22,56.11
8555,2016-06-18,14.0,97.14,20.71,59.29
8556,2016-06-18,15.0,91.43,11.67,52.86
8562,2016-06-18,16.0,,28.57,
8563,2016-06-18,17.0,,15.5,
8564,2016-06-18,18.0,,10.56,10.0
8557,2016-06-18,19.0,67.5,7.0,23.0
8558,2016-06-18,20.0,67.5,,33.75
8559,2016-06-18,21.0,71.43,15.0,21.43
8560,2016-06-18,22.0,36.25,10.0,5.0
8566,2016-06-19,9.0,55.0,5.0,7.22
8567,2016-06-19,10.0,66.67,9.38,30.0
8568,2016-06-19,11.0,93.64,25.62,30.0
8569,2016-06-19,12.0,88.75,20.56,36.88
8570,2016-06-19,13.0,80.0,20.56,55.62
8571,2016-06-19,14.0,87.14,21.5,44.38
8572,2016-06-19,15.0,110.71,20.0,35.0
8573,2016-06-19,16.0,111.11,21.67,44.44
8574,2016-06-19,17.0,43.75,14.38,36.67
8575,2016-06-19,18.0,62.5,8.75,37.5
8576,2016-06-19,19.0,53.33,6.25,35.56
8577,2016-06-19,20.0,51.25,9.38,33.33
8578,2016-06-19,21.0,42.86,5.0,17.14
8579,2016-06-19,22.0,39.44,5.0,5.0
8581,2016-06-20,8.0,45.0,5.0,6.88
8582,2016-06-20,9.0,60.0,5.0,13.12
8583,2016-06-20,10.0,65.0,15.71,33.33
8584,2016-06-20,11.0,77.5,28.12,60.62
8585,2016-06-20,12.0,98.57,55.0,76.43
8586,2016-06-20,13.0,102.5,43.89,74.44
8587,2016-06-20,14.0,102.5,48.12,83.12
8588,2016-06-20,15.0,130.0,42.22,68.12
8589,2016-06-20,16.0,116.25,38.75,93.12
8590,2016-06-20,17.0,72.86,50.0,91.43
8591,2016-06-20,18.0,73.75,35.62,88.89
8592,2016-06-20,19.0,97.86,26.43,100.71
8593,2016-06-20,20.0,93.33,27.78,65.56
8594,2016-06-20,21.0,55.56,10.0,40.62
8595,2016-06-20,22.0,62.22,6.88,28.12
8599,2016-06-21,9.0,70.0,11.67,10.62
8600,2016-06-21,10.0,77.5,26.25,34.44
8601,2016-06-21,11.0,121.43,39.38,62.0
8602,2016-06-21,12.0,152.22,51.88,73.12
8603,2016-06-21,13.0,121.25,48.12,81.88
8604,2016-06-21,14.0,123.33,48.57,75.71
8605,2016-06-21,15.0,115.0,36.25,68.12
8606,2016-06-21,16.0,115.0,41.88,66.25
8607,2016-06-21,17.0,92.5,35.0,67.22
8608,2016-06-21,18.0,70.0,30.0,65.5
8609,2016-06-21,19.0,110.0,25.0,66.25
8610,2016-06-21,20.0,133.64,,42.78
8611,2016-06-21,21.0,54.44,5.0,25.62
8612,2016-06-21,22.0,56.67,9.44,21.11
8630,2016-06-22,8.0,,5.0,5.56
8615,2016-06-22,9.0,62.86,5.0,23.5
8616,2016-06-22,10.0,80.0,32.78,40.0
8617,2016-06-22,11.0,74.44,52.5,69.44
8618,2016-06-22,12.0,102.5,38.89,110.71
8619,2016-06-22,13.0,125.0,57.22,74.38
8620,2016-06-22,14.0,101.25,48.33,53.12
8621,2016-06-22,15.0,70.0,32.14,76.43
8622,2016-06-22,16.0,90.0,42.14,73.57
8623,2016-06-22,17.0,90.0,36.67,79.17
8624,2016-06-22,18.0,78.75,22.5,80.56
8625,2016-06-22,19.0,108.75,26.88,56.25
8626,2016-06-22,20.0,124.29,21.11,56.67
8627,2016-06-22,21.0,53.0,9.44,38.75
8628,2016-06-22,22.0,55.56,13.89,35.5
8635,2016-06-23,8.0,49.29,5.0,5.0
8636,2016-06-23,9.0,60.0,6.88,21.25
8637,2016-06-23,10.0,65.56,24.44,48.33
8638,2016-06-23,11.0,87.14,33.57,68.57
8639,2016-06-23,12.0,82.86,45.0,75.71
8640,2016-06-23,13.0,88.57,35.83,75.0
8641,2016-06-23,14.0,97.5,35.0,71.88
8642,2016-06-23,15.0,105.56,20.0,58.75
8643,2016-06-23,16.0,90.0,31.43,90.71
8644,2016-06-23,17.0,76.25,32.5,77.5
8645,2016-06-23,18.0,84.29,13.57,62.86
8646,2016-06-23,19.0,86.67,15.83,57.5
8647,2016-06-23,20.0,85.71,14.29,46.43
8648,2016-06-23,21.0,36.67,5.0,28.33
8649,2016-06-23,22.0,47.5,5.62,11.88
8652,2016-06-24,9.0,60.0,8.75,22.22
8653,2016-06-24,10.0,63.33,32.22,56.67
8654,2016-06-24,11.0,61.67,40.83,55.83
8655,2016-06-24,12.0,75.0,31.88,70.62
8656,2016-06-24,13.0,107.14,33.57,75.71
8657,2016-06-24,14.0,122.22,15.0,74.38
8658,2016-06-24,15.0,65.0,15.0,64.38
8659,2016-06-24,16.0,70.0,18.12,50.62
8660,2016-06-24,17.0,87.0,22.22,60.56
8661,2016-06-24,18.0,60.0,13.75,49.38
8662,2016-06-24,19.0,72.86,10.0,50.5
8663,2016-06-24,20.0,92.86,5.0,42.5
8664,2016-06-24,21.0,42.0,5.0,43.12
8665,2016-06-24,22.0,41.11,5.0,18.12
8668,2016-06-25,9.0,30.0,6.25,10.0
8669,2016-06-25,10.0,47.5,9.38,31.88
8670,2016-06-25,11.0,102.22,20.62,51.11
8671,2016-06-25,12.0,93.75,23.0,54.38
8672,2016-06-25,13.0,60.0,23.33,57.86
8673,2016-06-25,14.0,76.88,19.38,55.0
8674,2016-06-25,15.0,111.43,15.0,43.57
8675,2016-06-25,16.0,72.86,14.29,45.0
8676,2016-06-25,17.0,81.25,13.75,65.0
8677,2016-06-25,18.0,78.89,14.44,48.33
8678,2016-06-25,19.0,71.88,15.0,50.83
8679,2016-06-25,20.0,81.25,7.22,38.75
8680,2016-06-25,21.0,57.5,6.25,60.0
8681,2016-06-25,22.0,32.22,6.88,18.33
8684,2016-06-26,9.0,46.36,6.88,10.71
8685,2016-06-26,10.0,72.73,12.22,39.44
8686,2016-06-26,11.0,82.5,31.25,40.0
8687,2016-06-26,12.0,58.75,33.33,61.25
8688,2016-06-26,13.0,75.0,32.22,51.88
8689,2016-06-26,14.0,75.71,27.5,55.62
8697,2016-06-26,15.0,,40.0,
8690,2016-06-26,16.0,70.0,22.14,28.33
8691,2016-06-26,17.0,71.0,8.75,43.12
8692,2016-06-26,18.0,88.75,5.0,40.62
8693,2016-06-26,19.0,96.25,7.5,51.67
8694,2016-06-26,20.0,82.86,8.12,41.43
8695,2016-06-26,21.0,51.67,5.0,25.56
8696,2016-06-26,22.0,42.86,5.0,8.57
8699,2016-06-27,8.0,35.71,7.14,8.57
8700,2016-06-27,9.0,75.56,10.0,20.62
8701,2016-06-27,10.0,71.11,18.57,71.43
8702,2016-06-27,11.0,62.86,48.12,63.33
8703,2016-06-27,12.0,103.89,45.45,75.91
8704,2016-06-27,13.0,115.56,45.91,106.67
8705,2016-06-27,14.0,115.0,40.71,112.14
8706,2016-06-27,15.0,127.78,33.33,79.44
8707,2016-06-27,16.0,106.67,36.67,90.0
8708,2016-06-27,17.0,66.0,27.0,74.0
8709,2016-06-27,18.0,93.33,32.5,55.0
8710,2016-06-27,19.0,118.12,17.78,65.0
8711,2016-06-27,20.0,104.44,16.25,53.12
8712,2016-06-27,21.0,47.73,10.62,48.33
8713,2016-06-27,22.0,65.0,5.0,30.62
8715,2016-06-28,9.0,49.5,5.62,17.0
8716,2016-06-28,10.0,63.33,25.0,30.45
8717,2016-06-28,11.0,109.0,42.5,71.25
8718,2016-06-28,12.0,105.71,52.14,95.71
8719,2016-06-28,13.0,108.75,41.25,95.0
8720,2016-06-28,14.0,122.5,38.75,76.25
8721,2016-06-28,15.0,112.86,26.43,75.71
8722,2016-06-28,16.0,81.25,39.38,85.62
8723,2016-06-28,17.0,90.0,32.86,77.5
8724,2016-06-28,18.0,125.71,31.67,73.33
8725,2016-06-28,19.0,120.0,15.56,66.67
8726,2016-06-28,20.0,43.33,14.38,60.62
8727,2016-06-28,21.0,75.71,5.71,52.86
8728,2016-06-28,22.0,61.25,5.0,19.38
8743,2016-06-29,9.0,,6.11,12.22
8730,2016-06-29,10.0,72.5,30.0,43.12
8731,2016-06-29,11.0,90.0,38.57,73.12
8732,2016-06-29,12.0,118.89,45.71,84.29
8744,2016-06-29,13.0,,50.71,87.14
8733,2016-06-29,14.0,110.0,38.12,71.67
8734,2016-06-29,15.0,152.5,32.14,
8735,2016-06-29,16.0,95.0,23.33,55.83
8736,2016-06-29,17.0,98.75,36.88,80.0
8737,2016-06-29,18.0,105.71,42.86,76.43
8738,2016-06-29,19.0,102.5,30.62,71.67
8739,2016-06-29,20.0,96.25,25.56,
8740,2016-06-29,21.0,90.0,13.12,36.0
8741,2016-06-29,22.0,60.62,12.5,56.88
8747,2016-06-30,9.0,45.0,6.43,16.88
8748,2016-06-30,10.0,70.0,15.62,42.14
8749,2016-06-30,11.0,80.0,24.44,52.78
8750,2016-06-30,12.0,71.88,39.38,71.25
8751,2016-06-30,13.0,115.62,33.12,72.22
8752,2016-06-30,14.0,90.0,26.67,57.5
8753,2016-06-30,15.0,60.71,20.0,56.43
8754,2016-06-30,16.0,91.25,21.11,54.38
8755,2016-06-30,17.0,117.5,21.88,69.38
8756,2016-06-30,18.0,62.86,10.0,51.67
8757,2016-06-30,19.0,70.0,10.0,40.0
8758,2016-06-30,20.0,106.67,7.5,56.25
8759,2016-06-30,21.0,60.0,5.0,22.5
8760,2016-06-30,22.0,42.5,5.62,10.62
8763,2016-07-01,9.0,46.88,6.25,23.75
8764,2016-07-01,10.0,64.44,20.62,35.0
8765,2016-07-01,11.0,86.25,22.5,51.25
8766,2016-07-01,12.0,67.14,36.67,48.33
8767,2016-07-01,13.0,80.0,30.83,66.0
8768,2016-07-01,14.0,80.0,25.56,63.33
8769,2016-07-01,15.0,69.09,10.0,59.38
8770,2016-07-01,16.0,70.0,29.5,60.0
8774,2016-07-01,17.0,,22.86,
8771,2016-07-01,18.0,83.33,7.86,38.75
8772,2016-07-01,19.0,58.0,5.0,47.86
8775,2016-07-01,20.0,,6.25,45.0
8776,2016-07-01,21.0,,5.0,12.14
8773,2016-07-01,22.0,37.5,5.0,8.75
8778,2016-07-02,9.0,52.5,7.5,10.71
8779,2016-07-02,10.0,72.5,24.17,24.44
8780,2016-07-02,11.0,71.25,25.62,38.64
8781,2016-07-02,12.0,71.25,24.44,45.56
8782,2016-07-02,13.0,98.89,24.5,55.5
8783,2016-07-02,14.0,121.25,23.75,50.56
8784,2016-07-02,15.0,92.5,22.22,47.5
8785,2016-07-02,16.0,86.0,20.0,34.17
8786,2016-07-02,17.0,64.38,9.38,32.5
8787,2016-07-02,18.0,75.62,5.0,40.0
8788,2016-07-02,19.0,72.5,5.0,21.88
8789,2016-07-02,20.0,80.0,5.62,27.78
8790,2016-07-02,21.0,52.22,5.0,16.43
8791,2016-07-02,22.0,37.5,5.0,10.0
8793,2016-07-03,9.0,63.64,5.0,7.31
8794,2016-07-03,10.0,74.55,14.29,41.25
8795,2016-07-03,11.0,83.64,26.67,45.56
8796,2016-07-03,12.0,87.27,30.0,60.5
8797,2016-07-03,13.0,93.75,30.0,65.71
8798,2016-07-03,14.0,80.0,55.0,71.0
8799,2016-07-03,15.0,82.5,47.5,78.89
8800,2016-07-03,16.0,92.5,52.5,82.5
8801,2016-07-03,17.0,95.0,42.22,64.38
8802,2016-07-03,18.0,82.22,37.5,71.11
8803,2016-07-03,19.0,77.14,38.75,65.62
8804,2016-07-03,20.0,80.0,20.0,47.14
8805,2016-07-03,21.0,75.0,10.56,30.0
8806,2016-07-03,22.0,100.0,27.22,57.86
8811,2016-07-04,8.0,30.0,5.0,10.0
8812,2016-07-04,9.0,70.0,6.67,19.29
8813,2016-07-04,10.0,78.12,15.0,46.25
8814,2016-07-04,11.0,72.14,36.43,78.57
8815,2016-07-04,12.0,92.5,28.12,68.75
8816,2016-07-04,13.0,97.5,40.62,80.0
8817,2016-07-04,14.0,91.43,40.71,93.57
8818,2016-07-04,15.0,106.25,39.38,80.62
8819,2016-07-04,16.0,108.75,36.88,72.5
8820,2016-07-04,17.0,91.11,47.5,94.38
8821,2016-07-04,18.0,112.5,36.25,113.12
8822,2016-07-04,19.0,114.29,30.0,92.5
8823,2016-07-04,20.0,77.78,24.0,66.11
8824,2016-07-04,21.0,87.14,7.86,44.29
8825,2016-07-04,22.0,51.25,8.12,43.12
8830,2016-07-05,9.0,57.22,9.38,
8831,2016-07-05,10.0,92.22,13.75,
8832,2016-07-05,11.0,124.29,21.25,
8833,2016-07-05,12.0,100.0,35.0,55.0
8842,2016-07-05,13.0,,31.67,85.0
8834,2016-07-05,14.0,80.0,22.5,102.0
8835,2016-07-05,15.0,74.29,25.71,86.43
8843,2016-07-05,16.0,,23.57,73.57
8836,2016-07-05,17.0,66.0,23.12,78.75
8837,2016-07-05,18.0,91.43,10.71,62.14
8838,2016-07-05,19.0,113.33,11.67,59.44
8839,2016-07-05,20.0,126.0,7.5,58.89
8840,2016-07-05,21.0,110.0,5.0,63.12
8841,2016-07-05,22.0,53.0,5.0,25.0
8845,2016-07-06,9.0,55.0,6.88,10.0
8846,2016-07-06,10.0,97.5,21.5,33.46
8847,2016-07-06,11.0,75.0,37.5,44.17
8848,2016-07-06,12.0,96.43,42.5,69.29
8849,2016-07-06,13.0,115.0,36.25,62.78
8850,2016-07-06,14.0,120.0,30.0,75.0
8851,2016-07-06,15.0,133.33,30.83,57.5
8852,2016-07-06,16.0,118.75,35.0,66.88
8853,2016-07-06,17.0,96.25,24.44,79.38
8854,2016-07-06,18.0,70.0,20.0,75.0
8859,2016-07-06,19.0,,22.14,
8855,2016-07-06,20.0,76.67,21.88,51.0
8856,2016-07-06,21.0,90.0,5.0,37.86
8857,2016-07-06,22.0,38.75,5.0,28.12
8861,2016-07-07,9.0,44.38,,12.5
8862,2016-07-07,10.0,67.5,,53.33
8863,2016-07-07,11.0,80.0,34.38,89.29
8864,2016-07-07,12.0,98.75,42.86,50.71
8865,2016-07-07,13.0,86.67,45.0,66.67
8866,2016-07-07,14.0,75.0,38.75,60.62
8867,2016-07-07,15.0,80.0,33.33,57.5
8874,2016-07-07,16.0,,37.14,71.43
8868,2016-07-07,17.0,80.0,44.17,70.0
8869,2016-07-07,18.0,80.0,35.0,60.0
8870,2016-07-07,19.0,80.0,25.71,57.86
8871,2016-07-07,20.0,94.29,25.83,74.29
8872,2016-07-07,21.0,100.0,9.38,42.5
8873,2016-07-07,22.0,41.67,8.89,35.0
8877,2016-07-08,9.0,45.0,10.0,24.09
8878,2016-07-08,10.0,50.56,29.38,47.78
8879,2016-07-08,11.0,71.67,23.33,67.5
8880,2016-07-08,12.0,70.0,31.43,60.0
8881,2016-07-08,13.0,75.0,31.25,75.0
8882,2016-07-08,14.0,80.0,23.0,65.71
8883,2016-07-08,15.0,81.43,17.86,55.71
8884,2016-07-08,16.0,90.0,22.22,60.0
8885,2016-07-08,17.0,91.11,15.0,48.33
8886,2016-07-08,18.0,78.75,10.0,45.62
8887,2016-07-08,19.0,57.5,10.0,44.38
8888,2016-07-08,20.0,74.29,10.0,50.0
8889,2016-07-08,21.0,71.67,8.12,33.75
8890,2016-07-08,22.0,41.88,5.0,17.5
8892,2016-07-09,9.0,58.12,5.0,7.86
8893,2016-07-09,10.0,71.11,11.88,30.0
8894,2016-07-09,11.0,50.91,12.22,38.75
8895,2016-07-09,12.0,67.5,20.62,58.75
8896,2016-07-09,13.0,100.0,16.88,55.71
8897,2016-07-09,14.0,98.75,13.5,53.57
8898,2016-07-09,15.0,78.89,13.33,52.78
8899,2016-07-09,16.0,83.75,15.0,64.38
8900,2016-07-09,17.0,60.0,20.83,47.5
8901,2016-07-09,18.0,50.0,5.0,48.33
8904,2016-07-09,19.0,,9.29,
8905,2016-07-09,20.0,,25.0,
8902,2016-07-09,21.0,50.0,20.0,
8903,2016-07-09,22.0,53.33,10.0,17.5
8907,2016-07-10,9.0,57.86,6.67,8.33
8908,2016-07-10,10.0,77.78,14.29,39.0
8909,2016-07-10,11.0,98.57,24.29,40.0
8910,2016-07-10,12.0,60.0,22.14,88.57
8911,2016-07-10,13.0,75.71,24.17,93.33
8912,2016-07-10,14.0,80.0,17.86,33.57
8913,2016-07-10,15.0,90.0,16.67,90.0
8920,2016-07-10,16.0,,21.11,57.5
8914,2016-07-10,17.0,90.0,13.57,85.71
8915,2016-07-10,18.0,85.56,5.62,54.38
8916,2016-07-10,19.0,107.5,7.14,66.43
8917,2016-07-10,20.0,82.5,13.75,61.25
8918,2016-07-10,21.0,40.0,14.0,29.0
8919,2016-07-10,22.0,48.57,5.83,17.5
8922,2016-07-11,9.0,37.5,7.5,10.0
8923,2016-07-11,10.0,63.12,10.0,36.11
8924,2016-07-11,11.0,116.25,36.88,66.25
8925,2016-07-11,12.0,118.33,52.14,57.14
8926,2016-07-11,13.0,93.75,43.12,84.38
8927,2016-07-11,14.0,92.5,42.5,81.88
8928,2016-07-11,15.0,117.78,23.89,65.0
8929,2016-07-11,16.0,121.67,40.71,69.17
8930,2016-07-11,17.0,74.29,34.38,80.0
8931,2016-07-11,18.0,76.25,26.25,99.38
8932,2016-07-11,19.0,84.29,14.29,93.57
8933,2016-07-11,20.0,86.25,16.25,73.12
8934,2016-07-11,21.0,78.33,10.83,101.67
8935,2016-07-11,22.0,47.5,6.25,51.25
8948,2016-07-12,9.0,,7.86,6.88
8937,2016-07-12,10.0,83.33,22.14,36.88
8938,2016-07-12,11.0,78.75,36.88,57.86
8939,2016-07-12,12.0,88.89,33.89,56.11
8940,2016-07-12,13.0,113.33,35.0,78.89
8941,2016-07-12,14.0,123.75,35.56,58.75
8942,2016-07-12,15.0,81.11,36.5,55.62
8943,2016-07-12,16.0,68.89,33.89,75.56
8944,2016-07-12,17.0,103.75,27.5,56.88
8945,2016-07-12,18.0,106.67,27.5,66.67
8949,2016-07-12,19.0,,9.38,
8950,2016-07-12,20.0,,14.0,15.0
8946,2016-07-12,21.0,86.67,,23.89
8947,2016-07-12,22.0,45.0,5.0,27.5
8952,2016-07-13,9.0,51.43,6.43,7.14
8953,2016-07-13,10.0,63.75,15.62,41.88
8954,2016-07-13,11.0,74.29,40.0,58.12
8955,2016-07-13,12.0,90.0,39.5,73.0
8956,2016-07-13,13.0,78.75,59.17,71.25
8957,2016-07-13,14.0,75.56,40.0,72.5
8958,2016-07-13,15.0,84.0,35.0,61.0
8966,2016-07-13,16.0,,51.5,
8959,2016-07-13,17.0,160.0,43.75,44.0
8960,2016-07-13,18.0,82.5,29.29,73.57
8961,2016-07-13,19.0,100.0,31.25,75.62
8962,2016-07-13,20.0,60.0,22.5,76.25
8963,2016-07-13,21.0,101.25,8.12,63.75
8964,2016-07-13,22.0,78.75,14.38,32.5
8970,2016-07-14,9.0,45.0,5.0,7.86
8971,2016-07-14,10.0,64.29,6.88,29.29
8972,2016-07-14,11.0,75.71,22.5,44.29
8973,2016-07-14,12.0,68.57,32.86,52.14
8974,2016-07-14,13.0,78.89,36.67,70.56
8975,2016-07-14,14.0,95.0,35.0,75.0
8976,2016-07-14,15.0,105.0,41.67,70.71
8977,2016-07-14,16.0,87.14,25.71,82.14
8978,2016-07-14,17.0,77.14,25.71,85.71
8979,2016-07-14,18.0,73.75,29.38,71.88
8980,2016-07-14,19.0,88.33,25.0,56.43
8981,2016-07-14,20.0,96.67,11.25,43.89
8982,2016-07-14,21.0,82.86,7.5,56.25
8983,2016-07-14,22.0,36.88,6.43,70.0
8987,2016-07-15,9.0,45.0,10.71,20.0
8988,2016-07-15,10.0,62.14,23.75,41.67
8989,2016-07-15,11.0,72.5,42.5,48.75
8990,2016-07-15,12.0,64.38,30.62,60.0
8991,2016-07-15,13.0,81.43,21.25,49.29
8992,2016-07-15,14.0,92.86,,55.0
8993,2016-07-15,15.0,80.0,,61.67
8994,2016-07-15,16.0,111.67,25.71,74.17
8995,2016-07-15,17.0,118.75,29.38,58.75
8996,2016-07-15,18.0,78.57,33.12,67.14
8997,2016-07-15,19.0,55.0,35.71,70.0
8998,2016-07-15,20.0,75.0,19.38,12.5
8999,2016-07-15,21.0,47.14,10.0,34.29
9000,2016-07-15,22.0,36.67,7.5,15.0
9002,2016-07-16,9.0,45.0,6.88,9.38
9003,2016-07-16,10.0,61.43,10.0,40.0
9004,2016-07-16,11.0,54.29,20.71,47.14
9005,2016-07-16,12.0,77.5,30.56,48.12
9006,2016-07-16,13.0,87.14,22.86,64.29
9007,2016-07-16,14.0,95.0,27.14,69.17
9008,2016-07-16,15.0,74.0,20.83,57.0
9009,2016-07-16,16.0,82.5,19.17,70.0
9010,2016-07-16,17.0,104.29,22.86,60.71
9011,2016-07-16,18.0,70.0,25.0,70.56
9012,2016-07-16,19.0,77.5,26.88,60.83
9014,2016-07-16,20.0,,25.62,
9015,2016-07-16,21.0,,11.25,
9013,2016-07-16,22.0,47.5,7.5,10.83
9017,2016-07-17,9.0,33.33,6.25,10.0
9018,2016-07-17,10.0,74.29,10.71,37.86
9019,2016-07-17,11.0,84.0,10.83,38.33
9020,2016-07-17,12.0,59.38,17.5,46.88
9021,2016-07-17,13.0,74.29,13.75,45.71
9022,2016-07-17,14.0,78.0,39.38,52.5
9023,2016-07-17,15.0,90.0,13.33,42.5
9024,2016-07-17,16.0,102.5,16.88,65.0
9025,2016-07-17,17.0,98.57,18.75,58.12
9026,2016-07-17,18.0,51.11,10.0,74.38
9027,2016-07-17,19.0,72.86,9.29,62.14
9028,2016-07-17,20.0,93.33,5.0,39.29
9029,2016-07-17,21.0,23.33,5.0,31.67
9031,2016-07-18,8.0,30.0,5.0,5.0
9032,2016-07-18,9.0,48.75,5.62,31.0
9033,2016-07-18,10.0,71.11,12.5,41.25
9034,2016-07-18,11.0,72.86,35.71,68.57
9035,2016-07-18,12.0,77.5,36.25,114.38
9036,2016-07-18,13.0,93.33,41.88,125.0
9037,2016-07-18,14.0,105.0,44.38,60.0
9038,2016-07-18,15.0,67.5,46.25,78.75
9039,2016-07-18,16.0,122.5,35.0,82.5
9040,2016-07-18,17.0,140.0,39.38,112.5
9041,2016-07-18,18.0,140.0,23.57,120.71
9042,2016-07-18,19.0,105.56,26.88,91.25
9043,2016-07-18,20.0,117.5,17.78,78.12
9044,2016-07-18,21.0,105.56,6.25,43.75
9045,2016-07-18,22.0,40.0,5.0,30.71
9047,2016-07-19,9.0,58.12,8.57,26.67
9048,2016-07-19,10.0,72.5,18.33,50.0
9049,2016-07-19,11.0,113.75,42.5,68.89
9050,2016-07-19,12.0,116.25,51.5,77.78
9051,2016-07-19,13.0,100.0,46.43,87.5
9059,2016-07-19,14.0,,42.14,
9052,2016-07-19,15.0,132.86,47.86,59.29
9060,2016-07-19,16.0,,35.0,82.78
9061,2016-07-19,17.0,,46.25,100.0
9053,2016-07-19,18.0,150.0,40.0,95.71
9054,2016-07-19,19.0,150.0,32.86,85.0
9055,2016-07-19,20.0,90.0,16.25,74.29
9056,2016-07-19,21.0,48.57,9.29,54.29
9057,2016-07-19,22.0,84.44,8.12,36.88
9063,2016-07-20,8.0,38.0,5.0,10.0
9064,2016-07-20,9.0,54.29,5.71,20.0
9065,2016-07-20,10.0,69.17,15.71,61.67
9066,2016-07-20,11.0,98.75,33.12,68.75
9067,2016-07-20,12.0,112.86,42.14,94.29
9068,2016-07-20,13.0,111.43,41.25,107.5
9069,2016-07-20,14.0,110.0,48.57,
9070,2016-07-20,15.0,105.0,38.57,
9078,2016-07-20,16.0,,43.57,
9071,2016-07-20,17.0,107.5,44.17,
9072,2016-07-20,18.0,110.0,38.12,92.0
9073,2016-07-20,19.0,112.5,28.12,79.38
9074,2016-07-20,20.0,121.25,38.12,103.89
9075,2016-07-20,21.0,70.0,21.67,73.33
9076,2016-07-20,22.0,54.29,8.75,49.38
9081,2016-07-21,8.0,34.29,5.0,
9082,2016-07-21,9.0,70.0,5.83,
9083,2016-07-21,10.0,78.75,16.11,30.0
9084,2016-07-21,11.0,78.33,24.17,86.67
9085,2016-07-21,12.0,91.67,20.83,105.71
9086,2016-07-21,13.0,102.86,28.33,114.17
9087,2016-07-21,14.0,115.71,17.5,59.29
9088,2016-07-21,15.0,110.0,13.0,57.0
9094,2016-07-21,16.0,,31.25,
9089,2016-07-21,17.0,105.0,19.29,70.0
9090,2016-07-21,18.0,83.75,14.0,81.11
9091,2016-07-21,19.0,100.0,11.25,63.75
9092,2016-07-21,20.0,110.71,6.43,65.71
9093,2016-07-21,21.0,62.5,5.0,25.62
9097,2016-07-22,9.0,50.0,11.82,18.18
9098,2016-07-22,10.0,61.11,15.0,55.0
9099,2016-07-22,11.0,78.57,22.86,62.86
9100,2016-07-22,12.0,72.5,35.0,69.38
9101,2016-07-22,13.0,98.75,26.88,71.25
9102,2016-07-22,14.0,84.29,27.86,77.14
9103,2016-07-22,15.0,80.0,16.25,61.43
9110,2016-07-22,16.0,,20.71,
9104,2016-07-22,17.0,93.12,19.38,63.75
9105,2016-07-22,18.0,95.0,15.0,55.62
9106,2016-07-22,19.0,122.86,11.43,50.71
9107,2016-07-22,20.0,93.75,10.0,40.0
9108,2016-07-22,21.0,32.5,6.25,31.88
9109,2016-07-22,22.0,56.67,5.0,13.75
9112,2016-07-23,9.0,30.0,6.43,10.0
9113,2016-07-23,10.0,70.0,24.17,30.0
9114,2016-07-23,11.0,70.0,26.43,61.43
9115,2016-07-23,12.0,70.0,35.0,58.12
9116,2016-07-23,13.0,86.25,32.78,78.75
9117,2016-07-23,14.0,90.0,21.88,46.88
9118,2016-07-23,15.0,106.25,15.0,56.25
9119,2016-07-23,16.0,95.45,22.5,46.25
9120,2016-07-23,17.0,71.43,15.0,55.0
9121,2016-07-23,18.0,81.43,10.71,56.43
9122,2016-07-23,19.0,82.22,11.67,47.22
9123,2016-07-23,20.0,72.86,14.38,46.67
9124,2016-07-23,21.0,35.0,5.0,20.62
9127,2016-07-24,9.0,38.57,7.86,11.67
9128,2016-07-24,10.0,65.45,7.14,36.67
9129,2016-07-24,11.0,87.14,20.83,49.29
9130,2016-07-24,12.0,80.0,28.89,50.0
9131,2016-07-24,13.0,80.0,29.17,69.17
9132,2016-07-24,14.0,75.0,23.12,59.38
9133,2016-07-24,15.0,101.88,23.12,67.5
9134,2016-07-24,16.0,108.33,27.5,60.83
9135,2016-07-24,17.0,64.0,17.0,63.0
9136,2016-07-24,18.0,71.43,11.43,45.0
9137,2016-07-24,19.0,97.14,12.14,44.29
9138,2016-07-24,20.0,88.33,18.57,55.83
9139,2016-07-24,21.0,45.0,11.25,22.5
9140,2016-07-24,22.0,48.12,6.25,25.0
9142,2016-07-25,8.0,30.0,5.0,5.0
9143,2016-07-25,9.0,40.0,7.22,23.75
9144,2016-07-25,10.0,70.45,13.33,38.5
9145,2016-07-25,11.0,105.0,37.5,79.17
9146,2016-07-25,12.0,96.67,37.86,86.67
9147,2016-07-25,13.0,96.25,43.12,85.62
9148,2016-07-25,14.0,110.0,40.0,79.29
9149,2016-07-25,15.0,123.75,30.62,78.12
9150,2016-07-25,16.0,127.14,37.86,90.0
9151,2016-07-25,17.0,104.29,40.0,79.17
9152,2016-07-25,18.0,63.75,33.75,79.38
9153,2016-07-25,19.0,86.0,35.0,81.0
9154,2016-07-25,20.0,102.86,21.43,69.29
9155,2016-07-25,21.0,83.33,6.25,55.0
9156,2016-07-25,22.0,40.0,5.0,20.0
9158,2016-07-26,9.0,44.38,5.0,11.11
9159,2016-07-26,10.0,63.57,21.11,47.5
9160,2016-07-26,11.0,71.25,39.38,61.11
9172,2016-07-26,12.0,,39.29,62.86
9161,2016-07-26,13.0,92.0,44.44,83.12
9162,2016-07-26,14.0,110.0,48.12,86.25
9163,2016-07-26,15.0,115.0,28.12,76.25
9164,2016-07-26,16.0,131.25,31.43,88.57
9165,2016-07-26,17.0,147.5,40.0,67.5
9166,2016-07-26,18.0,96.67,47.78,87.78
9167,2016-07-26,19.0,77.14,34.29,72.86
9168,2016-07-26,20.0,88.89,18.75,55.0
9169,2016-07-26,21.0,91.25,5.0,47.14
9170,2016-07-26,22.0,40.0,6.25,50.0
9174,2016-07-27,8.0,36.0,5.0,5.0
9175,2016-07-27,9.0,52.5,7.14,16.25
9176,2016-07-27,10.0,68.89,21.11,47.78
9177,2016-07-27,11.0,87.78,33.0,65.5
9178,2016-07-27,12.0,87.14,40.0,80.62
9179,2016-07-27,13.0,82.86,30.71,88.12
9180,2016-07-27,14.0,92.22,,89.44
9181,2016-07-27,15.0,114.29,33.33,70.0
9182,2016-07-27,16.0,107.5,58.75,97.5
9183,2016-07-27,17.0,92.86,45.0,88.57
9184,2016-07-27,18.0,98.57,32.86,81.43
9185,2016-07-27,19.0,90.0,42.5,80.0
9186,2016-07-27,20.0,85.0,30.71,75.71
9187,2016-07-27,21.0,85.71,22.5,58.33
9188,2016-07-27,22.0,43.75,22.78,45.0
9192,2016-07-28,8.0,30.0,5.0,5.0
9193,2016-07-28,9.0,52.5,6.88,24.38
9194,2016-07-28,10.0,66.67,16.43,53.0
9195,2016-07-28,11.0,71.67,36.43,41.43
9196,2016-07-28,12.0,80.0,39.29,88.57
9197,2016-07-28,13.0,86.67,30.83,81.67
9198,2016-07-28,14.0,76.67,35.83,57.5
9199,2016-07-28,15.0,74.0,22.0,51.0
9200,2016-07-28,16.0,105.0,27.5,69.29
9201,2016-07-28,17.0,110.0,31.0,69.0
9202,2016-07-28,18.0,55.0,35.0,80.62
9203,2016-07-28,19.0,56.67,16.67,80.83
9207,2016-07-28,20.0,,25.0,58.75
9204,2016-07-28,21.0,86.67,6.88,31.88
9205,2016-07-28,22.0,45.71,5.71,30.0
9210,2016-07-29,9.0,47.5,10.0,30.0
9211,2016-07-29,10.0,68.0,25.83,59.17
9212,2016-07-29,11.0,61.11,37.0,64.0
9213,2016-07-29,12.0,70.0,36.11,67.78
9214,2016-07-29,13.0,77.5,38.75,67.5
9215,2016-07-29,14.0,94.0,32.86,71.67
9224,2016-07-29,15.0,,32.78,
9216,2016-07-29,16.0,100.0,22.86,45.83
9217,2016-07-29,17.0,85.71,14.38,60.62
9218,2016-07-29,18.0,67.5,16.88,52.5
9219,2016-07-29,19.0,85.0,13.75,56.11
9220,2016-07-29,20.0,96.25,10.0,52.5
9221,2016-07-29,21.0,72.5,5.0,49.38
9222,2016-07-29,22.0,34.29,5.0,21.43
9226,2016-07-30,8.0,40.0,5.0,5.0
9227,2016-07-30,9.0,33.57,5.71,10.0
9228,2016-07-30,10.0,61.67,8.57,29.17
9229,2016-07-30,11.0,54.29,13.75,48.57
9230,2016-07-30,12.0,62.86,26.25,55.71
9231,2016-07-30,13.0,90.0,20.0,62.5
9232,2016-07-30,14.0,91.25,21.67,55.0
9233,2016-07-30,15.0,80.0,21.25,41.25
9234,2016-07-30,16.0,97.14,26.25,47.5
9235,2016-07-30,17.0,105.71,28.57,53.33
9236,2016-07-30,18.0,56.43,14.29,64.29
9237,2016-07-30,19.0,81.25,18.12,59.29
9238,2016-07-30,20.0,116.67,14.38,49.38
9239,2016-07-30,21.0,53.33,10.0,38.12
9240,2016-07-30,22.0,45.56,6.67,20.0
9242,2016-07-31,9.0,30.0,7.5,12.78
9243,2016-07-31,10.0,66.11,10.5,30.45
9244,2016-07-31,11.0,71.11,13.5,41.88
9245,2016-07-31,12.0,53.33,22.5,40.0
9246,2016-07-31,13.0,83.12,17.86,56.67
9247,2016-07-31,14.0,92.5,20.0,48.75
9248,2016-07-31,15.0,100.0,10.83,37.5
9255,2016-07-31,16.0,,12.5,43.12
9256,2016-07-31,17.0,,10.0,51.25
9249,2016-07-31,18.0,81.67,10.0,45.83
9250,2016-07-31,19.0,78.57,10.71,40.71
9251,2016-07-31,20.0,90.0,5.62,37.78
9252,2016-07-31,21.0,81.25,5.0,31.88
9253,2016-07-31,22.0,37.14,5.0,10.71
9258,2016-08-01,8.0,30.0,5.0,5.62
9259,2016-08-01,9.0,42.5,6.67,18.57
9260,2016-08-01,10.0,68.0,14.0,45.0
9261,2016-08-01,11.0,74.29,31.43,52.14
9262,2016-08-01,12.0,71.43,33.57,90.0
9263,2016-08-01,13.0,92.86,35.83,70.0
9264,2016-08-01,14.0,96.67,34.17,83.33
9265,2016-08-01,15.0,83.75,31.88,60.71
9266,2016-08-01,16.0,81.11,40.0,71.11
9267,2016-08-01,17.0,91.67,25.0,75.0
9268,2016-08-01,18.0,95.71,30.0,62.86
9269,2016-08-01,19.0,82.22,30.0,62.22
9270,2016-08-01,20.0,76.67,24.29,49.17
9271,2016-08-01,21.0,78.75,6.25,31.25
9272,2016-08-01,22.0,42.0,5.0,28.75
9275,2016-08-02,9.0,66.67,6.67,14.29
9276,2016-08-02,10.0,85.0,14.44,35.56
9277,2016-08-02,11.0,106.67,35.0,48.57
9278,2016-08-02,12.0,88.57,38.57,66.11
9279,2016-08-02,13.0,80.0,35.71,78.57
9280,2016-08-02,14.0,95.0,35.0,68.33
9281,2016-08-02,15.0,96.25,26.88,65.0
9282,2016-08-02,16.0,80.0,32.5,68.75
9283,2016-08-02,17.0,87.14,30.0,79.29
9284,2016-08-02,18.0,80.0,25.0,67.5
9285,2016-08-02,19.0,73.33,,60.56
9286,2016-08-02,20.0,92.22,17.5,60.62
9287,2016-08-02,21.0,71.88,5.0,47.14
9288,2016-08-02,22.0,55.0,8.12,29.44
9292,2016-08-03,8.0,30.0,5.0,8.33
9293,2016-08-03,9.0,75.0,7.78,16.67
9294,2016-08-03,10.0,56.67,18.57,50.62
9295,2016-08-03,11.0,78.89,35.0,43.0
9296,2016-08-03,12.0,107.14,40.0,
9297,2016-08-03,13.0,128.57,41.88,51.25
9307,2016-08-03,14.0,,25.0,
9298,2016-08-03,15.0,130.0,31.43,54.29
9299,2016-08-03,16.0,120.0,27.0,79.44
9300,2016-08-03,17.0,110.0,40.0,102.5
9301,2016-08-03,18.0,75.71,33.33,100.71
9302,2016-08-03,19.0,75.56,32.78,98.12
9303,2016-08-03,20.0,94.44,30.56,73.89
9304,2016-08-03,21.0,118.57,17.5,52.5
9305,2016-08-03,22.0,76.25,14.44,59.44
9312,2016-08-04,9.0,34.5,6.25,6.25
9313,2016-08-04,10.0,75.0,10.0,31.67
9314,2016-08-04,11.0,80.0,16.67,34.17
9315,2016-08-04,12.0,58.75,30.62,52.22
9316,2016-08-04,13.0,79.29,23.12,42.86
9317,2016-08-04,14.0,100.0,25.71,55.71
9318,2016-08-04,15.0,95.0,24.17,56.67
9319,2016-08-04,16.0,110.0,31.88,53.12
9320,2016-08-04,17.0,90.71,32.5,52.86
9321,2016-08-04,18.0,65.71,16.43,54.29
9322,2016-08-04,19.0,82.86,10.71,35.0
9323,2016-08-04,20.0,86.67,15.0,38.33
9324,2016-08-04,21.0,47.14,5.71,34.29
9325,2016-08-04,22.0,41.11,5.0,26.88
9328,2016-08-05,9.0,61.25,13.0,21.25
9329,2016-08-05,10.0,78.33,23.33,51.11
9330,2016-08-05,11.0,72.5,31.11,60.62
9331,2016-08-05,12.0,73.75,29.44,49.38
9332,2016-08-05,13.0,92.86,21.43,75.71
9333,2016-08-05,14.0,120.0,27.5,68.75
9334,2016-08-05,15.0,130.0,17.5,52.5
9335,2016-08-05,16.0,90.0,22.14,42.5
9336,2016-08-05,17.0,94.29,19.29,62.14
9337,2016-08-05,18.0,87.5,15.62,56.88
9338,2016-08-05,19.0,84.44,16.67,45.56
9339,2016-08-05,20.0,80.0,11.88,41.88
9340,2016-08-05,21.0,67.5,5.62,24.38
9341,2016-08-05,22.0,57.14,5.0,23.57
9344,2016-08-06,9.0,37.27,6.67,7.27
9345,2016-08-06,10.0,60.0,11.67,33.0
9346,2016-08-06,11.0,47.78,15.62,58.75
9347,2016-08-06,12.0,72.86,21.5,36.0
9357,2016-08-06,13.0,,30.62,54.38
9348,2016-08-06,14.0,120.0,26.43,50.71
9349,2016-08-06,15.0,120.0,17.5,61.67
9350,2016-08-06,16.0,88.0,27.22,60.56
9351,2016-08-06,17.0,100.0,30.56,36.0
9352,2016-08-06,18.0,116.67,14.38,37.5
9353,2016-08-06,19.0,105.0,12.5,41.25
9354,2016-08-06,20.0,67.14,10.71,38.57
9355,2016-08-06,21.0,71.25,5.0,27.86
9356,2016-08-06,22.0,45.0,5.0,18.33
9359,2016-08-07,9.0,35.0,5.83,15.0
9360,2016-08-07,10.0,65.0,11.5,39.44
9361,2016-08-07,11.0,88.33,16.67,42.86
9362,2016-08-07,12.0,78.33,18.33,60.0
9363,2016-08-07,13.0,70.0,30.71,56.43
9372,2016-08-07,14.0,,26.67,44.44
9364,2016-08-07,15.0,120.0,15.0,50.0
9365,2016-08-07,16.0,116.43,20.62,65.0
9366,2016-08-07,17.0,73.75,23.12,65.0
9367,2016-08-07,18.0,86.67,17.27,55.0
9368,2016-08-07,19.0,95.56,10.0,47.22
9369,2016-08-07,20.0,93.33,10.0,42.22
9370,2016-08-07,21.0,30.0,5.0,18.12
9371,2016-08-07,22.0,38.57,5.0,7.86
9374,2016-08-08,8.0,17.22,5.0,5.0
9375,2016-08-08,9.0,38.57,5.0,6.43
9376,2016-08-08,10.0,63.75,8.12,40.62
9377,2016-08-08,11.0,67.14,15.62,43.12
9389,2016-08-08,12.0,,24.38,51.25
9378,2016-08-08,13.0,110.0,24.38,58.75
9379,2016-08-08,14.0,110.0,26.25,63.12
9380,2016-08-08,15.0,110.0,22.5,70.0
9381,2016-08-08,16.0,110.0,28.75,58.75
9382,2016-08-08,17.0,110.0,22.86,58.57
9383,2016-08-08,18.0,132.86,20.71,54.17
9384,2016-08-08,19.0,136.25,22.5,53.89
9385,2016-08-08,20.0,86.25,11.88,41.88
9386,2016-08-08,21.0,50.0,5.0,21.88
9387,2016-08-08,22.0,56.67,6.11,16.67
9391,2016-08-09,9.0,48.75,5.0,5.0
9392,2016-08-09,10.0,66.67,15.0,20.62
9393,2016-08-09,11.0,84.29,20.71,42.5
9394,2016-08-09,12.0,107.78,26.88,60.62
9395,2016-08-09,13.0,111.25,31.67,65.83
9396,2016-08-09,14.0,102.86,25.71,47.86
9397,2016-08-09,15.0,90.0,32.22,53.75
9398,2016-08-09,16.0,90.0,30.0,55.0
9399,2016-08-09,17.0,102.5,27.5,50.0
9400,2016-08-09,18.0,100.0,15.0,68.57
9401,2016-08-09,19.0,93.75,,62.5
9402,2016-08-09,20.0,101.43,15.0,50.0
9403,2016-08-09,21.0,65.0,18.75,20.62
9404,2016-08-09,22.0,50.71,7.14,8.57
9407,2016-08-10,8.0,37.5,5.0,5.0
9420,2016-08-10,9.0,,6.25,7.86
9408,2016-08-10,10.0,58.12,14.38,28.12
9409,2016-08-10,11.0,101.25,22.5,61.25
9410,2016-08-10,12.0,120.0,30.62,74.29
9411,2016-08-10,13.0,152.86,36.25,68.75
9412,2016-08-10,14.0,175.71,27.14,70.0
9413,2016-08-10,15.0,127.5,22.5,55.0
9414,2016-08-10,16.0,95.62,37.5,70.0
9415,2016-08-10,17.0,102.5,23.12,68.12
9416,2016-08-10,18.0,100.0,23.12,62.14
9417,2016-08-10,19.0,100.0,27.86,45.0
9421,2016-08-10,20.0,,18.75,53.12
9422,2016-08-10,21.0,,10.0,26.88
9418,2016-08-10,22.0,100.0,11.88,22.22
9427,2016-08-11,9.0,45.0,5.0,5.71
9428,2016-08-11,10.0,61.25,6.88,14.38
9429,2016-08-11,11.0,64.29,24.29,35.0
9430,2016-08-11,12.0,87.5,26.11,44.38
9437,2016-08-11,13.0,,23.57,58.57
9438,2016-08-11,14.0,,26.43,60.71
9431,2016-08-11,15.0,100.0,23.12,46.25
9432,2016-08-11,16.0,95.71,27.14,65.71
9439,2016-08-11,17.0,,35.0,
9440,2016-08-11,18.0,,13.12,10.0
9433,2016-08-11,19.0,113.12,13.12,37.5
9434,2016-08-11,20.0,122.5,6.25,61.25
9435,2016-08-11,21.0,82.86,5.0,25.83
9436,2016-08-11,22.0,38.57,6.67,12.5
9443,2016-08-12,9.0,50.0,14.23,5.0
9444,2016-08-12,10.0,60.0,15.71,20.0
9445,2016-08-12,11.0,75.56,24.29,73.75
9446,2016-08-12,12.0,91.25,38.75,78.12
9447,2016-08-12,13.0,100.0,30.71,72.86
9448,2016-08-12,14.0,103.75,35.0,78.12
9449,2016-08-12,15.0,91.25,16.88,61.88
9450,2016-08-12,16.0,98.0,27.14,68.0
9451,2016-08-12,17.0,90.0,21.67,63.75
9452,2016-08-12,18.0,81.88,15.0,53.12
9453,2016-08-12,19.0,98.75,25.0,60.62
9454,2016-08-12,20.0,121.43,12.14,40.0
9455,2016-08-12,21.0,70.0,5.62,20.0
9456,2016-08-12,22.0,45.83,8.33,14.17
9459,2016-08-13,8.0,30.0,5.0,5.0
9460,2016-08-13,9.0,43.5,8.33,11.88
9461,2016-08-13,10.0,72.14,16.25,36.88
9462,2016-08-13,11.0,75.56,21.88,91.11
9463,2016-08-13,12.0,81.43,35.0,80.71
9464,2016-08-13,13.0,105.0,41.43,62.86
9465,2016-08-13,14.0,98.75,33.75,80.62
9466,2016-08-13,15.0,110.0,27.5,78.75
9467,2016-08-13,16.0,110.0,31.25,71.25
9468,2016-08-13,17.0,74.44,41.88,66.25
9469,2016-08-13,18.0,65.0,40.0,56.67
9470,2016-08-13,19.0,76.67,34.29,52.5
9471,2016-08-13,20.0,90.0,24.38,53.75
9472,2016-08-13,21.0,75.0,7.5,30.0
9473,2016-08-13,22.0,75.0,10.5,24.29
9477,2016-08-14,9.0,45.0,5.0,5.0
9478,2016-08-14,10.0,81.82,18.08,17.5
9479,2016-08-14,11.0,84.29,27.14,32.86
9480,2016-08-14,12.0,83.75,24.44,43.12
9481,2016-08-14,13.0,104.29,34.29,52.86
9482,2016-08-14,14.0,130.0,34.29,55.0
9483,2016-08-14,15.0,130.0,30.0,47.5
9484,2016-08-14,16.0,130.0,10.71,49.29
9485,2016-08-14,17.0,91.11,12.5,64.5
9486,2016-08-14,18.0,58.75,11.67,40.71
9487,2016-08-14,19.0,89.23,13.75,38.33
9488,2016-08-14,20.0,107.5,9.38,
9489,2016-08-14,21.0,45.71,5.62,16.25
9490,2016-08-14,22.0,53.33,8.33,35.83
9494,2016-08-15,8.0,30.0,5.0,
9495,2016-08-15,9.0,41.25,6.11,11.25
9496,2016-08-15,10.0,68.89,11.43,61.88
9497,2016-08-15,11.0,80.0,36.25,86.88
9498,2016-08-15,12.0,91.11,31.88,70.0
9499,2016-08-15,13.0,102.86,35.0,67.78
9500,2016-08-15,14.0,130.0,33.75,59.38
9501,2016-08-15,15.0,104.29,32.86,50.0
9502,2016-08-15,16.0,73.33,38.33,72.78
9503,2016-08-15,17.0,91.67,25.83,73.33
9504,2016-08-15,18.0,100.0,36.25,55.62
9505,2016-08-15,19.0,92.86,22.5,52.14
9506,2016-08-15,20.0,97.5,16.88,81.25
9507,2016-08-15,21.0,70.0,10.0,36.25
9508,2016-08-15,22.0,61.43,8.33,26.43
9512,2016-08-16,9.0,50.0,9.38,5.83
9513,2016-08-16,10.0,80.0,22.14,36.43
9514,2016-08-16,11.0,90.0,37.86,43.75
9515,2016-08-16,12.0,90.0,30.0,31.67
9525,2016-08-16,13.0,,51.43,
9526,2016-08-16,14.0,,48.33,
9516,2016-08-16,15.0,45.0,35.71,
9517,2016-08-16,16.0,112.5,20.0,55.83
9518,2016-08-16,17.0,131.67,23.33,69.17
9519,2016-08-16,18.0,141.43,21.67,68.33
9520,2016-08-16,19.0,140.0,19.38,56.25
9521,2016-08-16,20.0,114.29,18.33,58.5
9522,2016-08-16,21.0,75.0,5.0,16.88
9523,2016-08-16,22.0,52.86,5.71,21.43
9529,2016-08-17,8.0,36.67,5.0,5.0
9530,2016-08-17,9.0,57.78,9.38,16.11
9531,2016-08-17,10.0,71.67,11.67,56.67
9532,2016-08-17,11.0,70.0,25.62,57.5
9533,2016-08-17,12.0,78.75,35.62,76.25
9534,2016-08-17,13.0,91.43,24.29,65.0
9535,2016-08-17,14.0,110.0,27.78,68.89
9536,2016-08-17,15.0,110.0,17.86,78.33
9537,2016-08-17,16.0,115.0,27.5,80.0
9538,2016-08-17,17.0,82.5,28.33,87.5
9539,2016-08-17,18.0,76.25,21.25,83.12
9540,2016-08-17,19.0,66.67,16.43,58.33
9541,2016-08-17,20.0,80.0,19.38,60.62
9542,2016-08-17,21.0,102.5,11.67,45.62
9543,2016-08-17,22.0,114.0,12.5,37.5
9548,2016-08-18,9.0,39.38,6.67,5.62
9549,2016-08-18,10.0,58.12,8.12,30.0
9550,2016-08-18,11.0,106.36,20.0,41.43
9551,2016-08-18,12.0,73.33,26.0,60.0
9552,2016-08-18,13.0,78.57,29.29,62.14
9553,2016-08-18,14.0,102.5,36.43,53.0
9554,2016-08-18,15.0,135.0,20.83,45.0
9555,2016-08-18,16.0,92.22,10.71,55.0
9556,2016-08-18,17.0,88.33,20.0,56.67
9557,2016-08-18,18.0,104.44,12.5,54.44
9558,2016-08-18,19.0,95.0,10.0,51.25
9559,2016-08-18,20.0,92.5,10.62,38.75
9560,2016-08-18,21.0,102.5,7.5,26.88
9561,2016-08-18,22.0,45.56,6.67,21.5
9565,2016-08-19,9.0,55.0,7.5,22.5
9566,2016-08-19,10.0,66.0,23.33,41.67
9567,2016-08-19,11.0,80.0,35.83,58.57
9568,2016-08-19,12.0,83.75,36.67,56.88
9569,2016-08-19,13.0,100.0,25.0,73.89
9570,2016-08-19,14.0,121.88,30.0,68.12
9579,2016-08-19,15.0,,11.43,40.0
9571,2016-08-19,16.0,110.0,16.25,60.62
9572,2016-08-19,17.0,110.0,22.22,56.25
9573,2016-08-19,18.0,80.0,11.43,47.14
9574,2016-08-19,19.0,67.5,10.0,45.0
9575,2016-08-19,20.0,99.38,6.11,38.89
9576,2016-08-19,21.0,71.25,5.0,47.14
9577,2016-08-19,22.0,46.0,5.0,23.12
9581,2016-08-20,8.0,30.0,5.0,5.0
9582,2016-08-20,9.0,52.22,5.0,5.0
9583,2016-08-20,10.0,58.57,7.14,35.0
9584,2016-08-20,11.0,62.86,22.86,68.75
9585,2016-08-20,12.0,84.0,28.5,87.5
9586,2016-08-20,13.0,91.67,37.14,62.14
9587,2016-08-20,14.0,110.0,32.5,66.43
9588,2016-08-20,15.0,76.25,16.88,54.29
9589,2016-08-20,16.0,72.86,26.0,52.86
9590,2016-08-20,17.0,106.25,17.5,53.89
9591,2016-08-20,18.0,88.18,19.17,51.67
9592,2016-08-20,19.0,58.75,22.78,48.89
9593,2016-08-20,20.0,82.86,10.71,47.14
9594,2016-08-20,21.0,67.5,5.0,27.14
9595,2016-08-20,22.0,58.57,5.0,36.88
9599,2016-08-21,9.0,72.0,6.67,13.33
9600,2016-08-21,10.0,90.0,10.0,49.38
9601,2016-08-21,11.0,98.33,31.67,36.0
9602,2016-08-21,12.0,74.55,28.33,68.89
9603,2016-08-21,13.0,73.33,25.83,55.0
9604,2016-08-21,14.0,71.67,32.86,49.17
9605,2016-08-21,15.0,90.0,11.43,46.43
9606,2016-08-21,16.0,113.33,20.0,68.12
9607,2016-08-21,17.0,100.0,18.33,46.88
9608,2016-08-21,18.0,53.75,9.38,50.62
9609,2016-08-21,19.0,67.22,6.25,28.0
9610,2016-08-21,20.0,91.67,6.88,31.88
9611,2016-08-21,21.0,33.75,5.62,25.0
9612,2016-08-21,22.0,36.67,5.0,16.88
9627,2016-08-22,8.0,,5.0,5.62
9628,2016-08-22,9.0,,5.0,10.71
9613,2016-08-22,10.0,75.0,15.71,24.0
9614,2016-08-22,11.0,83.12,22.78,55.5
9615,2016-08-22,12.0,85.71,26.43,71.67
9616,2016-08-22,13.0,120.0,36.5,
9617,2016-08-22,14.0,133.33,35.0,57.5
9618,2016-08-22,15.0,95.0,16.67,59.17
9619,2016-08-22,16.0,70.0,16.25,64.38
9620,2016-08-22,17.0,100.0,12.5,71.67
9621,2016-08-22,18.0,131.67,11.43,65.83
9622,2016-08-22,19.0,103.89,10.0,70.0
9623,2016-08-22,20.0,60.62,13.75,61.25
9624,2016-08-22,21.0,50.0,5.0,27.86
9625,2016-08-22,22.0,52.86,5.0,27.14
9632,2016-08-23,9.0,60.0,7.22,11.67
9633,2016-08-23,10.0,71.11,21.88,51.67
9634,2016-08-23,11.0,88.57,31.43,43.33
9635,2016-08-23,12.0,75.0,34.5,40.62
9636,2016-08-23,13.0,86.0,25.0,74.0
9637,2016-08-23,14.0,97.5,19.38,46.25
9638,2016-08-23,15.0,117.14,16.43,42.86
9639,2016-08-23,16.0,94.44,16.88,57.5
9640,2016-08-23,17.0,52.86,12.5,48.57
9641,2016-08-23,18.0,70.0,13.75,32.5
9642,2016-08-23,19.0,95.0,14.29,60.71
9643,2016-08-23,20.0,81.11,15.62,55.62
9644,2016-08-23,21.0,31.25,5.62,11.88
9645,2016-08-23,22.0,51.11,8.33,24.44
9649,2016-08-24,8.0,33.89,5.0,9.29
9650,2016-08-24,9.0,49.44,7.14,11.43
9651,2016-08-24,10.0,59.44,12.22,34.38
9652,2016-08-24,11.0,70.0,28.5,53.0
9653,2016-08-24,12.0,85.0,35.0,37.5
9654,2016-08-24,13.0,110.0,23.57,47.14
9655,2016-08-24,14.0,136.67,23.89,45.62
9656,2016-08-24,15.0,122.5,15.62,41.25
9657,2016-08-24,16.0,88.33,12.5,51.67
9658,2016-08-24,17.0,83.33,14.17,48.57
9659,2016-08-24,18.0,82.5,13.12,43.75
9660,2016-08-24,19.0,90.0,21.25,43.12
9661,2016-08-24,20.0,92.22,28.89,48.75
9662,2016-08-24,21.0,71.25,14.38,38.75
9663,2016-08-24,22.0,52.86,25.0,34.29
9667,2016-08-25,9.0,40.0,6.67,10.0
9668,2016-08-25,10.0,63.75,19.58,32.22
9669,2016-08-25,11.0,91.11,28.12,47.5
9670,2016-08-25,12.0,70.0,32.14,45.62
9671,2016-08-25,13.0,80.0,36.25,58.33
9672,2016-08-25,14.0,85.71,20.71,59.29
9673,2016-08-25,15.0,82.86,16.43,36.43
9674,2016-08-25,16.0,80.0,13.75,43.12
9675,2016-08-25,17.0,81.25,11.11,39.44
9676,2016-08-25,18.0,65.56,7.22,50.56
9677,2016-08-25,19.0,66.36,7.22,45.0
9678,2016-08-25,20.0,82.5,13.75,36.25
9679,2016-08-25,21.0,77.5,8.12,12.5
9680,2016-08-25,22.0,40.0,7.5,10.0
9683,2016-08-26,9.0,53.33,15.5,15.62
9684,2016-08-26,10.0,43.33,17.5,35.56
9685,2016-08-26,11.0,63.75,21.43,46.43
9686,2016-08-26,12.0,75.0,23.57,67.5
9687,2016-08-26,13.0,80.0,,68.57
9688,2016-08-26,14.0,74.29,16.67,42.86
9689,2016-08-26,15.0,63.75,19.38,35.0
9690,2016-08-26,16.0,75.0,27.5,33.12
9691,2016-08-26,17.0,80.0,22.5,41.25
9692,2016-08-26,18.0,52.22,11.88,41.25
9693,2016-08-26,19.0,71.11,11.88,32.5
9694,2016-08-26,20.0,84.44,6.25,35.62
9695,2016-08-26,21.0,38.75,5.0,28.12
9696,2016-08-26,22.0,37.5,6.25,11.88
9698,2016-08-27,8.0,30.0,5.56,5.0
9699,2016-08-27,9.0,57.5,10.0,6.0
9700,2016-08-27,10.0,41.11,15.62,25.0
9701,2016-08-27,11.0,62.5,27.14,30.0
9702,2016-08-27,12.0,83.33,28.5,43.33
9703,2016-08-27,13.0,110.0,33.75,61.67
9704,2016-08-27,14.0,98.89,27.5,48.75
9705,2016-08-27,15.0,53.75,20.71,43.57
9706,2016-08-27,16.0,85.0,22.86,40.0
9707,2016-08-27,17.0,90.0,26.67,49.0
9708,2016-08-27,18.0,77.0,19.44,35.0
9709,2016-08-27,19.0,84.29,26.67,43.57
9710,2016-08-27,20.0,110.0,14.38,41.67
9711,2016-08-27,21.0,88.75,7.0,21.11
9712,2016-08-27,22.0,60.0,7.86,35.56
9716,2016-08-28,9.0,45.0,5.0,7.78
9717,2016-08-28,10.0,56.25,6.43,27.86
9718,2016-08-28,11.0,58.75,15.56,33.33
9719,2016-08-28,12.0,67.5,23.12,39.38
9720,2016-08-28,13.0,95.0,16.43,36.43
9721,2016-08-28,14.0,87.5,10.62,31.11
9722,2016-08-28,15.0,60.0,10.56,30.5
9723,2016-08-28,16.0,73.33,6.67,26.43
9724,2016-08-28,17.0,65.0,5.62,21.0
9725,2016-08-28,18.0,67.5,5.0,19.0
9726,2016-08-28,19.0,78.89,5.0,23.12
9727,2016-08-28,20.0,50.0,5.42,28.0
9728,2016-08-28,21.0,53.33,5.0,10.0
9730,2016-08-29,9.0,43.33,8.12,8.33
9731,2016-08-29,10.0,70.0,12.14,34.38
9732,2016-08-29,11.0,87.5,17.5,41.11
9733,2016-08-29,12.0,79.38,17.5,50.56
9734,2016-08-29,13.0,80.0,23.75,59.38
9743,2016-08-29,14.0,,17.14,67.14
9735,2016-08-29,15.0,80.0,16.88,50.0
9736,2016-08-29,16.0,80.0,17.5,40.0
9737,2016-08-29,17.0,93.33,10.0,51.43
9738,2016-08-29,18.0,115.0,16.0,37.5
9739,2016-08-29,19.0,164.0,15.0,25.0
9740,2016-08-29,20.0,110.0,6.25,32.5
9741,2016-08-29,21.0,43.33,5.0,6.88
9745,2016-08-30,9.0,48.0,6.88,10.56
9746,2016-08-30,10.0,52.22,13.89,22.78
9747,2016-08-30,11.0,80.71,13.57,36.67
9748,2016-08-30,12.0,96.25,17.22,35.0
9749,2016-08-30,13.0,82.5,10.62,36.25
9750,2016-08-30,14.0,80.0,13.0,42.5
9751,2016-08-30,15.0,68.89,10.5,29.5
9752,2016-08-30,16.0,80.0,5.0,35.0
9755,2016-08-30,17.0,,18.75,
9756,2016-08-30,18.0,,10.0,12.5
9753,2016-08-30,19.0,80.0,5.71,9.38
9754,2016-08-30,20.0,68.89,5.0,7.22
9758,2016-08-31,9.0,42.27,5.71,10.0
9759,2016-08-31,10.0,61.67,15.0,10.0
9760,2016-08-31,11.0,50.0,22.0,24.29
9761,2016-08-31,12.0,56.25,13.89,32.22
9762,2016-08-31,13.0,94.44,13.12,37.78
9763,2016-08-31,14.0,125.0,13.89,33.75
9764,2016-08-31,15.0,156.67,10.71,34.29
9765,2016-08-31,16.0,98.75,10.0,29.38
9766,2016-08-31,17.0,40.0,7.14,32.14
9771,2016-08-31,18.0,,11.88,25.0
9767,2016-08-31,19.0,40.0,5.56,25.56
9768,2016-08-31,20.0,83.75,10.0,7.5
9773,2016-09-01,9.0,30.0,5.0,5.0
9774,2016-09-01,10.0,57.5,5.0,5.0
9775,2016-09-01,11.0,52.5,5.0,15.0
9776,2016-09-01,12.0,61.25,,40.71
9777,2016-09-01,13.0,77.0,,26.11
9778,2016-09-01,14.0,65.0,,40.0
9779,2016-09-01,15.0,40.0,,20.0
9783,2016-09-01,16.0,,10.0,22.5
9784,2016-09-01,17.0,,17.5,25.56
9780,2016-09-01,18.0,105.0,8.75,25.0
9781,2016-09-01,19.0,103.12,18.33,22.22
9782,2016-09-01,20.0,61.25,6.88,29.38
9787,2016-09-02,9.0,31.25,5.0,5.0
9788,2016-09-02,10.0,40.0,6.67,9.0
9789,2016-09-02,11.0,36.0,10.0,10.0
9790,2016-09-02,12.0,61.25,,14.38
9791,2016-09-02,13.0,66.67,,26.25
9801,2016-09-02,14.0,,28.5,23.33
9792,2016-09-02,15.0,50.0,37.78,25.0
9793,2016-09-02,16.0,58.0,15.5,25.0
9794,2016-09-02,17.0,86.67,12.5,29.17
9795,2016-09-02,18.0,61.43,10.0,12.78
9818,2016-09-03,8.0,,5.0,5.0
9803,2016-09-03,9.0,60.0,5.71,5.71
9804,2016-09-03,10.0,64.29,13.75,21.43
9805,2016-09-03,11.0,87.78,29.44,44.29
9806,2016-09-03,12.0,94.0,40.0,54.0
9807,2016-09-03,13.0,78.57,40.0,48.57
9808,2016-09-03,14.0,90.0,47.22,52.5
9809,2016-09-03,15.0,112.86,42.86,54.29
9810,2016-09-03,16.0,112.5,45.62,58.75
9811,2016-09-03,17.0,127.5,46.88,76.25
9812,2016-09-03,18.0,122.86,47.22,85.0
9813,2016-09-03,19.0,67.22,40.56,62.22
9814,2016-09-03,20.0,74.38,37.5,45.0
9815,2016-09-03,21.0,105.0,11.43,28.89
9816,2016-09-03,22.0,70.0,23.57,36.0
9821,2016-09-04,9.0,49.09,13.64,10.0
9822,2016-09-04,10.0,63.75,17.86,28.57
9823,2016-09-04,11.0,104.44,31.67,51.67
9824,2016-09-04,12.0,75.0,35.83,52.78
9825,2016-09-04,13.0,77.14,43.75,71.43
9826,2016-09-04,14.0,106.67,41.0,66.0
9827,2016-09-04,15.0,130.0,33.33,43.33
9828,2016-09-04,16.0,104.44,46.67,
9829,2016-09-04,17.0,87.5,39.38,50.0
9830,2016-09-04,18.0,90.0,31.67,50.83
9831,2016-09-04,19.0,90.0,37.14,35.0
9835,2016-09-04,20.0,,13.33,10.0
9832,2016-09-04,21.0,48.75,5.71,12.86
9833,2016-09-04,22.0,52.5,5.0,8.89
9837,2016-09-05,9.0,52.5,8.33,
9838,2016-09-05,10.0,71.25,10.71,30.0
9839,2016-09-05,11.0,95.56,21.11,45.0
9840,2016-09-05,12.0,96.25,26.5,48.12
9841,2016-09-05,13.0,100.0,34.38,36.43
9842,2016-09-05,14.0,83.33,30.0,28.33
9843,2016-09-05,15.0,73.75,11.88,20.62
9844,2016-09-05,16.0,85.0,20.0,20.0
9845,2016-09-05,17.0,103.33,13.89,11.43
9846,2016-09-05,18.0,92.5,10.0,11.25
9847,2016-09-05,19.0,60.0,12.78,15.71
9848,2016-09-05,20.0,50.0,6.43,5.0
9849,2016-09-05,21.0,30.0,5.0,5.0
9850,2016-09-05,22.0,40.0,5.0,5.0
9852,2016-09-06,9.0,43.33,8.33,5.62
9853,2016-09-06,10.0,65.56,18.08,16.5
9854,2016-09-06,11.0,86.0,22.5,39.44
9855,2016-09-06,12.0,75.71,20.0,51.25
9856,2016-09-06,13.0,58.89,22.22,40.56
9857,2016-09-06,14.0,74.0,20.0,56.0
9858,2016-09-06,15.0,110.0,8.57,37.5
9859,2016-09-06,16.0,80.0,14.5,45.56
9860,2016-09-06,17.0,58.0,24.0,
9861,2016-09-06,18.0,86.0,10.0,40.0
9862,2016-09-06,19.0,105.0,11.88,51.67
9863,2016-09-06,20.0,66.67,7.78,26.67
9864,2016-09-07,9.0,30.0,,
9865,2016-09-07,10.0,50.0,,15.0
9866,2016-09-07,11.0,66.67,8.75,45.0
9867,2016-09-07,12.0,70.0,18.57,51.67
9868,2016-09-07,13.0,92.5,10.0,59.29
9869,2016-09-07,14.0,95.0,11.25,48.12
9870,2016-09-07,15.0,65.83,10.71,45.0
9871,2016-09-07,16.0,63.33,19.29,45.0
9872,2016-09-07,17.0,68.75,16.11,50.0
9873,2016-09-07,18.0,70.0,5.0,42.86
9874,2016-09-07,19.0,76.67,5.0,37.5
9875,2016-09-07,20.0,54.29,10.71,24.29
9880,2016-09-08,9.0,32.22,8.33,5.0
9881,2016-09-08,10.0,38.33,8.33,5.0
9882,2016-09-08,11.0,42.5,6.25,24.38
9883,2016-09-08,12.0,68.0,7.5,33.0
9884,2016-09-08,13.0,65.71,8.57,33.12
9885,2016-09-08,14.0,35.0,8.57,15.0
9886,2016-09-08,15.0,55.0,7.5,18.12
9887,2016-09-08,16.0,38.57,6.88,13.75
9888,2016-09-08,17.0,52.5,6.25,16.25
9889,2016-09-08,18.0,35.71,5.62,8.57
9897,2016-09-09,9.0,39.55,7.78,5.83
9898,2016-09-09,10.0,60.83,20.71,22.5
9899,2016-09-09,11.0,65.71,20.0,42.5
9900,2016-09-09,12.0,60.0,20.0,53.12
9901,2016-09-09,13.0,63.75,20.56,41.11
9902,2016-09-09,14.0,62.5,22.86,42.86
9903,2016-09-09,15.0,70.0,11.43,45.0
9904,2016-09-09,16.0,68.0,14.17,49.0
9905,2016-09-09,17.0,61.67,10.0,43.33
9906,2016-09-09,18.0,48.0,8.89,33.33
9907,2016-09-09,19.0,58.57,9.29,46.43
9908,2016-09-09,20.0,76.67,8.12,36.25
9909,2016-09-09,21.0,28.0,5.0,6.67
9912,2016-09-10,8.0,30.0,5.0,5.0
9913,2016-09-10,9.0,42.86,5.0,6.43
9914,2016-09-10,10.0,63.89,8.75,25.62
9915,2016-09-10,11.0,65.0,22.5,42.78
9916,2016-09-10,12.0,64.17,33.57,53.33
9917,2016-09-10,13.0,80.0,50.0,53.57
9918,2016-09-10,14.0,95.0,42.14,50.0
9919,2016-09-10,15.0,77.5,33.57,45.71
9920,2016-09-10,16.0,80.0,27.5,46.43
9921,2016-09-10,17.0,107.5,30.0,50.0
9922,2016-09-10,18.0,98.75,36.25,70.71
9923,2016-09-10,19.0,60.0,38.33,44.17
9924,2016-09-10,20.0,70.0,27.5,33.12
9925,2016-09-10,21.0,77.14,13.57,35.71
9926,2016-09-10,22.0,43.33,15.0,23.57
9929,2016-09-11,9.0,43.5,5.0,6.25
9930,2016-09-11,10.0,42.5,7.78,15.62
9931,2016-09-11,11.0,47.14,9.29,22.14
9932,2016-09-11,12.0,73.33,12.14,30.83
9933,2016-09-11,13.0,46.0,13.33,31.0
9934,2016-09-11,14.0,52.5,10.0,30.0
9935,2016-09-11,15.0,67.5,6.88,26.88
9936,2016-09-11,16.0,46.0,13.33,24.38
9937,2016-09-11,17.0,53.75,12.22,25.62
9938,2016-09-11,18.0,34.0,10.0,15.83
9945,2016-09-12,8.0,30.0,5.0,10.0
9946,2016-09-12,9.0,36.67,5.0,10.0
9947,2016-09-12,10.0,63.33,5.0,42.5
9959,2016-09-12,11.0,,27.73,65.56
9960,2016-09-12,12.0,,21.67,49.17
9948,2016-09-12,13.0,90.0,24.29,63.57
9949,2016-09-12,14.0,91.25,21.25,50.0
9950,2016-09-12,15.0,115.0,15.0,38.33
9951,2016-09-12,16.0,125.0,32.14,57.14
9952,2016-09-12,17.0,86.67,36.25,55.0
9953,2016-09-12,18.0,67.5,14.29,67.86
9954,2016-09-12,19.0,96.67,11.43,31.67
9955,2016-09-12,20.0,105.56,11.67,28.89
9956,2016-09-12,21.0,62.86,5.0,10.0
9957,2016-09-12,22.0,43.75,5.0,7.14
9962,2016-09-13,9.0,35.0,5.0,5.0
9963,2016-09-13,10.0,44.44,16.25,10.0
9964,2016-09-13,11.0,40.0,14.09,12.5
9965,2016-09-13,12.0,42.73,10.62,20.0
9966,2016-09-13,13.0,61.0,9.38,25.0
9967,2016-09-13,14.0,40.0,6.67,11.88
9968,2016-09-13,15.0,55.0,10.0,9.38
9969,2016-09-13,16.0,60.0,5.0,16.43
9970,2016-09-13,17.0,30.0,15.0,21.67
9971,2016-09-13,18.0,40.0,11.25,10.0
9991,2016-09-14,9.0,,12.5,7.14
9977,2016-09-14,10.0,61.88,18.57,18.75
9978,2016-09-14,11.0,74.29,30.0,41.43
9979,2016-09-14,12.0,103.33,34.17,52.14
9980,2016-09-14,13.0,110.0,20.71,43.33
9981,2016-09-14,14.0,108.0,23.89,41.0
9982,2016-09-14,15.0,74.29,20.0,43.12
9983,2016-09-14,16.0,72.86,18.33,36.67
9984,2016-09-14,17.0,93.33,19.29,35.0
9985,2016-09-14,18.0,61.11,17.78,37.27
9986,2016-09-14,19.0,69.0,15.0,30.0
9987,2016-09-14,20.0,102.22,10.62,25.0
9988,2016-09-14,21.0,34.17,5.0,14.17
9993,2016-09-15,9.0,46.67,5.0,5.0
9994,2016-09-15,10.0,47.14,7.14,5.71
9995,2016-09-15,11.0,68.75,19.44,33.75
9996,2016-09-15,12.0,77.78,20.62,24.38
9997,2016-09-15,13.0,64.0,14.17,30.0
9998,2016-09-15,14.0,57.78,8.33,31.11
9999,2016-09-15,15.0,62.5,8.12,21.11
10000,2016-09-15,16.0,78.75,9.29,25.0
10001,2016-09-15,17.0,82.86,10.0,19.29
10002,2016-09-15,18.0,75.0,8.12,16.88
10003,2016-09-15,19.0,60.0,6.25,17.5
10004,2016-09-15,20.0,58.75,6.88,15.0
10005,2016-09-15,21.0,50.0,5.0,5.0
10008,2016-09-16,9.0,45.0,7.86,10.0
10009,2016-09-16,10.0,43.33,14.55,17.22
10010,2016-09-16,11.0,44.0,10.0,24.17
10011,2016-09-16,12.0,68.89,18.75,20.62
10012,2016-09-16,13.0,68.57,9.29,22.86
10013,2016-09-16,14.0,42.5,5.0,17.22
10014,2016-09-16,15.0,51.25,5.0,12.14
10015,2016-09-16,16.0,50.0,5.0,18.57
10016,2016-09-16,17.0,52.86,10.56,15.62
10017,2016-09-16,18.0,51.67,11.5,12.5
10024,2016-09-17,8.0,30.0,5.0,5.0
10025,2016-09-17,9.0,42.86,5.0,5.71
10026,2016-09-17,10.0,65.71,12.14,24.29
10027,2016-09-17,11.0,66.25,30.0,33.12
10028,2016-09-17,12.0,70.0,35.0,63.57
10029,2016-09-17,13.0,85.0,53.33,63.33
10030,2016-09-17,14.0,92.5,37.86,55.0
10031,2016-09-17,15.0,82.5,33.12,49.38
10038,2016-09-17,16.0,,40.83,
10032,2016-09-17,17.0,90.0,42.5,60.83
10033,2016-09-17,18.0,122.5,41.0,60.0
10034,2016-09-17,19.0,75.0,30.56,56.11
10035,2016-09-17,20.0,52.14,14.29,20.71
10036,2016-09-17,21.0,62.14,8.12,22.86
10037,2016-09-17,22.0,61.25,11.11,26.88
10040,2016-09-18,9.0,45.0,5.71,5.0
10041,2016-09-18,10.0,55.56,34.38,12.5
10042,2016-09-18,11.0,52.86,24.29,32.86
10043,2016-09-18,12.0,54.38,16.43,58.12
10044,2016-09-18,13.0,60.71,15.71,61.43
10045,2016-09-18,14.0,72.0,22.5,48.0
10046,2016-09-18,15.0,45.0,10.62,45.56
10047,2016-09-18,16.0,55.0,15.71,37.14
10048,2016-09-18,17.0,70.0,19.29,45.83
10049,2016-09-18,18.0,37.14,10.71,16.43
10056,2016-09-19,9.0,60.0,,5.71
10057,2016-09-19,10.0,110.0,,37.14
10058,2016-09-19,11.0,71.67,38.12,33.57
10059,2016-09-19,12.0,60.0,45.62,39.29
10060,2016-09-19,13.0,91.43,54.17,54.17
10061,2016-09-19,14.0,124.29,28.57,36.43
10062,2016-09-19,15.0,95.0,27.5,45.83
10063,2016-09-19,16.0,70.0,43.0,32.5
10066,2016-09-19,17.0,,35.91,45.0
10067,2016-09-19,18.0,,30.0,40.0
10068,2016-09-19,19.0,,6.25,
10069,2016-09-19,20.0,,5.0,
10064,2016-09-19,21.0,45.0,5.0,40.0
10065,2016-09-19,22.0,46.25,5.0,9.17
10071,2016-09-20,9.0,45.0,7.78,5.0
10072,2016-09-20,10.0,62.27,19.55,11.43
10073,2016-09-20,11.0,64.29,13.75,24.5
10074,2016-09-20,12.0,71.67,8.75,30.0
10075,2016-09-20,13.0,78.33,7.14,34.29
10076,2016-09-20,14.0,81.43,10.71,25.71
10077,2016-09-20,15.0,70.0,5.0,11.25
10078,2016-09-20,16.0,49.0,7.78,22.5
10079,2016-09-20,17.0,61.43,5.0,32.5
10080,2016-09-20,18.0,52.5,8.57,25.0
10087,2016-09-21,9.0,45.0,5.0,5.0
10088,2016-09-21,10.0,64.17,13.57,20.0
10089,2016-09-21,11.0,58.57,23.75,49.29
10090,2016-09-21,12.0,56.0,31.0,58.0
10091,2016-09-21,13.0,87.5,26.88,46.88
10092,2016-09-21,14.0,97.14,23.57,55.62
10093,2016-09-21,15.0,55.0,16.25,63.33
10094,2016-09-21,16.0,73.33,22.86,32.14
10095,2016-09-21,17.0,105.71,20.0,37.5
10096,2016-09-21,18.0,87.5,15.62,33.75
10097,2016-09-21,19.0,65.71,16.43,37.5
10098,2016-09-21,20.0,37.5,5.0,
10103,2016-09-22,9.0,45.0,5.0,5.0
10104,2016-09-22,10.0,60.0,17.5,10.0
10105,2016-09-22,11.0,68.0,21.0,30.0
10106,2016-09-22,12.0,55.0,25.83,25.0
10107,2016-09-22,13.0,75.71,27.14,
10108,2016-09-22,14.0,70.0,20.71,26.67
10109,2016-09-22,15.0,65.0,11.0,42.22
10110,2016-09-22,16.0,78.0,24.0,67.0
10111,2016-09-22,17.0,56.25,11.88,41.25
10112,2016-09-22,18.0,52.5,12.5,35.62
10113,2016-09-22,19.0,74.29,9.38,35.0
10114,2016-09-22,20.0,48.57,5.71,7.14
10117,2016-09-23,9.0,45.0,9.0,
10118,2016-09-23,10.0,51.67,12.0,21.43
10119,2016-09-23,11.0,57.14,19.29,36.88
10120,2016-09-23,12.0,63.33,14.17,32.86
10121,2016-09-23,13.0,51.67,7.5,34.0
10122,2016-09-23,14.0,77.5,11.25,28.75
10123,2016-09-23,15.0,85.71,10.0,29.29
10124,2016-09-23,16.0,45.71,10.0,30.71
10125,2016-09-23,17.0,61.11,5.0,34.29
10126,2016-09-23,18.0,48.33,5.0,17.86
10133,2016-09-24,8.0,30.0,5.0,5.0
10134,2016-09-24,9.0,48.33,5.0,6.88
10135,2016-09-24,10.0,71.25,9.29,25.0
10136,2016-09-24,11.0,45.71,25.0,37.22
10137,2016-09-24,12.0,71.67,39.29,57.5
10138,2016-09-24,13.0,96.67,38.57,62.5
10139,2016-09-24,14.0,80.0,42.0,50.0
10140,2016-09-24,15.0,96.67,32.5,46.67
10141,2016-09-24,16.0,105.71,32.86,54.29
10142,2016-09-24,17.0,72.5,37.86,55.71
10143,2016-09-24,18.0,56.67,37.14,52.5
10144,2016-09-24,19.0,85.0,31.67,46.88
10145,2016-09-24,20.0,91.43,15.62,24.38
10146,2016-09-24,21.0,61.67,14.17,22.5
10147,2016-09-24,22.0,62.0,14.0,30.0
10149,2016-09-25,9.0,45.5,8.33,
10150,2016-09-25,10.0,73.75,23.0,18.12
10151,2016-09-25,11.0,90.0,30.0,46.67
10152,2016-09-25,14.0,75.0,15.0,40.0
10153,2016-09-25,16.0,62.0,15.83,21.0
10154,2016-09-25,17.0,75.0,19.38,30.62
10155,2016-09-25,18.0,31.0,14.29,21.43
10163,2016-09-26,9.0,52.5,5.0,8.33
10164,2016-09-26,10.0,70.91,15.71,27.86
10165,2016-09-26,11.0,91.25,35.62,41.25
10166,2016-09-26,12.0,62.5,36.0,41.67
10175,2016-09-26,13.0,,38.57,
10176,2016-09-26,14.0,,42.14,
10167,2016-09-26,15.0,50.0,32.86,31.67
10168,2016-09-26,16.0,98.75,13.75,35.0
10169,2016-09-26,17.0,120.0,23.57,39.29
10170,2016-09-26,18.0,112.86,19.29,36.43
10171,2016-09-26,19.0,67.14,18.57,39.29
10172,2016-09-26,20.0,45.0,7.5,10.0
10173,2016-09-26,21.0,50.0,5.0,10.0
10174,2016-09-26,22.0,51.25,5.0,10.0
10178,2016-09-27,9.0,42.86,8.12,5.83
10179,2016-09-27,10.0,56.67,10.0,15.0
10180,2016-09-27,11.0,60.0,10.83,30.83
10181,2016-09-27,12.0,38.5,10.0,35.0
10182,2016-09-27,13.0,52.5,10.0,43.75
10183,2016-09-27,14.0,70.0,11.0,41.25
10188,2016-09-27,15.0,,10.0,32.5
10184,2016-09-27,16.0,65.0,5.0,37.5
10185,2016-09-27,17.0,62.86,5.0,47.86
10186,2016-09-27,18.0,54.29,5.0,36.43
10187,2016-09-27,19.0,58.33,5.0,12.5
10190,2016-09-28,9.0,49.44,5.0,5.0
10191,2016-09-28,10.0,64.38,,22.78
10192,2016-09-28,11.0,67.0,17.5,43.12
10193,2016-09-28,12.0,77.78,20.0,40.62
10194,2016-09-28,13.0,86.0,,64.0
10195,2016-09-28,14.0,90.0,16.67,42.86
10196,2016-09-28,15.0,81.67,35.0,
10197,2016-09-28,16.0,60.0,41.11,
10198,2016-09-28,17.0,60.0,52.0,
10199,2016-09-28,18.0,83.57,50.0,37.5
10200,2016-09-28,19.0,140.0,40.0,30.0
10201,2016-09-28,20.0,95.56,13.89,16.88
10202,2016-09-28,21.0,45.0,7.86,17.5
10203,2016-09-28,22.0,73.33,10.0,18.57
10207,2016-09-29,9.0,30.0,5.0,6.25
10208,2016-09-29,10.0,61.67,18.33,6.67
10209,2016-09-29,11.0,61.25,12.14,30.71
10210,2016-09-29,12.0,38.0,7.0,39.0
10211,2016-09-29,13.0,62.5,12.22,25.0
10212,2016-09-29,14.0,63.75,10.83,19.17
10213,2016-09-29,15.0,46.25,8.75,22.5
10214,2016-09-29,16.0,68.75,10.0,30.83
10215,2016-09-29,17.0,77.14,10.0,31.43
10216,2016-09-29,18.0,36.25,7.5,17.5
10223,2016-09-30,9.0,42.86,10.0,9.0
10224,2016-09-30,10.0,45.0,18.18,23.89
10225,2016-09-30,11.0,58.89,22.14,49.5
10226,2016-09-30,12.0,70.0,23.57,46.43
10227,2016-09-30,13.0,70.0,21.82,57.5
10228,2016-09-30,14.0,70.0,17.78,36.43
10229,2016-09-30,15.0,70.0,10.0,31.25
10230,2016-09-30,16.0,65.0,21.0,40.0
10231,2016-09-30,17.0,65.0,9.38,28.57
10232,2016-09-30,18.0,61.67,7.5,26.67
10239,2016-10-01,8.0,47.5,5.0,10.0
10240,2016-10-01,9.0,51.11,5.56,10.0
10241,2016-10-01,10.0,73.75,22.86,21.67
10242,2016-10-01,11.0,80.0,37.14,47.78
10243,2016-10-01,12.0,97.5,37.5,71.25
10244,2016-10-01,13.0,112.0,51.43,81.0
10245,2016-10-01,14.0,114.29,45.83,70.0
10246,2016-10-01,15.0,106.0,37.5,53.0
10247,2016-10-01,16.0,104.29,45.71,60.71
10248,2016-10-01,17.0,100.0,37.86,65.71
10249,2016-10-01,18.0,80.0,50.71,60.0
10252,2016-10-01,19.0,,31.0,
10253,2016-10-01,20.0,,21.67,
10254,2016-10-01,21.0,,9.38,5.0
10250,2016-10-01,22.0,40.0,5.0,6.25
10257,2016-10-02,9.0,40.0,5.56,6.67
10258,2016-10-02,10.0,73.5,26.82,31.67
10259,2016-10-02,11.0,120.0,36.67,58.33
10260,2016-10-02,12.0,160.0,30.0,51.25
10261,2016-10-02,13.0,101.25,38.33,46.88
10262,2016-10-02,14.0,72.5,31.36,36.11
10263,2016-10-02,15.0,88.57,15.62,41.25
10271,2016-10-02,16.0,,28.57,
10264,2016-10-02,17.0,87.5,35.71,40.0
10265,2016-10-02,18.0,54.44,18.33,24.44
10273,2016-10-03,8.0,36.25,5.0,8.64
10274,2016-10-03,9.0,76.25,8.33,14.0
10275,2016-10-03,10.0,90.0,13.33,33.33
10276,2016-10-03,11.0,92.0,38.0,59.17
10277,2016-10-03,12.0,93.75,48.12,72.5
10278,2016-10-03,13.0,107.5,50.62,76.88
10279,2016-10-03,14.0,134.29,40.71,57.86
10280,2016-10-03,15.0,130.0,37.0,62.0
10281,2016-10-03,16.0,104.0,45.0,65.0
10282,2016-10-03,17.0,81.67,34.17,66.67
10283,2016-10-03,18.0,73.0,29.0,70.0
10284,2016-10-03,19.0,96.25,31.88,43.12
10285,2016-10-03,20.0,108.33,29.17,35.0
10286,2016-10-03,21.0,47.0,10.0,16.0
10287,2016-10-03,22.0,75.0,10.0,18.75
10290,2016-10-04,9.0,57.86,6.67,7.5
10291,2016-10-04,10.0,64.29,14.44,15.83
10292,2016-10-04,11.0,55.0,25.0,38.75
10293,2016-10-04,12.0,67.14,26.88,47.14
10294,2016-10-04,13.0,73.75,16.25,47.78
10295,2016-10-04,14.0,92.5,10.71,38.75
10296,2016-10-04,15.0,115.0,10.0,16.67
10297,2016-10-04,16.0,75.0,5.0,24.38
10298,2016-10-04,17.0,68.75,6.88,25.0
10299,2016-10-04,18.0,44.0,5.0,25.56
10306,2016-10-05,8.0,38.57,5.0,5.0
10307,2016-10-05,9.0,65.0,5.0,12.5
10308,2016-10-05,10.0,70.0,21.0,37.0
10309,2016-10-05,11.0,92.5,38.33,65.56
10310,2016-10-05,12.0,97.5,40.0,61.43
10311,2016-10-05,13.0,95.71,45.71,77.86
10312,2016-10-05,14.0,111.43,44.38,82.86
10313,2016-10-05,15.0,102.86,32.5,62.86
10314,2016-10-05,16.0,93.33,43.33,73.33
10315,2016-10-05,17.0,94.0,29.0,47.5
10316,2016-10-05,18.0,82.86,35.71,42.86
10317,2016-10-05,19.0,78.89,24.38,41.88
10318,2016-10-05,20.0,85.0,20.62,30.0
10319,2016-10-05,21.0,78.33,6.43,20.83
10320,2016-10-05,22.0,44.0,19.29,31.0
10324,2016-10-06,9.0,46.88,5.0,8.75
10325,2016-10-06,10.0,70.0,8.75,13.75
10326,2016-10-06,11.0,37.14,9.29,22.14
10327,2016-10-06,12.0,56.25,5.0,20.0
10328,2016-10-06,13.0,80.0,,
10329,2016-10-06,14.0,30.0,5.0,20.0
10330,2016-10-06,15.0,55.0,6.25,9.38
10331,2016-10-06,16.0,62.0,5.0,10.0
10334,2016-10-08,8.0,61.11,5.56,5.0
10335,2016-10-08,9.0,65.0,6.11,14.29
10336,2016-10-08,10.0,91.25,23.12,23.89
10337,2016-10-08,11.0,104.29,30.71,42.14
10338,2016-10-08,12.0,97.14,32.5,48.12
10339,2016-10-08,13.0,90.0,27.5,65.0
10340,2016-10-08,14.0,97.5,31.67,74.17
10341,2016-10-08,15.0,105.0,28.12,41.43
10342,2016-10-08,16.0,115.71,34.29,59.17
10343,2016-10-08,17.0,141.67,24.0,45.0
10344,2016-10-08,18.0,86.25,23.12,45.0
10345,2016-10-08,19.0,58.12,22.5,36.25
10346,2016-10-08,20.0,102.5,22.22,28.33
10347,2016-10-08,21.0,85.62,10.0,16.88
10348,2016-10-08,22.0,65.0,13.57,17.86
10351,2016-10-09,8.0,41.25,5.0,5.0
10352,2016-10-09,9.0,75.0,6.43,10.71
10353,2016-10-09,10.0,68.33,33.57,
10354,2016-10-09,11.0,83.57,37.14,
10355,2016-10-09,12.0,112.86,38.57,
10356,2016-10-09,13.0,132.22,48.33,
10357,2016-10-09,14.0,120.0,35.0,62.5
10358,2016-10-09,15.0,89.29,37.5,77.14
10359,2016-10-09,16.0,85.62,34.38,98.12
10360,2016-10-09,17.0,114.29,40.71,115.0
10361,2016-10-09,18.0,147.78,29.38,106.88
10362,2016-10-09,19.0,163.0,31.0,55.0
10363,2016-10-09,20.0,98.0,27.5,55.0
10364,2016-10-09,21.0,52.86,10.0,27.86
10365,2016-10-09,22.0,68.0,9.17,16.67
10368,2016-10-10,8.0,39.0,5.0,9.0
10369,2016-10-10,9.0,58.12,6.25,13.12
10370,2016-10-10,10.0,68.0,11.25,42.78
10371,2016-10-10,11.0,85.0,28.33,54.44
10372,2016-10-10,12.0,97.5,33.0,58.12
10373,2016-10-10,13.0,106.0,39.0,70.0
10374,2016-10-10,14.0,121.11,28.75,68.12
10375,2016-10-10,15.0,107.5,26.82,69.38
10376,2016-10-10,16.0,81.43,36.43,75.71
10377,2016-10-10,17.0,101.67,33.33,61.11
10378,2016-10-10,18.0,77.86,16.43,22.86
10384,2016-10-11,8.0,37.14,5.0,5.0
10385,2016-10-11,9.0,64.29,5.0,8.33
10386,2016-10-11,10.0,75.0,11.88,21.88
10387,2016-10-11,11.0,92.86,28.18,54.29
10388,2016-10-11,12.0,103.33,35.71,54.29
10389,2016-10-11,13.0,98.33,37.5,56.67
10390,2016-10-11,14.0,100.83,34.0,54.0
10391,2016-10-11,15.0,81.43,22.86,48.57
10392,2016-10-11,16.0,72.5,35.56,45.0
10393,2016-10-11,17.0,97.14,32.5,37.5
10394,2016-10-11,18.0,64.44,13.89,13.89
10401,2016-10-12,8.0,67.14,5.0,5.0
10402,2016-10-12,9.0,80.0,,12.5
10403,2016-10-12,10.0,82.86,,38.57
10404,2016-10-12,11.0,117.14,37.5,81.25
10405,2016-10-12,12.0,150.0,48.33,58.0
10406,2016-10-12,13.0,186.67,59.17,100.0
10407,2016-10-12,14.0,210.0,62.5,112.22
10408,2016-10-12,15.0,210.0,53.75,98.75
10409,2016-10-12,16.0,205.71,61.43,129.29
10410,2016-10-12,17.0,112.5,58.75,125.0
10411,2016-10-12,18.0,122.86,52.86,87.86
10412,2016-10-12,19.0,210.0,46.67,61.67
10413,2016-10-12,20.0,210.0,44.0,61.67
10414,2016-10-12,21.0,187.14,26.88,66.43
10415,2016-10-12,22.0,70.0,20.71,45.83
10420,2016-10-13,9.0,68.0,8.33,
10421,2016-10-13,10.0,71.43,20.62,30.0
10422,2016-10-13,11.0,60.0,30.62,38.57
10423,2016-10-13,12.0,78.75,23.0,38.0
10424,2016-10-13,13.0,105.0,28.33,40.56
10425,2016-10-13,14.0,81.67,35.83,49.17
10426,2016-10-13,15.0,47.14,22.14,59.38
10427,2016-10-13,16.0,78.57,21.43,34.29
10428,2016-10-13,17.0,72.5,22.86,32.86
10429,2016-10-13,18.0,41.43,15.71,33.57
10436,2016-10-14,8.0,46.11,5.0,5.0
10437,2016-10-14,9.0,56.25,5.0,16.25
10438,2016-10-14,10.0,62.86,14.5,46.11
10439,2016-10-14,11.0,77.78,31.88,44.5
10440,2016-10-14,12.0,94.29,30.71,47.86
10441,2016-10-14,13.0,121.25,28.75,58.75
10442,2016-10-14,14.0,135.0,28.75,45.0
10443,2016-10-14,15.0,68.57,16.43,44.29
10444,2016-10-14,16.0,77.5,23.75,42.14
10445,2016-10-14,17.0,114.29,21.43,34.38
10446,2016-10-14,18.0,50.0,15.62,18.12
10453,2016-10-15,8.0,47.5,5.0,5.0
10454,2016-10-15,9.0,65.0,5.62,5.62
10455,2016-10-15,10.0,65.83,17.14,21.67
10456,2016-10-15,11.0,78.57,35.0,37.86
10457,2016-10-15,12.0,97.14,38.12,60.0
10458,2016-10-15,13.0,110.0,46.11,70.0
10459,2016-10-15,14.0,120.0,46.88,78.12
10460,2016-10-15,15.0,120.0,44.29,81.43
10461,2016-10-15,16.0,110.0,44.0,98.0
10462,2016-10-15,17.0,73.75,38.75,82.5
10463,2016-10-15,18.0,108.57,40.71,56.43
10464,2016-10-15,19.0,115.0,38.33,44.38
10465,2016-10-15,20.0,122.86,35.62,57.86
10466,2016-10-15,21.0,122.5,20.0,33.75
10467,2016-10-15,22.0,72.5,9.38,22.22
10470,2016-10-16,8.0,31.67,6.43,
10471,2016-10-16,9.0,57.22,5.83,
10472,2016-10-16,10.0,70.62,9.5,31.67
10473,2016-10-16,11.0,64.29,18.89,35.0
10474,2016-10-16,12.0,70.0,22.14,41.43
10475,2016-10-16,13.0,107.5,25.71,30.0
10476,2016-10-16,14.0,108.57,25.71,33.33
10477,2016-10-16,15.0,55.71,15.62,
10478,2016-10-16,16.0,76.67,24.17,
10479,2016-10-16,17.0,98.75,27.5,30.0
10480,2016-10-16,18.0,47.5,7.86,30.0
10487,2016-10-17,8.0,32.14,5.0,10.0
10488,2016-10-17,9.0,68.57,7.14,15.0
10489,2016-10-17,10.0,77.14,20.0,44.38
10490,2016-10-17,11.0,100.0,52.14,71.43
10491,2016-10-17,12.0,145.71,52.5,95.62
10492,2016-10-17,13.0,170.0,67.5,75.0
10493,2016-10-17,14.0,154.29,60.0,80.71
10494,2016-10-17,15.0,82.86,54.29,69.29
10495,2016-10-17,16.0,86.43,52.86,91.25
10496,2016-10-17,17.0,121.67,47.5,106.67
10497,2016-10-17,18.0,132.0,46.0,73.0
10498,2016-10-17,19.0,107.14,40.0,65.0
10499,2016-10-17,20.0,58.33,28.33,45.0
10500,2016-10-17,21.0,71.11,19.44,19.44
10501,2016-10-17,22.0,58.0,10.0,16.0
10504,2016-10-18,9.0,48.0,6.82,
10505,2016-10-18,10.0,65.56,14.5,33.33
10506,2016-10-18,11.0,82.22,17.5,47.78
10507,2016-10-18,12.0,75.71,21.67,55.0
10508,2016-10-18,13.0,66.67,,47.5
10509,2016-10-18,14.0,75.0,,61.43
10510,2016-10-18,15.0,58.57,19.29,47.14
10511,2016-10-18,16.0,64.29,30.0,31.43
10512,2016-10-18,17.0,85.71,36.25,30.0
10513,2016-10-18,18.0,50.0,12.86,8.12
10520,2016-10-19,9.0,80.62,8.12,7.5
10521,2016-10-19,10.0,90.0,24.0,35.0
10522,2016-10-19,11.0,108.75,38.64,34.44
10523,2016-10-19,12.0,107.5,43.12,48.89
10524,2016-10-19,13.0,91.0,48.89,71.67
10525,2016-10-19,14.0,67.14,40.71,66.25
10526,2016-10-19,15.0,74.44,33.89,54.38
10527,2016-10-19,16.0,70.0,41.43,82.22
10528,2016-10-19,17.0,92.5,33.64,70.0
10529,2016-10-19,18.0,117.78,33.75,42.78
10530,2016-10-19,19.0,95.56,31.25,45.0
10531,2016-10-19,20.0,80.0,35.0,47.14
10532,2016-10-19,21.0,66.25,13.33,20.0
10533,2016-10-19,22.0,46.67,5.0,13.75
10537,2016-10-20,9.0,60.0,,5.0
10538,2016-10-20,10.0,60.0,,31.67
10539,2016-10-20,11.0,75.0,20.0,61.25
10540,2016-10-20,12.0,67.14,32.86,32.5
10541,2016-10-20,13.0,70.0,26.43,32.86
10542,2016-10-20,14.0,77.5,31.0,47.22
10543,2016-10-20,15.0,74.29,15.71,33.57
10544,2016-10-20,16.0,55.0,27.14,44.29
10545,2016-10-20,17.0,85.45,28.89,43.75
10546,2016-10-20,18.0,76.67,18.57,24.17
10553,2016-10-21,8.0,41.67,5.0,5.71
10554,2016-10-21,9.0,50.0,7.78,12.78
10555,2016-10-21,10.0,65.83,14.0,47.5
10556,2016-10-21,11.0,77.5,27.22,47.5
10557,2016-10-21,12.0,91.43,29.29,
10558,2016-10-21,13.0,116.25,30.0,37.5
10559,2016-10-21,14.0,94.44,33.75,71.88
10560,2016-10-21,15.0,55.71,26.67,49.38
10561,2016-10-21,16.0,82.22,24.44,43.75
10562,2016-10-21,17.0,92.5,20.0,34.38
10563,2016-10-21,18.0,36.67,18.89,25.62
10570,2016-10-22,8.0,50.0,5.0,10.0
10571,2016-10-22,9.0,63.57,8.75,7.5
10572,2016-10-22,10.0,77.14,15.71,16.25
10573,2016-10-22,11.0,96.67,36.67,29.38
10574,2016-10-22,12.0,98.57,42.86,51.43
10575,2016-10-22,13.0,120.0,47.78,51.88
10576,2016-10-22,14.0,146.67,38.12,56.25
10577,2016-10-22,15.0,154.29,47.86,47.86
10578,2016-10-22,16.0,127.0,53.0,85.83
10579,2016-10-22,17.0,95.0,45.0,80.62
10580,2016-10-22,18.0,92.86,43.57,66.43
10581,2016-10-22,19.0,117.5,36.25,42.5
10582,2016-10-22,20.0,137.5,35.56,21.88
10583,2016-10-22,21.0,93.75,37.86,21.25
10584,2016-10-22,22.0,81.43,15.62,5.71
10601,2016-10-23,8.0,,5.0,5.0
10586,2016-10-23,9.0,60.0,5.0,5.0
10587,2016-10-23,10.0,72.27,12.78,10.0
10588,2016-10-23,11.0,105.56,31.67,27.22
10589,2016-10-23,12.0,126.36,28.18,41.11
10590,2016-10-23,13.0,118.89,32.22,40.0
10591,2016-10-23,14.0,60.0,30.0,31.67
10592,2016-10-23,15.0,83.0,26.5,30.45
10593,2016-10-23,16.0,117.5,23.89,28.75
10594,2016-10-23,17.0,57.78,20.0,42.78
10595,2016-10-23,18.0,45.0,10.62,15.0
10603,2016-10-24,9.0,60.0,7.5,10.0
10604,2016-10-24,10.0,76.88,18.5,20.0
10605,2016-10-24,11.0,80.0,35.71,36.43
10606,2016-10-24,12.0,98.57,34.29,42.86
10607,2016-10-24,13.0,92.86,40.0,55.71
10608,2016-10-24,14.0,80.0,39.29,70.0
10609,2016-10-24,15.0,120.0,36.43,58.57
10610,2016-10-24,16.0,86.25,42.5,64.38
10611,2016-10-24,17.0,111.43,34.38,50.71
10612,2016-10-24,18.0,109.38,27.14,37.86
10613,2016-10-24,19.0,70.0,20.71,30.0
10614,2016-10-24,20.0,70.71,24.44,18.57
10615,2016-10-24,21.0,95.71,12.14,16.25
10616,2016-10-24,22.0,73.33,5.0,5.0
10618,2016-10-25,9.0,56.25,10.62,6.25
10619,2016-10-25,10.0,68.57,26.0,12.5
10620,2016-10-25,11.0,81.67,30.0,26.11
10621,2016-10-25,12.0,43.33,22.78,38.75
10622,2016-10-25,13.0,71.5,16.88,40.71
10623,2016-10-25,14.0,91.11,37.0,31.0
10624,2016-10-25,15.0,70.0,,
10625,2016-10-25,16.0,51.25,,
10626,2016-10-25,17.0,78.18,,20.0
10627,2016-10-25,18.0,41.43,7.5,11.67
10634,2016-10-26,9.0,53.57,9.17,6.25
10635,2016-10-26,10.0,64.29,15.0,22.14
10636,2016-10-26,11.0,60.0,37.86,41.43
10637,2016-10-26,12.0,64.0,49.0,49.0
10638,2016-10-26,13.0,80.0,38.75,46.88
10639,2016-10-26,14.0,72.86,45.71,65.71
10640,2016-10-26,15.0,62.0,40.0,53.0
10641,2016-10-26,16.0,83.33,41.67,67.5
10642,2016-10-26,17.0,90.0,46.25,43.57
10643,2016-10-26,18.0,75.0,34.17,35.0
10644,2016-10-26,19.0,70.0,31.67,34.29
10645,2016-10-26,20.0,85.71,18.57,27.86
10646,2016-10-26,21.0,101.43,12.14,17.86
10647,2016-10-26,22.0,55.0,13.75,7.14
10651,2016-10-27,9.0,42.86,7.73,9.38
10652,2016-10-27,10.0,63.75,12.78,35.83
10653,2016-10-27,11.0,79.09,20.0,32.22
10654,2016-10-27,12.0,64.44,23.5,36.11
10655,2016-10-27,13.0,65.71,21.67,39.29
10656,2016-10-27,14.0,57.14,20.0,37.5
10657,2016-10-27,15.0,57.14,12.14,30.0
10658,2016-10-27,16.0,70.0,17.5,34.0
10659,2016-10-27,17.0,43.75,20.0,26.43
10660,2016-10-27,18.0,55.0,5.0,7.0
10667,2016-10-28,8.0,30.0,5.62,5.0
10668,2016-10-28,9.0,45.0,5.0,5.0
10669,2016-10-28,10.0,75.0,7.86,28.12
10670,2016-10-28,11.0,105.0,19.38,31.67
10671,2016-10-28,12.0,70.0,19.38,52.5
10672,2016-10-28,13.0,63.33,20.56,45.0
10673,2016-10-28,14.0,100.0,28.0,68.0
10674,2016-10-28,15.0,123.33,13.75,48.89
10675,2016-10-28,16.0,91.67,17.14,63.33
10676,2016-10-28,17.0,65.0,15.0,32.5
10677,2016-10-28,18.0,51.43,10.71,15.71
10684,2016-10-29,8.0,50.0,5.0,5.0
10685,2016-10-29,9.0,50.0,5.0,7.14
10686,2016-10-29,10.0,64.0,8.33,24.17
10687,2016-10-29,11.0,80.0,31.25,37.14
10688,2016-10-29,12.0,100.0,37.78,47.5
10689,2016-10-29,13.0,118.57,42.86,48.57
10690,2016-10-29,14.0,122.86,40.71,56.43
10691,2016-10-29,15.0,80.0,40.62,54.38
10692,2016-10-29,16.0,96.25,38.12,74.38
10693,2016-10-29,17.0,130.0,34.29,55.83
10694,2016-10-29,18.0,127.14,38.57,52.86
10695,2016-10-29,19.0,75.0,45.0,52.5
10696,2016-10-29,20.0,70.0,37.86,45.0
10697,2016-10-29,21.0,85.56,17.86,31.25
10698,2016-10-29,22.0,80.0,12.5,16.43
10701,2016-10-30,8.0,38.75,5.0,10.0
10702,2016-10-30,9.0,40.0,,12.14
10703,2016-10-30,10.0,70.0,15.0,25.0
10704,2016-10-30,11.0,98.75,27.22,31.88
10705,2016-10-30,12.0,66.88,32.5,45.0
10706,2016-10-30,13.0,55.0,28.33,39.38
10707,2016-10-30,14.0,90.0,32.73,40.0
10708,2016-10-30,15.0,104.29,25.0,35.0
10709,2016-10-30,16.0,51.67,30.62,46.25
10710,2016-10-30,17.0,64.44,37.22,33.12
10711,2016-10-30,18.0,50.0,18.12,27.5
10718,2016-10-31,8.0,27.86,5.83,10.0
10719,2016-10-31,9.0,36.67,10.0,
10720,2016-10-31,10.0,62.5,12.5,21.88
10721,2016-10-31,11.0,73.75,22.5,47.5
10722,2016-10-31,12.0,53.33,33.33,67.5
10723,2016-10-31,13.0,66.25,25.62,68.75
10724,2016-10-31,14.0,111.25,20.0,51.88
10725,2016-10-31,15.0,78.75,11.25,40.62
10726,2016-10-31,16.0,51.67,20.0,55.0
10727,2016-10-31,17.0,83.75,21.25,39.38
10728,2016-10-31,18.0,53.33,15.0,25.0
10735,2016-11-01,9.0,45.0,5.0,5.0
10736,2016-11-01,10.0,65.62,9.0,13.0
10737,2016-11-01,11.0,82.5,16.43,
10738,2016-11-01,12.0,83.33,25.83,43.33
10739,2016-11-01,13.0,63.89,21.88,75.62
10740,2016-11-01,14.0,68.89,35.0,81.43
10741,2016-11-01,15.0,80.0,22.5,53.12
10742,2016-11-01,16.0,70.0,,66.88
10743,2016-11-01,17.0,74.29,,65.71
10744,2016-11-01,18.0,48.33,,41.67
10745,2016-11-01,19.0,61.11,,45.62
10746,2016-11-01,20.0,68.57,,12.86
10747,2016-11-01,21.0,37.86,6.43,8.57
10749,2016-11-02,9.0,38.57,5.0,5.0
10750,2016-11-02,10.0,60.0,22.78,7.5
10751,2016-11-02,11.0,60.0,38.0,25.62
10752,2016-11-02,12.0,60.0,48.75,40.0
10753,2016-11-02,13.0,60.0,14.38,40.71
10754,2016-11-02,14.0,48.57,18.12,25.0
10755,2016-11-02,15.0,57.14,13.57,44.29
10756,2016-11-02,16.0,63.33,13.12,38.12
10757,2016-11-02,17.0,76.25,10.0,33.12
10758,2016-11-02,18.0,52.5,5.0,25.0
10759,2016-11-02,19.0,61.43,7.86,10.0
10760,2016-11-02,20.0,76.25,5.0,5.0
10762,2016-11-03,9.0,45.0,5.0,5.62
10763,2016-11-03,10.0,42.22,14.44,11.25
10764,2016-11-03,11.0,53.12,21.11,33.12
10765,2016-11-03,12.0,68.57,21.43,40.71
10766,2016-11-03,13.0,70.0,14.0,33.0
10767,2016-11-03,14.0,38.0,17.0,33.0
10768,2016-11-03,15.0,65.71,17.5,34.29
10769,2016-11-03,16.0,103.75,21.43,39.29
10770,2016-11-03,17.0,50.0,13.75,40.0
10771,2016-11-03,18.0,51.88,14.38,27.86
10772,2016-11-03,19.0,62.86,12.86,20.83
10773,2016-11-03,20.0,38.33,,8.57
10775,2016-11-04,9.0,54.38,5.62,5.0
10776,2016-11-04,10.0,66.67,10.71,12.5
10777,2016-11-04,11.0,72.22,34.44,38.0
10778,2016-11-04,12.0,61.25,40.56,34.17
10779,2016-11-04,13.0,82.86,36.67,65.0
10780,2016-11-04,14.0,104.29,37.14,
10781,2016-11-04,15.0,65.0,25.0,53.33
10782,2016-11-04,16.0,95.56,30.0,66.88
10783,2016-11-04,17.0,84.0,21.0,41.43
10784,2016-11-04,18.0,57.5,19.38,47.86
10785,2016-11-04,19.0,70.0,17.0,55.0
10786,2016-11-04,20.0,80.0,14.0,25.56
10787,2016-11-04,21.0,31.11,8.12,9.5
10789,2016-11-05,9.0,55.45,8.89,7.5
10790,2016-11-05,10.0,76.67,15.0,24.0
10791,2016-11-05,11.0,83.0,32.5,33.12
10792,2016-11-05,12.0,82.5,42.86,50.0
10793,2016-11-05,13.0,90.0,45.0,53.12
10794,2016-11-05,14.0,102.22,38.12,66.25
10795,2016-11-05,15.0,116.67,34.29,60.71
10803,2016-11-05,16.0,,36.43,65.71
10796,2016-11-05,17.0,120.0,42.14,45.62
10797,2016-11-05,18.0,113.33,36.67,53.75
10798,2016-11-05,19.0,54.29,35.71,37.14
10799,2016-11-05,20.0,102.0,30.56,31.0
10800,2016-11-05,21.0,102.86,25.83,15.83
10801,2016-11-05,22.0,71.43,13.57,5.0
10807,2016-11-06,9.0,58.57,9.38,10.0
10808,2016-11-06,10.0,74.0,21.5,23.12
10809,2016-11-06,11.0,105.0,42.14,41.11
10810,2016-11-06,12.0,107.5,47.5,37.22
10811,2016-11-06,13.0,110.0,42.14,68.75
10812,2016-11-06,14.0,92.5,41.25,67.14
10813,2016-11-06,15.0,85.56,32.5,38.75
10814,2016-11-06,16.0,97.5,40.62,43.75
10815,2016-11-06,17.0,122.22,40.0,38.12
10816,2016-11-06,18.0,86.5,29.44,40.0
10817,2016-11-06,19.0,57.5,28.0,17.0
10818,2016-11-06,20.0,87.78,25.0,15.0
10819,2016-11-06,21.0,63.75,16.88,
10820,2016-11-06,22.0,38.89,5.0,5.0
10821,2016-11-07,8.0,44.0,5.0,10.0
10822,2016-11-07,9.0,55.71,7.14,14.17
10823,2016-11-07,10.0,63.75,20.62,40.0
10824,2016-11-07,11.0,87.0,35.0,55.0
10825,2016-11-07,12.0,91.25,31.88,51.88
10826,2016-11-07,13.0,66.0,40.83,53.33
10827,2016-11-07,14.0,76.25,40.5,59.38
10828,2016-11-07,15.0,92.0,24.0,40.83
10829,2016-11-07,16.0,102.22,35.0,57.5
10830,2016-11-07,17.0,72.5,34.29,42.14
10831,2016-11-07,18.0,51.11,6.0,7.86
10839,2016-11-08,9.0,73.5,14.5,5.56
10840,2016-11-08,10.0,76.88,36.88,40.45
10841,2016-11-08,11.0,86.25,37.5,56.67
10842,2016-11-08,12.0,88.89,31.25,55.71
10843,2016-11-08,13.0,77.78,31.88,50.62
10844,2016-11-08,14.0,101.25,30.0,48.12
10845,2016-11-08,15.0,65.71,22.14,47.86
10846,2016-11-08,16.0,82.86,30.0,55.0
10847,2016-11-08,17.0,105.71,25.0,26.67
10848,2016-11-08,18.0,39.38,10.0,
10855,2016-11-09,8.0,52.5,5.0,5.0
10856,2016-11-09,9.0,66.25,8.12,8.12
10857,2016-11-09,10.0,82.5,32.5,50.0
10858,2016-11-09,11.0,78.75,51.25,60.0
10859,2016-11-09,12.0,120.0,58.33,72.14
10860,2016-11-09,13.0,107.14,52.86,63.57
10861,2016-11-09,14.0,107.5,46.88,67.5
10862,2016-11-09,15.0,117.14,56.88,71.43
10863,2016-11-09,16.0,127.78,52.86,63.57
10864,2016-11-09,17.0,66.67,36.67,40.71
10865,2016-11-09,18.0,125.0,46.0,40.0
10866,2016-11-09,19.0,130.0,40.71,42.5
10867,2016-11-09,20.0,130.0,33.75,27.86
10868,2016-11-09,21.0,45.0,18.89,21.88
10869,2016-11-09,22.0,75.0,27.14,30.0
10872,2016-11-10,8.0,38.57,10.0,5.0
10873,2016-11-10,9.0,50.0,10.0,5.0
10874,2016-11-10,10.0,62.5,13.75,25.0
10875,2016-11-10,11.0,81.25,30.0,51.25
10876,2016-11-10,12.0,97.14,31.25,50.71
10877,2016-11-10,13.0,71.43,30.71,47.14
10878,2016-11-10,14.0,70.0,28.33,69.44
10879,2016-11-10,15.0,100.0,33.12,66.88
10880,2016-11-10,16.0,112.22,28.12,46.25
10881,2016-11-10,17.0,73.57,17.86,28.89
10882,2016-11-10,18.0,64.44,14.44,23.12
10890,2016-11-11,8.0,56.43,5.0,5.0
10891,2016-11-11,9.0,65.0,8.89,9.17
10892,2016-11-11,10.0,71.88,28.75,47.78
10893,2016-11-11,11.0,92.5,47.5,79.44
10894,2016-11-11,12.0,111.25,50.56,102.22
10895,2016-11-11,13.0,130.0,45.71,55.0
10896,2016-11-11,14.0,147.5,43.75,70.0
10897,2016-11-11,15.0,132.0,45.0,69.0
10898,2016-11-11,16.0,104.44,47.5,57.5
10899,2016-11-11,17.0,91.25,40.0,41.43
10900,2016-11-11,18.0,64.29,20.0,10.0
10909,2016-11-12,8.0,51.67,5.0,5.0
10910,2016-11-12,9.0,75.0,11.36,6.5
10911,2016-11-12,10.0,70.71,29.38,17.86
10912,2016-11-12,11.0,81.43,36.0,36.43
10913,2016-11-12,12.0,111.25,31.25,73.33
10914,2016-11-12,13.0,140.0,61.25,86.25
10915,2016-11-12,14.0,165.0,67.5,78.33
10916,2016-11-12,15.0,135.71,65.0,92.86
10917,2016-11-12,16.0,81.43,71.67,105.83
10918,2016-11-12,17.0,95.0,45.71,57.86
10919,2016-11-12,18.0,126.25,55.71,48.33
10920,2016-11-12,19.0,150.0,54.29,38.57
10921,2016-11-12,20.0,163.75,49.44,33.12
10922,2016-11-12,21.0,116.0,52.0,28.0
10923,2016-11-12,22.0,92.78,17.14,17.5
10927,2016-11-13,8.0,47.5,5.0,5.0
10928,2016-11-13,9.0,50.0,5.0,5.83
10929,2016-11-13,10.0,65.0,10.0,21.88
10930,2016-11-13,11.0,80.0,25.0,39.0
10931,2016-11-13,12.0,67.14,28.57,50.71
10932,2016-11-13,13.0,83.75,24.38,53.12
10933,2016-11-13,14.0,116.25,25.5,61.67
10934,2016-11-13,15.0,77.5,18.75,48.75
10935,2016-11-13,16.0,68.75,20.62,46.67
10936,2016-11-13,17.0,101.25,33.12,33.75
10937,2016-11-13,18.0,71.25,16.11,5.62
10945,2016-11-14,9.0,47.5,,10.83
10946,2016-11-14,10.0,65.83,,25.0
10947,2016-11-14,11.0,98.33,,71.43
10948,2016-11-14,12.0,114.29,40.0,35.0
10949,2016-11-14,13.0,132.86,53.75,47.14
10950,2016-11-14,14.0,111.67,50.0,45.0
10951,2016-11-14,15.0,64.29,44.38,50.0
10952,2016-11-14,16.0,95.71,42.14,61.43
10953,2016-11-14,17.0,100.0,36.88,30.0
10954,2016-11-14,18.0,60.0,31.67,22.86
10955,2016-11-14,19.0,66.25,25.62,6.88
10956,2016-11-14,20.0,77.14,24.17,10.0
10957,2016-11-14,21.0,66.67,9.17,5.83
10958,2016-11-14,22.0,50.62,5.0,5.0
10960,2016-11-15,9.0,41.43,5.0,5.0
10961,2016-11-15,10.0,66.0,12.78,7.78
10962,2016-11-15,11.0,94.44,17.22,14.44
10963,2016-11-15,12.0,45.0,22.5,15.0
10964,2016-11-15,13.0,62.86,22.5,21.43
10965,2016-11-15,14.0,91.25,27.5,15.62
10966,2016-11-15,15.0,70.0,36.11,20.56
10967,2016-11-15,16.0,67.5,50.0,15.0
10968,2016-11-15,17.0,51.0,38.75,10.0
10969,2016-11-15,18.0,40.0,10.62,5.0
10976,2016-11-16,9.0,60.0,7.5,5.0
10977,2016-11-16,10.0,62.22,22.78,
10978,2016-11-16,11.0,75.62,33.89,26.43
10979,2016-11-16,12.0,70.0,37.0,65.0
10980,2016-11-16,13.0,75.71,43.12,84.38
10981,2016-11-16,14.0,94.29,33.12,104.0
10982,2016-11-16,15.0,94.29,36.43,
10983,2016-11-16,16.0,82.5,45.62,
10984,2016-11-16,17.0,78.57,43.12,
10985,2016-11-16,18.0,71.67,20.71,12.5
10986,2016-11-16,19.0,68.89,14.44,53.75
10987,2016-11-16,20.0,61.25,21.5,18.75
10988,2016-11-16,21.0,41.25,5.62,5.0
10990,2016-11-17,8.0,30.0,5.0,5.0
10991,2016-11-17,9.0,37.5,13.75,6.67
10992,2016-11-17,10.0,57.86,21.67,18.75
10993,2016-11-17,11.0,53.0,23.5,31.88
10994,2016-11-17,12.0,50.0,21.25,27.14
10995,2016-11-17,13.0,68.89,20.0,25.0
10996,2016-11-17,14.0,86.43,19.44,32.5
10997,2016-11-17,15.0,46.0,7.14,18.0
11000,2016-11-18,8.0,50.62,5.0,5.0
11001,2016-11-18,9.0,73.89,7.5,7.5
11002,2016-11-18,10.0,62.78,18.89,49.5
11003,2016-11-18,11.0,70.0,35.62,75.0
11004,2016-11-18,12.0,104.0,35.83,82.14
11005,2016-11-18,13.0,125.71,32.14,54.29
11006,2016-11-18,14.0,108.0,35.0,59.0
11007,2016-11-18,15.0,62.5,22.86,40.62
11008,2016-11-18,16.0,91.88,37.5,66.67
11009,2016-11-18,17.0,130.0,36.0,48.75
11010,2016-11-18,18.0,61.67,16.11,24.17
11017,2016-11-19,9.0,67.14,11.67,18.75
11018,2016-11-19,10.0,71.67,27.5,34.38
11019,2016-11-19,11.0,75.0,30.83,39.38
11020,2016-11-19,12.0,98.33,35.83,69.17
11021,2016-11-19,13.0,118.75,44.38,67.5
11022,2016-11-19,14.0,108.89,40.0,70.71
11023,2016-11-19,15.0,85.0,39.17,62.5
11024,2016-11-19,16.0,93.75,44.29,63.12
11025,2016-11-19,17.0,121.25,44.29,61.25
11026,2016-11-19,18.0,115.56,38.12,47.5
11027,2016-11-19,19.0,71.25,43.75,40.0
11028,2016-11-19,20.0,90.0,37.86,35.0
11029,2016-11-19,21.0,108.33,30.62,37.86
11030,2016-11-19,22.0,55.56,15.62,25.0
11034,2016-11-20,9.0,48.75,6.11,5.62
11035,2016-11-20,10.0,72.5,14.17,12.5
11036,2016-11-20,11.0,86.25,35.56,21.25
11037,2016-11-20,12.0,105.56,44.38,43.12
11038,2016-11-20,13.0,125.0,40.56,36.25
11039,2016-11-20,14.0,130.0,40.0,45.0
11040,2016-11-20,15.0,112.5,42.86,28.57
11041,2016-11-20,16.0,95.0,42.5,48.75
11042,2016-11-20,17.0,112.22,38.33,28.75
11043,2016-11-20,18.0,129.0,33.0,11.25
11044,2016-11-20,19.0,55.71,26.25,10.0
11045,2016-11-20,20.0,64.29,16.67,6.67
11046,2016-11-20,21.0,75.56,11.25,6.88
11047,2016-11-20,22.0,30.0,5.0,5.0
11049,2016-11-21,8.0,48.33,5.0,5.0
11050,2016-11-21,9.0,83.75,9.38,5.62
11051,2016-11-21,10.0,110.0,35.0,30.0
11052,2016-11-21,11.0,98.57,56.25,43.57
11053,2016-11-21,12.0,117.5,41.67,73.33
11054,2016-11-21,13.0,130.83,58.33,70.0
11055,2016-11-21,14.0,137.78,52.5,62.5
11056,2016-11-21,15.0,136.25,43.12,47.78
11057,2016-11-21,16.0,140.0,50.0,61.67
11058,2016-11-21,17.0,150.0,47.5,41.88
11059,2016-11-21,18.0,143.33,42.5,24.38
11060,2016-11-21,19.0,120.0,27.78,9.44
11061,2016-11-21,20.0,68.75,33.33,11.88
11062,2016-11-21,21.0,70.0,15.0,5.62
11063,2016-11-21,22.0,84.29,5.0,5.0
11066,2016-11-22,8.0,56.67,5.0,5.0
11067,2016-11-22,9.0,76.25,14.0,15.0
11068,2016-11-22,10.0,110.0,43.33,47.5
11069,2016-11-22,11.0,128.0,46.88,76.25
11070,2016-11-22,12.0,142.86,46.67,82.5
11071,2016-11-22,13.0,120.0,60.0,100.71
11072,2016-11-22,14.0,120.0,60.0,85.0
11073,2016-11-22,15.0,100.0,41.88,58.75
11074,2016-11-22,16.0,125.0,40.56,63.12
11075,2016-11-22,17.0,150.0,,68.0
11076,2016-11-22,18.0,170.0,,58.12
11077,2016-11-22,19.0,200.0,34.29,30.0
11078,2016-11-22,20.0,136.25,38.12,23.75
11079,2016-11-22,21.0,72.86,24.29,12.14
11080,2016-11-22,22.0,56.25,5.62,5.0
11083,2016-11-23,8.0,82.5,6.67,6.25
11084,2016-11-23,9.0,120.0,11.5,19.44
11085,2016-11-23,10.0,98.89,33.75,60.62
11086,2016-11-23,11.0,97.14,42.86,70.62
11087,2016-11-23,12.0,120.0,56.88,89.29
11088,2016-11-23,13.0,115.0,45.62,82.5
11089,2016-11-23,14.0,143.75,40.62,66.88
11090,2016-11-23,15.0,112.22,56.88,63.75
11091,2016-11-23,16.0,103.75,59.38,58.12
11092,2016-11-23,17.0,101.43,45.71,65.71
11093,2016-11-23,18.0,110.0,38.0,57.14
11094,2016-11-23,19.0,90.0,41.88,33.89
11095,2016-11-23,20.0,97.14,34.29,45.0
11096,2016-11-23,21.0,120.0,23.12,28.75
11097,2016-11-23,22.0,63.75,12.78,20.0
11102,2016-11-24,8.0,35.0,5.0,5.0
11117,2016-11-24,9.0,,13.5,26.11
11103,2016-11-24,10.0,102.5,35.0,55.0
11104,2016-11-24,11.0,103.0,43.57,52.86
11105,2016-11-24,12.0,133.33,38.89,83.75
11106,2016-11-24,13.0,160.0,43.12,82.14
11107,2016-11-24,14.0,136.88,41.25,55.0
11108,2016-11-24,15.0,114.44,37.5,50.56
11109,2016-11-24,16.0,102.5,44.29,63.33
11110,2016-11-24,17.0,122.86,34.38,52.5
11111,2016-11-24,18.0,133.75,24.44,45.0
11112,2016-11-24,19.0,98.75,26.25,37.22
11113,2016-11-24,20.0,78.75,23.33,51.25
11114,2016-11-24,21.0,80.0,11.25,20.62
11115,2016-11-24,22.0,58.75,5.0,16.88
11120,2016-11-25,8.0,56.25,7.22,5.0
11121,2016-11-25,9.0,75.71,17.14,27.22
11122,2016-11-25,10.0,70.5,34.09,52.5
11123,2016-11-25,11.0,85.62,40.0,
11124,2016-11-25,12.0,105.0,45.0,45.0
11125,2016-11-25,13.0,115.71,52.14,85.71
11126,2016-11-25,14.0,132.22,42.5,92.5
11127,2016-11-25,15.0,140.0,43.33,86.67
11128,2016-11-25,16.0,130.0,46.88,77.22
11129,2016-11-25,17.0,102.5,42.5,73.89
11130,2016-11-25,18.0,98.75,35.0,58.75
11131,2016-11-25,19.0,100.0,28.57,52.14
11132,2016-11-25,20.0,72.86,29.29,32.86
11133,2016-11-25,21.0,75.0,15.71,23.57
11134,2016-11-25,22.0,55.56,6.25,9.5
11137,2016-11-26,8.0,54.0,5.0,5.0
11138,2016-11-26,9.0,60.0,5.62,5.5
11139,2016-11-26,10.0,57.14,16.43,23.12
11140,2016-11-26,11.0,85.0,25.56,30.0
11141,2016-11-26,12.0,104.29,35.71,57.86
11142,2016-11-26,13.0,120.0,41.88,55.62
11143,2016-11-26,14.0,141.43,42.86,47.14
11144,2016-11-26,15.0,125.0,30.62,42.78
11145,2016-11-26,16.0,113.75,45.5,49.38
11146,2016-11-26,17.0,110.0,36.88,41.88
11147,2016-11-26,18.0,140.0,30.0,35.0
11148,2016-11-26,19.0,85.62,28.57,16.88
11149,2016-11-26,20.0,69.38,17.5,11.25
11150,2016-11-26,21.0,88.75,20.0,5.0
11151,2016-11-26,22.0,52.5,10.71,5.0
11154,2016-11-27,9.0,56.67,5.71,5.0
11155,2016-11-27,10.0,63.75,12.22,22.22
11156,2016-11-27,11.0,60.0,25.62,50.0
11157,2016-11-27,12.0,63.33,16.67,37.14
11158,2016-11-27,13.0,70.0,18.75,32.14
11159,2016-11-27,14.0,77.5,21.88,37.14
11160,2016-11-27,15.0,80.0,13.57,35.0
11161,2016-11-27,16.0,55.0,20.0,35.62
11162,2016-11-27,17.0,70.62,32.14,32.5
11163,2016-11-27,18.0,45.0,16.25,10.56
11170,2016-11-28,9.0,38.33,5.62,8.12
11171,2016-11-28,10.0,65.0,39.17,35.71
11172,2016-11-28,11.0,95.71,45.0,62.78
11173,2016-11-28,12.0,121.11,46.25,45.0
11174,2016-11-28,13.0,110.0,42.5,58.75
11175,2016-11-28,14.0,75.0,41.88,39.38
11176,2016-11-28,15.0,71.11,34.38,34.38
11177,2016-11-28,16.0,105.71,49.0,60.71
11178,2016-11-28,17.0,131.25,45.0,45.0
11179,2016-11-28,18.0,123.75,30.0,35.0
11180,2016-11-28,19.0,43.75,26.88,26.88
11181,2016-11-28,20.0,65.0,25.0,18.75
11182,2016-11-28,21.0,97.5,20.0,11.88
11183,2016-11-28,22.0,54.29,5.0,5.0
11185,2016-11-29,9.0,53.18,6.25,5.62
11199,2016-11-29,10.0,,16.0,24.0
11186,2016-11-29,11.0,81.0,19.44,40.83
11187,2016-11-29,12.0,90.0,25.0,41.88
11188,2016-11-29,13.0,90.0,19.29,40.0
11189,2016-11-29,14.0,90.0,18.89,42.5
11190,2016-11-29,15.0,70.0,12.78,33.33
11191,2016-11-29,16.0,60.0,13.75,33.12
11192,2016-11-29,17.0,72.0,13.57,30.0
11193,2016-11-29,18.0,86.25,5.0,5.62
11201,2016-11-30,9.0,55.71,6.43,5.0
11202,2016-11-30,10.0,65.71,27.86,23.0
11203,2016-11-30,11.0,81.25,34.44,46.88
11204,2016-11-30,12.0,66.25,35.62,45.5
11205,2016-11-30,13.0,78.57,35.62,50.0
11206,2016-11-30,14.0,116.25,31.11,35.62
11207,2016-11-30,15.0,117.14,27.5,29.29
11208,2016-11-30,16.0,63.75,36.25,31.88
11209,2016-11-30,17.0,84.29,27.14,30.0
11210,2016-11-30,18.0,96.67,21.0,12.78
11211,2016-11-30,19.0,86.25,21.88,18.75
11212,2016-11-30,20.0,47.14,27.5,16.25
11213,2016-11-30,21.0,75.0,16.0,15.62
11214,2016-11-30,22.0,52.22,6.88,7.5
11218,2016-12-01,9.0,41.82,5.0,6.43
11219,2016-12-01,10.0,58.64,17.0,15.0
11220,2016-12-01,11.0,68.33,22.14,37.0
11221,2016-12-01,12.0,62.5,15.62,36.88
11222,2016-12-01,13.0,50.0,12.5,44.38
11223,2016-12-01,14.0,47.14,11.25,38.57
11224,2016-12-01,15.0,51.25,15.0,23.12
11225,2016-12-01,16.0,57.78,35.0,25.0
11226,2016-12-01,17.0,47.14,36.25,32.86
11227,2016-12-01,18.0,38.0,19.17,10.0
11235,2016-12-02,9.0,52.5,12.0,5.71
11236,2016-12-02,10.0,67.5,28.0,16.11
11237,2016-12-02,11.0,74.0,25.5,32.86
11238,2016-12-02,12.0,82.0,30.71,38.0
11239,2016-12-02,13.0,71.43,28.75,43.75
11240,2016-12-02,14.0,60.0,21.0,32.5
11241,2016-12-02,15.0,82.86,24.38,24.29
11242,2016-12-02,16.0,88.89,21.88,22.5
11243,2016-12-02,17.0,55.0,23.75,10.62
11244,2016-12-02,18.0,45.56,22.27,5.56
11251,2016-12-03,8.0,43.75,5.0,5.0
11252,2016-12-03,9.0,50.0,6.43,5.0
11253,2016-12-03,10.0,58.75,17.5,18.12
11254,2016-12-03,11.0,77.14,31.88,36.43
11255,2016-12-03,12.0,83.33,40.0,56.67
11256,2016-12-03,13.0,83.75,47.14,74.38
11257,2016-12-03,14.0,97.78,41.88,43.12
11258,2016-12-03,15.0,103.0,43.75,47.78
11259,2016-12-03,16.0,105.71,55.83,58.33
11260,2016-12-03,17.0,107.78,45.56,48.12
11261,2016-12-03,18.0,101.43,39.29,34.29
11262,2016-12-03,19.0,73.33,37.5,25.56
11263,2016-12-03,20.0,96.67,37.78,17.5
11264,2016-12-03,21.0,98.75,26.88,22.22
11265,2016-12-03,22.0,73.5,15.62,6.25
11268,2016-12-04,9.0,52.0,11.11,10.0
11269,2016-12-04,10.0,60.0,26.11,24.44
11270,2016-12-04,11.0,68.75,35.0,38.89
11271,2016-12-04,12.0,85.0,27.22,55.0
11272,2016-12-04,13.0,71.43,26.5,51.43
11273,2016-12-04,14.0,53.33,27.22,45.0
11274,2016-12-04,15.0,80.0,24.17,37.22
11275,2016-12-04,16.0,90.0,29.17,37.5
11276,2016-12-04,17.0,51.11,32.86,32.5
11277,2016-12-04,18.0,53.75,15.56,14.38
11284,2016-12-05,9.0,48.33,10.0,12.14
11285,2016-12-05,10.0,78.12,14.38,35.0
11286,2016-12-05,11.0,86.67,40.0,45.83
11287,2016-12-05,12.0,76.67,52.14,40.0
11288,2016-12-05,13.0,90.0,41.25,72.5
11289,2016-12-05,14.0,67.22,43.75,78.12
11290,2016-12-05,15.0,75.0,35.0,55.0
11291,2016-12-05,16.0,105.71,43.12,45.0
11292,2016-12-05,17.0,136.88,35.0,53.57
11293,2016-12-05,18.0,154.29,28.57,45.0
11294,2016-12-05,19.0,61.25,21.88,29.38
11295,2016-12-05,20.0,60.0,20.62,26.88
11296,2016-12-05,21.0,88.75,18.12,31.25
11297,2016-12-05,22.0,51.67,7.5,5.0
11299,2016-12-06,9.0,37.5,5.0,5.0
11300,2016-12-06,10.0,60.62,6.25,12.14
11301,2016-12-06,11.0,76.25,10.71,25.62
11312,2016-12-06,12.0,,14.29,10.0
11302,2016-12-06,13.0,31.43,10.0,10.83
11303,2016-12-06,14.0,71.0,10.0,21.67
11304,2016-12-06,15.0,56.25,9.38,13.75
11305,2016-12-06,16.0,42.86,6.11,24.44
11306,2016-12-06,17.0,69.0,12.78,24.38
11307,2016-12-06,18.0,26.82,11.25,10.0
11315,2016-12-07,9.0,50.0,5.0,
11316,2016-12-07,10.0,67.5,28.33,
11317,2016-12-07,11.0,80.0,40.62,
11318,2016-12-07,12.0,85.0,46.88,
11319,2016-12-07,13.0,82.0,41.0,
11320,2016-12-07,14.0,102.5,36.25,
11321,2016-12-07,15.0,120.0,39.44,
11322,2016-12-07,16.0,91.25,41.25,
11323,2016-12-07,17.0,67.5,36.11,
11324,2016-12-07,18.0,77.5,25.0,
11325,2016-12-07,19.0,86.25,32.5,
11326,2016-12-07,20.0,85.0,23.0,
11327,2016-12-07,21.0,55.0,13.57,
11328,2016-12-07,22.0,75.0,9.44,
11332,2016-12-08,9.0,45.0,5.0,5.0
11333,2016-12-08,10.0,52.86,12.0,6.88
11334,2016-12-08,11.0,55.0,10.0,12.73
11335,2016-12-08,12.0,58.89,15.0,25.56
11336,2016-12-08,13.0,60.0,10.0,34.44
11337,2016-12-08,14.0,60.0,17.5,28.33
11338,2016-12-08,15.0,51.67,11.67,19.17
11339,2016-12-08,16.0,67.14,24.17,17.86
11340,2016-12-08,17.0,92.86,22.86,20.71
11341,2016-12-08,18.0,41.0,9.38,13.75
11349,2016-12-09,9.0,44.38,6.43,5.0
11350,2016-12-09,10.0,50.0,10.71,
11351,2016-12-09,11.0,65.0,21.88,7.14
11352,2016-12-09,12.0,78.89,32.22,5.71
11353,2016-12-09,13.0,70.0,24.29,10.0
11354,2016-12-09,14.0,70.0,18.0,22.0
11355,2016-12-09,15.0,85.71,,15.0
11356,2016-12-09,16.0,91.43,15.83,15.62
11357,2016-12-09,17.0,51.43,31.67,5.0
11358,2016-12-09,18.0,52.5,16.11,10.0
11365,2016-12-10,8.0,41.25,5.0,5.0
11366,2016-12-10,9.0,60.0,8.12,5.0
11367,2016-12-10,10.0,51.67,14.0,15.83
11368,2016-12-10,11.0,97.5,31.0,26.0
11369,2016-12-10,12.0,113.57,39.29,45.0
11370,2016-12-10,13.0,122.86,50.0,56.43
11371,2016-12-10,14.0,117.14,60.71,56.43
11372,2016-12-10,15.0,108.12,58.57,60.0
11373,2016-12-10,16.0,120.0,55.56,55.45
11374,2016-12-10,17.0,120.0,65.0,45.62
11375,2016-12-10,18.0,132.5,51.67,30.0
11376,2016-12-10,19.0,132.86,58.33,30.83
11377,2016-12-10,20.0,107.5,46.88,19.38
11378,2016-12-10,21.0,56.25,28.75,11.25
11379,2016-12-10,22.0,76.25,15.0,5.62
11383,2016-12-11,9.0,50.0,8.12,10.0
11384,2016-12-11,10.0,59.17,17.14,23.0
11385,2016-12-11,11.0,83.33,28.57,34.17
11386,2016-12-11,12.0,71.25,36.25,28.12
11387,2016-12-11,13.0,81.25,37.22,42.5
11388,2016-12-11,14.0,94.29,35.83,22.5
11389,2016-12-11,15.0,61.67,32.5,22.5
11390,2016-12-11,16.0,71.43,38.57,30.0
11391,2016-12-11,17.0,97.14,37.86,15.71
11392,2016-12-11,18.0,56.25,16.25,7.5
11399,2016-12-12,9.0,57.86,11.25,10.0
11400,2016-12-12,10.0,66.43,22.86,31.43
11401,2016-12-12,11.0,76.88,46.11,68.89
11402,2016-12-12,12.0,94.29,42.5,44.17
11403,2016-12-12,13.0,111.67,55.0,81.67
11404,2016-12-12,14.0,134.0,33.0,77.0
11405,2016-12-12,15.0,92.86,36.43,51.43
11406,2016-12-12,16.0,67.86,41.43,47.14
11407,2016-12-12,17.0,86.25,40.0,59.38
11408,2016-12-12,18.0,102.5,26.43,30.0
11409,2016-12-12,19.0,65.56,21.88,30.62
11410,2016-12-12,20.0,75.71,31.43,21.43
11411,2016-12-12,21.0,102.5,16.25,28.75
11412,2016-12-12,22.0,51.43,5.0,5.0
11414,2016-12-13,9.0,41.11,6.88,5.0
11415,2016-12-13,10.0,68.57,9.29,30.71
11416,2016-12-13,11.0,67.5,18.89,51.25
11417,2016-12-13,12.0,60.0,22.5,46.67
11418,2016-12-13,13.0,81.25,,46.43
11419,2016-12-13,14.0,98.57,13.57,38.57
11420,2016-12-13,15.0,40.0,17.5,33.33
11421,2016-12-13,16.0,78.89,25.0,30.62
11422,2016-12-13,17.0,102.22,30.0,32.5
11423,2016-12-13,18.0,33.75,,12.5
11430,2016-12-14,9.0,50.0,5.0,10.0
11431,2016-12-14,10.0,58.89,10.0,16.43
11432,2016-12-14,11.0,88.33,38.33,40.0
11433,2016-12-14,12.0,103.33,45.0,42.5
11434,2016-12-14,13.0,85.71,46.43,66.43
11435,2016-12-14,14.0,74.0,30.0,49.0
11436,2016-12-14,15.0,94.29,30.0,42.86
11437,2016-12-14,16.0,95.0,41.25,57.78
11438,2016-12-14,17.0,87.5,42.5,48.75
11439,2016-12-14,18.0,72.86,33.57,49.29
11440,2016-12-14,19.0,73.75,30.56,28.75
11441,2016-12-14,20.0,98.57,27.86,29.29
11442,2016-12-14,21.0,103.75,21.25,23.89
11443,2016-12-14,22.0,47.14,13.75,15.0
11447,2016-12-15,9.0,45.0,8.12,5.71
11448,2016-12-15,10.0,60.0,11.67,11.25
11449,2016-12-15,11.0,53.33,13.75,15.0
11450,2016-12-15,12.0,52.5,14.17,26.67
11451,2016-12-15,13.0,76.25,11.88,38.75
11452,2016-12-15,14.0,82.5,16.11,25.0
11453,2016-12-15,15.0,45.0,10.62,20.0
11454,2016-12-15,16.0,75.0,11.88,30.62
11455,2016-12-15,17.0,80.0,18.75,28.75
11456,2016-12-15,18.0,35.0,10.0,8.12
11464,2016-12-16,9.0,48.75,15.83,6.88
11465,2016-12-16,10.0,62.86,27.86,18.75
11466,2016-12-16,11.0,71.43,32.86,42.86
11467,2016-12-16,12.0,90.0,27.22,48.33
11468,2016-12-16,13.0,96.25,31.11,52.73
11469,2016-12-16,14.0,64.44,26.67,36.25
11470,2016-12-16,15.0,73.75,18.12,49.38
11471,2016-12-16,16.0,101.11,26.25,46.88
11472,2016-12-16,17.0,78.75,26.67,45.0
11473,2016-12-16,18.0,42.14,10.0,5.0
11481,2016-12-17,8.0,50.0,5.0,5.0
11482,2016-12-17,9.0,62.5,8.89,16.67
11483,2016-12-17,10.0,60.0,32.86,53.57
11484,2016-12-17,11.0,104.29,36.43,55.0
11485,2016-12-17,12.0,98.57,37.5,54.29
11486,2016-12-17,13.0,103.33,46.67,65.71
11487,2016-12-17,14.0,103.75,46.25,65.0
11488,2016-12-17,15.0,107.14,52.14,75.0
11489,2016-12-17,16.0,110.0,57.5,89.38
11490,2016-12-17,17.0,130.0,55.0,58.57
11491,2016-12-17,18.0,142.86,44.38,62.14
11492,2016-12-17,19.0,133.75,48.89,51.25
11493,2016-12-17,20.0,97.5,44.38,72.78
11494,2016-12-17,21.0,62.5,28.33,44.38
11495,2016-12-17,22.0,60.0,18.57,19.29
11499,2016-12-18,8.0,50.0,6.67,10.0
11500,2016-12-18,9.0,50.0,10.0,14.44
11501,2016-12-18,10.0,75.0,25.5,20.0
11502,2016-12-18,11.0,60.0,28.75,37.5
11503,2016-12-18,12.0,66.0,28.57,60.0
11504,2016-12-18,13.0,86.25,33.12,51.25
11505,2016-12-18,14.0,97.5,33.89,48.33
11506,2016-12-18,15.0,67.78,20.71,39.44
11507,2016-12-18,16.0,79.0,38.0,48.89
11508,2016-12-18,17.0,98.18,36.5,51.25
11509,2016-12-18,18.0,42.5,17.86,19.29
11516,2016-12-19,8.0,47.78,7.78,6.88
11517,2016-12-19,9.0,60.62,11.67,17.5
11518,2016-12-19,10.0,82.5,38.75,56.43
11519,2016-12-19,11.0,99.29,48.57,65.71
11520,2016-12-19,12.0,90.0,51.88,83.75
11521,2016-12-19,13.0,97.5,53.33,81.88
11522,2016-12-19,14.0,111.25,45.0,89.38
11523,2016-12-19,15.0,131.25,50.56,54.38
11524,2016-12-19,16.0,104.29,48.12,82.5
11525,2016-12-19,17.0,88.89,46.43,76.88
11526,2016-12-19,18.0,70.0,35.62,56.88
11527,2016-12-19,19.0,86.25,29.38,42.5
11528,2016-12-19,20.0,100.0,37.5,35.0
11529,2016-12-19,21.0,67.5,18.12,15.62
11530,2016-12-19,22.0,53.33,6.25,16.25
11534,2016-12-20,8.0,60.0,5.62,8.33
11535,2016-12-20,9.0,64.29,11.43,7.22
11536,2016-12-20,10.0,76.25,31.88,21.67
11537,2016-12-20,11.0,97.27,36.25,30.0
11538,2016-12-20,12.0,105.56,45.0,47.5
11539,2016-12-20,13.0,110.0,40.62,49.44
11540,2016-12-20,14.0,132.5,46.0,37.0
11541,2016-12-20,15.0,123.33,,47.5
11542,2016-12-20,16.0,104.29,,49.29
11543,2016-12-20,17.0,96.0,25.0,56.43
11544,2016-12-20,18.0,110.0,38.12,35.0
11545,2016-12-20,19.0,110.0,45.71,15.71
11546,2016-12-20,20.0,82.86,35.83,26.67
11547,2016-12-20,21.0,59.0,25.0,5.0
11548,2016-12-20,22.0,32.22,8.12,5.0
11566,2016-12-21,8.0,,5.71,5.0
11550,2016-12-21,9.0,71.67,27.86,7.86
11551,2016-12-21,10.0,87.86,42.5,10.0
11552,2016-12-21,11.0,109.38,35.0,21.43
11553,2016-12-21,12.0,115.0,47.78,37.5
11554,2016-12-21,13.0,138.57,58.57,51.43
11555,2016-12-21,14.0,135.71,55.71,47.14
11556,2016-12-21,15.0,132.86,50.71,42.14
11557,2016-12-21,16.0,127.5,53.12,55.0
11558,2016-12-21,17.0,167.14,39.29,35.0
11559,2016-12-21,18.0,172.5,42.78,22.5
11560,2016-12-21,19.0,84.38,36.25,20.62
11561,2016-12-21,20.0,91.11,41.25,11.11
11562,2016-12-21,21.0,93.57,22.86,8.33
11563,2016-12-21,22.0,58.57,10.0,5.0
11571,2016-12-22,8.0,45.0,5.0,5.0
11572,2016-12-22,9.0,53.33,6.88,5.0
11573,2016-12-22,10.0,61.43,20.62,22.86
11574,2016-12-22,11.0,81.43,38.33,30.0
11575,2016-12-22,12.0,96.25,32.5,57.14
11576,2016-12-22,13.0,91.43,30.71,47.5
11577,2016-12-22,14.0,96.25,30.83,39.17
11578,2016-12-22,15.0,97.14,20.83,28.33
11579,2016-12-22,16.0,120.0,37.5,65.0
11580,2016-12-22,17.0,98.12,33.75,41.11
11581,2016-12-22,18.0,47.5,19.38,13.12
11589,2016-12-23,8.0,50.56,5.71,5.0
11590,2016-12-23,9.0,71.67,13.75,13.89
11591,2016-12-23,10.0,74.17,25.71,30.0
11592,2016-12-23,11.0,76.88,35.0,44.44
11593,2016-12-23,12.0,84.0,32.14,48.0
11594,2016-12-23,13.0,111.25,40.0,69.38
11595,2016-12-23,14.0,128.75,38.75,68.12
11596,2016-12-23,15.0,132.5,31.43,51.88
11597,2016-12-23,16.0,103.75,28.12,58.12
11598,2016-12-23,17.0,84.29,38.57,57.86
11599,2016-12-23,18.0,85.0,35.71,50.83
11600,2016-12-23,19.0,75.0,21.0,29.0
11601,2016-12-23,20.0,50.0,10.0,12.0
11602,2016-12-23,21.0,36.67,10.0,10.0
11603,2016-12-23,22.0,70.0,5.0,5.0
11606,2016-12-24,8.0,40.0,5.0,6.0
11607,2016-12-24,9.0,58.57,5.0,17.86
11608,2016-12-24,10.0,95.71,21.88,43.75
11609,2016-12-24,11.0,124.29,38.57,69.29
11610,2016-12-24,12.0,108.57,32.86,64.29
11611,2016-12-24,13.0,117.14,45.0,73.57
11612,2016-12-24,14.0,130.0,47.5,77.5
11613,2016-12-24,15.0,120.0,39.44,81.25
11614,2016-12-24,16.0,114.29,45.71,86.88
11615,2016-12-24,17.0,120.0,39.17,65.83
11616,2016-12-24,18.0,120.0,37.14,65.83
11617,2016-12-24,19.0,88.75,29.44,61.25
11618,2016-12-24,20.0,63.75,18.75,28.12
11619,2016-12-24,21.0,35.0,5.0,5.0
11620,2016-12-24,22.0,58.75,5.0,15.0
11625,2016-12-25,8.0,56.25,9.44,10.0
11626,2016-12-25,9.0,83.57,24.29,28.89
11627,2016-12-25,10.0,90.0,41.0,56.67
11628,2016-12-25,11.0,102.5,43.57,72.14
11629,2016-12-25,12.0,107.5,,66.88
11630,2016-12-25,13.0,115.0,30.0,96.88
11631,2016-12-25,14.0,122.86,66.43,107.86
11632,2016-12-25,15.0,137.14,67.14,77.86
11633,2016-12-25,16.0,135.71,73.75,84.38
11634,2016-12-25,17.0,140.0,68.33,
11635,2016-12-25,18.0,130.0,69.38,60.0
11636,2016-12-25,19.0,118.57,39.29,85.0
11637,2016-12-25,20.0,94.29,25.0,35.71
11638,2016-12-25,21.0,71.43,9.38,26.88
11639,2016-12-25,22.0,105.0,12.5,34.38
11643,2016-12-26,8.0,45.62,5.56,6.25
11644,2016-12-26,9.0,57.5,6.67,13.12
11645,2016-12-26,10.0,82.86,29.29,41.88
11646,2016-12-26,11.0,101.43,44.29,54.29
11647,2016-12-26,12.0,95.71,32.86,50.71
11648,2016-12-26,13.0,75.71,47.5,
11649,2016-12-26,14.0,105.0,60.0,52.5
11650,2016-12-26,15.0,107.14,35.62,48.12
11651,2016-12-26,16.0,133.75,45.0,64.38
11652,2016-12-26,17.0,130.0,47.14,60.0
11653,2016-12-26,18.0,135.0,45.0,74.17
11654,2016-12-26,19.0,102.5,35.0,45.62
11655,2016-12-26,20.0,50.0,19.29,30.71
11656,2016-12-26,21.0,51.43,8.0,20.0
11657,2016-12-26,22.0,68.75,5.0,17.5
11661,2016-12-27,8.0,55.62,8.75,5.0
11662,2016-12-27,9.0,76.11,21.25,24.38
11663,2016-12-27,10.0,78.75,45.71,52.86
11664,2016-12-27,11.0,109.38,50.0,86.25
11665,2016-12-27,12.0,127.78,54.38,71.25
11666,2016-12-27,13.0,145.71,60.0,104.29
11667,2016-12-27,14.0,145.0,70.0,99.17
11668,2016-12-27,15.0,135.0,62.5,108.75
11669,2016-12-27,16.0,132.5,46.25,81.88
11670,2016-12-27,17.0,128.75,51.11,76.25
11671,2016-12-27,18.0,128.75,54.38,88.12
11672,2016-12-27,19.0,95.0,40.71,69.38
11673,2016-12-27,20.0,82.86,30.62,62.86
11674,2016-12-27,21.0,68.57,11.25,25.0
11675,2016-12-27,22.0,47.5,5.0,20.0
11679,2016-12-28,8.0,65.0,10.0,
11680,2016-12-28,9.0,86.25,23.75,40.0
11681,2016-12-28,10.0,103.12,50.0,
11682,2016-12-28,11.0,108.0,48.57,
11683,2016-12-28,12.0,120.0,52.86,
11684,2016-12-28,13.0,151.43,62.14,45.0
11685,2016-12-28,14.0,148.75,71.43,110.0
11686,2016-12-28,15.0,141.25,62.5,113.89
11687,2016-12-28,16.0,125.0,58.75,117.86
11688,2016-12-28,17.0,133.75,64.38,140.0
11689,2016-12-28,18.0,141.43,72.86,128.57
11690,2016-12-28,19.0,128.89,56.67,103.89
11691,2016-12-28,20.0,120.0,27.14,70.71
11692,2016-12-28,21.0,63.75,20.62,35.0
11693,2016-12-28,22.0,74.29,13.75,40.0
11696,2016-12-29,8.0,49.0,5.0,13.33
11697,2016-12-29,9.0,67.14,17.86,27.86
11698,2016-12-29,10.0,98.75,39.29,49.29
11699,2016-12-29,11.0,115.71,43.33,84.29
11700,2016-12-29,12.0,120.0,51.43,74.0
11701,2016-12-29,13.0,125.0,53.12,78.12
11702,2016-12-29,14.0,110.0,56.88,97.5
11703,2016-12-29,15.0,120.0,59.29,85.0
11704,2016-12-29,16.0,132.5,61.88,75.0
11705,2016-12-29,17.0,145.71,50.0,77.86
11706,2016-12-29,18.0,124.29,44.29,74.29
11707,2016-12-29,19.0,77.78,45.62,61.88
11708,2016-12-29,20.0,82.5,22.78,36.25
11709,2016-12-29,21.0,51.67,8.33,24.17
11710,2016-12-29,22.0,67.14,5.71,15.0
11713,2016-12-30,8.0,68.75,5.0,5.0
11714,2016-12-30,9.0,80.0,10.0,6.25
11715,2016-12-30,10.0,98.75,43.33,10.83
11716,2016-12-30,11.0,122.86,48.12,25.0
11717,2016-12-30,12.0,142.5,43.75,25.62
11718,2016-12-30,13.0,160.0,60.0,32.14
11719,2016-12-30,14.0,192.22,71.25,39.38
11720,2016-12-30,15.0,192.86,68.57,19.38
11721,2016-12-30,16.0,127.78,46.67,25.62
11722,2016-12-30,17.0,90.0,66.43,21.43
11723,2016-12-30,18.0,140.0,62.5,13.75
11724,2016-12-30,19.0,145.71,32.14,10.0
11725,2016-12-30,20.0,101.25,37.5,5.0
11726,2016-12-30,21.0,61.88,33.12,5.0
11727,2016-12-30,22.0,100.0,35.0,5.0
11732,2016-12-31,8.0,55.0,10.71,5.0
11733,2016-12-31,9.0,92.0,38.89,11.25
11734,2016-12-31,10.0,116.67,37.5,40.83
11735,2016-12-31,11.0,150.0,51.43,96.43
11736,2016-12-31,12.0,180.0,67.14,81.43
11737,2016-12-31,13.0,180.0,68.12,114.17
11738,2016-12-31,14.0,164.29,79.38,101.25
11739,2016-12-31,15.0,186.67,70.45,105.0
11740,2016-12-31,16.0,220.0,67.5,114.38
11741,2016-12-31,17.0,210.0,63.12,110.0
11742,2016-12-31,18.0,217.5,72.5,136.88
11743,2016-12-31,19.0,141.43,50.0,89.29
11744,2016-12-31,20.0,132.5,38.5,35.62
11745,2016-12-31,21.0,140.0,33.89,40.0
11746,2016-12-31,22.0,126.67,22.86,30.0
11751,2017-01-01,9.0,52.5,5.0,5.0
11752,2017-01-01,10.0,74.5,6.43,11.25
11753,2017-01-01,11.0,80.0,16.5,34.44
11754,2017-01-01,12.0,98.64,24.38,46.88
11755,2017-01-01,13.0,116.67,28.89,50.0
11756,2017-01-01,14.0,128.75,36.88,62.5
11757,2017-01-01,15.0,88.33,26.67,35.71
11758,2017-01-01,16.0,98.57,33.57,58.12
11759,2017-01-01,17.0,110.0,37.5,60.0
11760,2017-01-01,18.0,98.75,31.88,35.0
11761,2017-01-01,19.0,87.14,25.0,37.14
11762,2017-01-01,20.0,96.25,17.5,32.5
11763,2017-01-01,21.0,52.0,12.5,10.62
11764,2017-01-01,22.0,60.0,15.62,21.25
11766,2017-01-02,8.0,40.71,5.0,5.0
11767,2017-01-02,9.0,48.75,5.0,12.22
11768,2017-01-02,10.0,90.0,20.0,35.71
11769,2017-01-02,11.0,102.86,42.14,47.14
11770,2017-01-02,12.0,103.75,47.86,77.14
11771,2017-01-02,13.0,115.0,46.88,83.12
11772,2017-01-02,14.0,141.25,48.75,73.75
11773,2017-01-02,15.0,122.5,45.0,63.75
11774,2017-01-02,16.0,100.0,48.0,81.25
11775,2017-01-02,17.0,98.75,47.5,74.38
11776,2017-01-02,18.0,105.56,43.12,58.12
11777,2017-01-02,19.0,100.0,32.5,50.0
11778,2017-01-02,20.0,114.29,20.0,46.43
11779,2017-01-02,21.0,40.0,11.43,23.57
11780,2017-01-02,22.0,70.0,21.88,36.88
11783,2017-01-03,9.0,77.0,15.0,
11784,2017-01-03,10.0,92.5,35.83,
11785,2017-01-03,11.0,113.75,39.44,60.0
11786,2017-01-03,12.0,133.33,47.22,61.88
11787,2017-01-03,13.0,150.0,52.14,98.75
11788,2017-01-03,14.0,142.5,49.38,113.75
11789,2017-01-03,15.0,141.43,47.14,115.71
11790,2017-01-03,16.0,118.33,46.67,123.33
11791,2017-01-03,17.0,143.75,46.25,120.0
11792,2017-01-03,18.0,157.5,45.56,100.0
11793,2017-01-03,19.0,138.33,30.83,50.83
11794,2017-01-03,20.0,67.5,10.0,38.75
11795,2017-01-03,21.0,71.25,10.0,42.86
11797,2017-01-04,9.0,102.78,9.09,16.88
11798,2017-01-04,10.0,93.89,44.29,42.86
11799,2017-01-04,11.0,102.78,54.38,47.5
11800,2017-01-04,12.0,112.86,50.0,80.71
11801,2017-01-04,13.0,140.0,55.83,98.33
11802,2017-01-04,14.0,152.86,53.33,63.33
11803,2017-01-04,15.0,155.0,55.62,75.62
11804,2017-01-04,16.0,155.71,63.57,125.0
11805,2017-01-04,17.0,138.0,54.17,98.33
11806,2017-01-04,18.0,147.5,58.12,82.5
11807,2017-01-04,19.0,151.43,40.0,43.57
11808,2017-01-04,20.0,86.67,,36.43
11809,2017-01-04,21.0,102.5,35.0,33.57
11813,2017-01-05,9.0,88.75,7.86,7.86
11814,2017-01-05,10.0,91.25,35.56,31.88
11815,2017-01-05,11.0,90.45,40.0,50.62
11816,2017-01-05,12.0,116.88,42.5,52.14
11817,2017-01-05,13.0,116.25,44.17,74.17
11818,2017-01-05,14.0,154.0,65.0,77.5
11819,2017-01-05,15.0,165.71,,
11820,2017-01-05,16.0,168.89,46.88,59.38
11821,2017-01-05,17.0,101.0,58.12,83.75
11822,2017-01-05,18.0,123.12,53.5,77.5
11823,2017-01-05,19.0,130.0,52.78,85.0
11824,2017-01-05,20.0,135.0,35.56,39.38
11825,2017-01-05,21.0,60.0,11.88,15.0
11826,2017-01-05,22.0,66.67,18.75,10.62
11828,2017-01-06,9.0,80.0,25.45,12.78
11829,2017-01-06,10.0,86.67,32.5,43.57
11830,2017-01-06,11.0,95.0,41.67,50.71
11831,2017-01-06,12.0,102.5,51.82,78.75
11832,2017-01-06,13.0,108.33,58.75,72.5
11833,2017-01-06,14.0,127.78,43.33,65.0
11834,2017-01-06,15.0,135.56,44.38,56.25
11835,2017-01-06,16.0,141.25,41.88,92.5
11836,2017-01-06,17.0,121.25,47.22,79.38
11837,2017-01-06,18.0,77.5,35.62,50.0
11838,2017-01-06,19.0,101.25,19.5,45.0
11839,2017-01-06,20.0,103.75,15.0,28.12
11840,2017-01-06,21.0,50.0,10.0,16.88
11841,2017-01-06,22.0,57.78,10.0,9.38
11843,2017-01-07,9.0,40.91,5.0,
11844,2017-01-07,10.0,61.25,11.43,20.62
11845,2017-01-07,11.0,58.89,16.5,34.38
11846,2017-01-07,12.0,63.33,28.75,15.0
11847,2017-01-07,13.0,86.25,23.0,11.25
11848,2017-01-07,14.0,65.71,31.43,11.88
11849,2017-01-07,15.0,84.29,30.0,8.57
11850,2017-01-07,16.0,103.0,32.0,5.0
11851,2017-01-07,17.0,75.0,31.67,5.62
11852,2017-01-07,18.0,58.33,40.71,10.0
11853,2017-01-07,19.0,63.75,27.5,10.0
11854,2017-01-07,20.0,43.75,18.5,6.67
11855,2017-01-07,21.0,52.0,5.62,5.0
11856,2017-01-07,22.0,54.0,5.0,5.0
11866,2017-01-08,9.0,,5.0,5.0
11867,2017-01-08,10.0,,16.67,9.0
11868,2017-01-08,11.0,,40.0,8.0
11858,2017-01-08,12.0,96.67,43.12,6.88
11859,2017-01-08,13.0,138.75,39.38,8.12
11860,2017-01-08,14.0,138.89,44.29,7.5
11861,2017-01-08,15.0,125.0,37.5,7.5
11862,2017-01-08,16.0,86.88,45.0,6.67
11863,2017-01-08,17.0,115.56,39.38,5.0
11864,2017-01-08,18.0,109.44,30.0,5.0
11865,2017-01-08,19.0,36.67,15.71,5.0
11870,2017-01-09,9.0,37.5,6.11,5.0
11880,2017-01-09,10.0,,16.0,11.0
11871,2017-01-09,11.0,120.0,,26.25
11872,2017-01-09,12.0,120.0,26.25,50.71
11873,2017-01-09,13.0,120.0,53.64,43.89
11874,2017-01-09,14.0,142.5,47.5,42.5
11875,2017-01-09,15.0,156.0,29.38,23.75
11876,2017-01-09,16.0,140.0,44.29,21.43
11877,2017-01-09,17.0,100.0,33.33,18.75
11878,2017-01-09,18.0,58.75,28.75,11.88
11879,2017-01-09,19.0,84.29,17.14,5.0
11882,2017-01-10,9.0,52.14,5.0,5.0
11883,2017-01-10,10.0,77.5,13.5,19.44
11884,2017-01-10,11.0,116.0,36.0,60.0
11885,2017-01-10,12.0,120.0,38.12,71.43
11886,2017-01-10,13.0,73.75,34.17,59.29
11887,2017-01-10,14.0,71.43,27.14,33.57
11888,2017-01-10,15.0,87.78,32.5,30.62
11889,2017-01-10,16.0,97.5,37.5,26.88
11890,2017-01-10,17.0,101.43,34.29,16.43
11891,2017-01-10,18.0,77.14,19.29,13.57
11892,2017-01-10,19.0,50.0,5.0,5.0
11894,2017-01-11,9.0,61.88,7.22,5.0
11895,2017-01-11,10.0,75.0,27.86,22.73
11896,2017-01-11,11.0,105.62,40.0,41.36
11897,2017-01-11,12.0,100.0,38.0,76.25
11898,2017-01-11,13.0,90.0,53.12,70.56
11899,2017-01-11,14.0,87.14,43.57,48.57
11900,2017-01-11,15.0,91.43,37.5,38.12
11901,2017-01-11,16.0,108.57,31.43,35.62
11902,2017-01-11,17.0,114.0,37.0,27.0
11903,2017-01-11,18.0,67.5,28.75,34.38
11904,2017-01-11,19.0,72.5,12.22,8.75
11908,2017-01-12,9.0,81.43,10.0,7.5
11909,2017-01-12,10.0,87.5,23.75,16.88
11910,2017-01-12,11.0,48.0,33.75,31.11
11911,2017-01-12,12.0,67.14,25.83,36.67
11912,2017-01-12,13.0,90.0,22.86,34.29
11913,2017-01-12,14.0,78.57,18.12,25.62
11914,2017-01-12,15.0,56.67,18.33,35.0
11915,2017-01-12,16.0,81.25,29.38,33.75
11916,2017-01-12,17.0,93.75,19.38,27.5
11917,2017-01-12,18.0,50.0,10.5,21.5
11918,2017-01-12,19.0,62.5,10.0,10.62
11920,2017-01-13,9.0,90.0,20.0,9.38
11921,2017-01-13,10.0,78.33,32.5,37.5
11922,2017-01-13,11.0,77.78,39.5,54.44
11923,2017-01-13,12.0,100.0,35.0,48.33
11924,2017-01-13,13.0,127.5,37.78,54.38
11925,2017-01-13,14.0,108.75,42.5,50.0
11926,2017-01-13,15.0,78.75,36.88,34.38
11927,2017-01-13,16.0,94.44,45.0,45.56
11928,2017-01-13,17.0,104.29,25.0,37.5
11929,2017-01-13,18.0,62.86,23.12,
11930,2017-01-13,19.0,76.67,11.25,13.75
11931,2017-01-13,20.0,78.33,6.67,15.0
11932,2017-01-13,21.0,57.78,14.29,10.0
11933,2017-01-13,22.0,56.0,5.0,10.0
11935,2017-01-14,9.0,58.5,5.0,5.0
11936,2017-01-14,10.0,75.0,27.5,
11937,2017-01-14,11.0,107.14,40.0,40.0
11938,2017-01-14,12.0,114.29,44.17,60.0
11939,2017-01-14,13.0,96.67,46.67,56.67
11940,2017-01-14,14.0,87.86,48.75,49.29
11941,2017-01-14,15.0,118.75,35.71,50.0
11942,2017-01-14,16.0,150.0,53.33,65.56
11943,2017-01-14,17.0,166.25,50.62,54.38
11944,2017-01-14,18.0,136.67,43.33,50.71
11945,2017-01-14,19.0,80.0,33.33,60.0
11946,2017-01-14,20.0,98.75,,31.67
11947,2017-01-14,21.0,78.89,21.25,16.0
11948,2017-01-14,22.0,71.11,29.5,17.78
11949,2017-01-15,9.0,70.0,11.67,6.67
11950,2017-01-15,10.0,90.0,35.62,35.0
11951,2017-01-15,11.0,77.5,40.0,50.0
11952,2017-01-15,12.0,102.5,54.29,66.67
11953,2017-01-15,13.0,130.0,60.0,77.86
11954,2017-01-15,14.0,151.25,60.62,65.0
11955,2017-01-15,15.0,162.22,46.67,67.5
11956,2017-01-15,16.0,134.44,59.5,83.89
11957,2017-01-15,17.0,106.0,52.78,61.11
11958,2017-01-15,18.0,98.89,52.0,63.12
11959,2017-01-15,19.0,105.0,30.62,53.75
11960,2017-01-15,20.0,120.0,41.67,24.29
11961,2017-01-15,21.0,100.0,26.67,41.0
11962,2017-01-15,22.0,68.89,20.0,23.33
11964,2017-01-16,9.0,65.0,12.5,10.0
11965,2017-01-16,10.0,70.45,20.0,22.22
11966,2017-01-16,11.0,87.5,44.17,42.14
11967,2017-01-16,12.0,128.89,46.0,37.78
11968,2017-01-16,13.0,117.78,38.12,51.25
11969,2017-01-16,14.0,100.0,42.5,53.75
11970,2017-01-16,15.0,91.43,37.5,45.71
11971,2017-01-16,16.0,100.0,38.89,37.78
11972,2017-01-16,17.0,97.5,28.75,37.86
11973,2017-01-16,18.0,77.14,19.44,22.14
11974,2017-01-16,19.0,54.0,15.5,10.56
11975,2017-01-16,20.0,83.33,7.5,5.0
11976,2017-01-16,21.0,54.29,5.0,7.14
11978,2017-01-17,9.0,60.0,7.86,5.0
11979,2017-01-17,10.0,77.78,27.5,31.67
11980,2017-01-17,11.0,93.75,41.11,55.62
11981,2017-01-17,12.0,80.0,35.0,59.17
11982,2017-01-17,13.0,95.0,31.88,58.12
11983,2017-01-17,14.0,110.0,28.12,56.88
11984,2017-01-17,15.0,95.0,27.86,60.71
11985,2017-01-17,16.0,92.86,25.71,40.71
11986,2017-01-17,17.0,90.0,13.75,47.5
11987,2017-01-17,18.0,146.67,5.0,40.0
11988,2017-01-17,19.0,104.38,5.0,27.14
11989,2017-01-17,20.0,38.75,5.0,5.0
11990,2017-01-18,9.0,81.67,6.88,6.25
11991,2017-01-18,10.0,81.25,18.12,28.75
11992,2017-01-18,11.0,68.89,30.62,38.0
11993,2017-01-18,12.0,73.12,25.56,48.12
11994,2017-01-18,13.0,90.0,20.71,41.43
11995,2017-01-18,14.0,82.5,16.67,42.78
11996,2017-01-18,15.0,65.71,26.43,38.57
11997,2017-01-18,16.0,72.86,20.71,48.57
11998,2017-01-18,17.0,85.56,21.0,49.44
11999,2017-01-18,18.0,70.0,10.56,37.78
12000,2017-01-18,19.0,67.14,7.86,14.29
12004,2017-01-19,9.0,58.57,8.75,5.0
12005,2017-01-19,10.0,71.43,42.14,25.0
12006,2017-01-19,11.0,90.0,25.0,39.0
12007,2017-01-19,12.0,73.75,23.75,65.0
12008,2017-01-19,13.0,73.75,11.43,50.71
12009,2017-01-19,14.0,75.71,15.71,29.29
12010,2017-01-19,15.0,55.0,10.83,28.57
12011,2017-01-19,16.0,71.25,15.62,33.75
12012,2017-01-19,17.0,97.5,12.5,35.62
12013,2017-01-19,18.0,80.0,6.43,40.0
12014,2017-01-19,19.0,41.88,5.0,11.88
12016,2017-01-20,9.0,58.0,14.29,15.0
12017,2017-01-20,10.0,70.0,22.5,38.89
12018,2017-01-20,11.0,92.0,34.0,42.5
12019,2017-01-20,12.0,88.33,24.17,38.33
12020,2017-01-20,13.0,85.56,29.38,46.67
12021,2017-01-20,14.0,80.0,22.5,37.5
12022,2017-01-20,15.0,80.0,20.0,35.0
12023,2017-01-20,16.0,75.0,20.0,38.75
12024,2017-01-20,17.0,86.67,12.5,32.5
12025,2017-01-20,18.0,83.75,17.5,26.88
12026,2017-01-20,19.0,68.33,23.33,6.67
12027,2017-01-20,20.0,40.0,10.83,9.17
12029,2017-01-21,9.0,52.5,7.86,7.0
12030,2017-01-21,10.0,78.12,27.78,27.5
12031,2017-01-21,11.0,110.0,40.0,46.67
12032,2017-01-21,12.0,120.0,45.0,51.67
12033,2017-01-21,13.0,113.33,46.25,61.67
12034,2017-01-21,14.0,115.0,45.0,71.67
12035,2017-01-21,15.0,116.67,45.0,56.67
12036,2017-01-21,16.0,130.0,41.25,78.33
12037,2017-01-21,17.0,131.11,50.62,71.11
12038,2017-01-21,18.0,168.33,49.17,60.83
12039,2017-01-21,19.0,142.86,34.38,47.14
12040,2017-01-21,20.0,52.86,40.0,37.14
12041,2017-01-21,21.0,68.75,30.45,35.0
12042,2017-01-21,22.0,85.71,13.57,21.43
12044,2017-01-22,9.0,63.5,9.44,9.38
12045,2017-01-22,10.0,79.09,12.22,15.5
12046,2017-01-22,11.0,70.0,18.0,32.0
12047,2017-01-22,12.0,47.5,18.75,23.75
12048,2017-01-22,13.0,90.0,15.0,26.25
12049,2017-01-22,14.0,105.0,15.0,21.0
12050,2017-01-22,16.0,62.0,11.0,9.0
12051,2017-01-22,17.0,78.5,5.0,9.44
12052,2017-01-22,18.0,34.44,5.0,5.0
12055,2017-01-22,19.0,,5.0,5.0
12053,2017-01-22,20.0,13.33,5.0,5.0
12054,2017-01-22,21.0,20.0,5.0,5.0
12056,2017-01-23,9.0,36.43,5.0,5.0
12057,2017-01-23,10.0,66.43,18.33,5.83
12058,2017-01-23,11.0,105.5,17.78,18.89
12059,2017-01-23,12.0,75.71,20.71,18.57
12060,2017-01-23,13.0,70.0,26.0,22.0
12061,2017-01-23,14.0,100.0,51.25,30.0
12062,2017-01-23,15.0,90.62,16.25,17.5
12063,2017-01-23,16.0,80.0,17.86,19.29
12064,2017-01-23,17.0,81.25,11.25,5.56
12065,2017-01-23,18.0,71.43,8.75,5.0
12066,2017-01-23,19.0,37.14,5.0,5.0
12068,2017-01-24,9.0,69.38,5.71,5.62
12069,2017-01-24,10.0,67.78,39.09,5.0
12070,2017-01-24,11.0,77.0,32.86,29.29
12071,2017-01-24,12.0,96.67,35.56,66.0
12072,2017-01-24,13.0,107.5,30.0,62.5
12073,2017-01-24,14.0,74.17,26.43,51.67
12074,2017-01-24,15.0,59.29,19.17,42.86
12075,2017-01-24,16.0,85.0,30.0,50.0
12076,2017-01-24,17.0,88.0,21.0,42.0
12077,2017-01-24,18.0,57.5,15.0,30.0
12078,2017-01-24,19.0,58.75,5.0,
12079,2017-01-24,20.0,43.57,5.0,10.0
12081,2017-01-25,9.0,60.0,5.83,5.0
12082,2017-01-25,10.0,65.45,12.5,22.27
12083,2017-01-25,11.0,88.89,21.67,30.56
12084,2017-01-25,12.0,91.25,28.12,45.0
12085,2017-01-25,13.0,81.43,32.14,41.67
12086,2017-01-25,14.0,95.0,32.5,47.5
12087,2017-01-25,15.0,113.33,11.67,30.0
12088,2017-01-25,16.0,97.5,20.0,67.5
12089,2017-01-25,17.0,83.75,23.12,48.12
12090,2017-01-25,18.0,86.36,14.09,43.5
12091,2017-01-25,19.0,72.22,8.89,8.12
12095,2017-01-26,9.0,52.5,6.67,5.0
12105,2017-01-26,10.0,,15.0,5.0
12096,2017-01-26,11.0,70.0,,32.5
12097,2017-01-26,12.0,80.0,25.0,40.0
12098,2017-01-26,13.0,90.0,20.0,40.0
12099,2017-01-26,14.0,105.0,18.33,36.67
12100,2017-01-26,15.0,102.5,15.0,31.67
12101,2017-01-26,16.0,100.0,20.0,25.0
12102,2017-01-26,17.0,110.0,15.0,47.5
12103,2017-01-26,18.0,66.67,10.0,33.75
12104,2017-01-26,19.0,40.0,10.0,17.5
12107,2017-01-27,9.0,60.0,12.0,10.0
12108,2017-01-27,10.0,70.0,10.0,15.0
12109,2017-01-27,11.0,86.25,28.89,12.78
12110,2017-01-27,12.0,82.5,27.5,15.0
12111,2017-01-27,13.0,85.0,21.88,15.0
12112,2017-01-27,14.0,97.14,22.5,17.86
12113,2017-01-27,15.0,90.0,20.0,16.67
12114,2017-01-27,16.0,80.0,31.25,21.25
12115,2017-01-27,17.0,102.86,23.57,10.0
12116,2017-01-27,18.0,108.0,13.33,5.0
12117,2017-01-27,19.0,55.56,7.5,8.75
12118,2017-01-27,20.0,37.5,5.0,18.12
12132,2017-01-28,8.0,,10.0,9.38
12120,2017-01-28,9.0,60.0,8.33,6.11
12133,2017-01-28,10.0,,24.29,5.0
12121,2017-01-28,11.0,90.0,35.0,10.0
12134,2017-01-28,12.0,,38.12,26.43
12122,2017-01-28,13.0,90.0,42.86,13.75
12123,2017-01-28,14.0,111.43,40.0,14.17
12124,2017-01-28,15.0,140.0,37.5,17.5
12125,2017-01-28,17.0,213.33,40.0,20.0
12126,2017-01-28,18.0,215.0,40.0,5.0
12127,2017-01-28,19.0,90.0,27.5,5.0
12128,2017-01-28,20.0,70.0,,5.0
12129,2017-01-28,21.0,72.86,18.33,5.0
12130,2017-01-28,22.0,70.0,12.86,5.0
12136,2017-01-29,9.0,32.5,9.17,5.0
12137,2017-01-29,10.0,56.88,13.89,5.0
12138,2017-01-29,11.0,57.14,10.0,5.0
12139,2017-01-29,12.0,51.25,10.0,5.0
12140,2017-01-29,13.0,60.0,10.0,5.0
12141,2017-01-29,14.0,63.33,15.0,5.0
12142,2017-01-29,15.0,76.67,16.67,6.25
12143,2017-01-29,16.0,62.0,17.5,6.25
12144,2017-01-29,17.0,63.33,13.33,5.0
12145,2017-01-29,18.0,50.0,8.33,5.0
12146,2017-01-29,19.0,55.71,5.0,5.0
12147,2017-01-29,20.0,45.71,7.14,5.0
12148,2017-01-29,21.0,40.0,6.67,5.0
12149,2017-01-29,22.0,30.62,5.0,5.0
12151,2017-01-30,9.0,37.5,5.0,5.0
12152,2017-01-30,10.0,63.33,10.0,5.62
12153,2017-01-30,11.0,97.78,18.5,16.11
12154,2017-01-30,12.0,75.0,22.5,22.78
12155,2017-01-30,13.0,63.33,27.14,29.17
12156,2017-01-30,14.0,86.67,28.33,11.67
12157,2017-01-30,15.0,110.0,15.0,15.0
12158,2017-01-30,16.0,117.5,21.67,23.0
12159,2017-01-30,17.0,96.67,18.33,14.17
12160,2017-01-30,18.0,53.33,10.0,6.11
12161,2017-01-30,19.0,65.0,6.88,5.0
12162,2017-01-30,20.0,31.25,5.0,5.0
12165,2017-01-31,9.0,60.0,6.5,5.0
12166,2017-01-31,10.0,71.82,11.11,5.0
12167,2017-01-31,11.0,98.75,14.5,25.0
12168,2017-01-31,12.0,100.0,12.86,40.62
12169,2017-01-31,13.0,68.89,17.78,24.0
12170,2017-01-31,14.0,66.43,18.57,29.29
12171,2017-01-31,15.0,87.78,11.25,20.0
12172,2017-01-31,16.0,107.78,12.22,21.88
12173,2017-01-31,17.0,111.11,6.11,16.11
12174,2017-01-31,18.0,63.75,5.0,13.75
12175,2017-01-31,19.0,56.11,5.0,5.0
12176,2017-02-01,9.0,56.0,6.43,6.0
12177,2017-02-01,10.0,53.75,16.11,12.27
12178,2017-02-01,11.0,67.27,22.0,28.18
12179,2017-02-01,12.0,75.0,15.0,31.11
12180,2017-02-01,13.0,67.14,26.25,30.71
12181,2017-02-01,14.0,61.25,20.71,32.14
12182,2017-02-01,15.0,65.56,11.67,36.11
12183,2017-02-01,16.0,72.86,15.0,25.0
12184,2017-02-01,17.0,87.14,15.0,
12185,2017-02-01,18.0,53.75,6.11,8.33
12186,2017-02-01,19.0,46.67,5.0,7.22
12190,2017-02-02,9.0,39.38,8.57,5.71
12191,2017-02-02,10.0,67.86,9.58,16.67
12192,2017-02-02,11.0,77.5,18.75,49.29
12193,2017-02-02,12.0,62.5,26.25,30.0
12194,2017-02-02,13.0,68.0,17.78,38.75
12195,2017-02-02,14.0,86.25,16.25,31.25
12196,2017-02-02,15.0,64.44,15.0,25.0
12197,2017-02-02,16.0,67.0,17.78,28.89
12198,2017-02-02,17.0,73.5,13.89,32.22
12199,2017-02-02,18.0,90.0,6.11,28.89
12200,2017-02-02,19.0,74.44,5.5,11.11
12203,2017-02-03,9.0,51.11,13.75,6.36
12204,2017-02-03,10.0,72.78,23.75,23.89
12205,2017-02-03,11.0,101.11,33.33,42.78
12206,2017-02-03,12.0,76.67,32.22,44.44
12207,2017-02-03,13.0,70.0,38.12,53.75
12208,2017-02-03,14.0,101.25,27.5,48.89
12209,2017-02-03,15.0,107.78,18.89,43.33
12210,2017-02-03,16.0,77.78,31.11,51.11
12211,2017-02-03,17.0,78.57,35.71,54.29
12212,2017-02-03,18.0,72.0,19.38,30.62
12213,2017-02-03,19.0,53.75,12.22,15.0
12214,2017-02-03,20.0,53.33,8.12,8.75
12215,2017-02-03,21.0,57.78,5.0,5.0
12218,2017-02-04,9.0,56.67,9.29,5.71
12219,2017-02-04,10.0,60.0,25.0,11.0
12220,2017-02-04,11.0,79.17,,27.14
12221,2017-02-04,12.0,93.89,24.38,40.5
12222,2017-02-04,13.0,116.67,56.0,46.67
12223,2017-02-04,14.0,153.33,56.25,52.5
12224,2017-02-04,15.0,154.29,33.57,48.57
12225,2017-02-04,16.0,107.14,57.86,51.43
12226,2017-02-04,17.0,98.75,45.62,46.25
12227,2017-02-04,18.0,111.25,41.25,41.88
12228,2017-02-04,19.0,95.0,40.0,18.12
12229,2017-02-04,20.0,72.5,23.75,5.62
12230,2017-02-04,21.0,69.44,15.0,5.5
12231,2017-02-04,22.0,70.0,15.62,5.0
12233,2017-02-05,9.0,43.12,10.83,7.86
12234,2017-02-05,10.0,65.0,15.56,17.5
12235,2017-02-05,11.0,108.75,25.62,21.25
12236,2017-02-05,12.0,122.22,32.5,34.44
12237,2017-02-05,13.0,78.75,42.5,66.25
12238,2017-02-05,14.0,60.0,29.38,45.42
12239,2017-02-05,15.0,91.43,17.78,34.29
12240,2017-02-05,16.0,115.0,33.89,43.12
12241,2017-02-05,17.0,61.25,28.75,31.67
12242,2017-02-05,18.0,52.86,11.43,10.0
12243,2017-02-05,19.0,77.5,7.5,
12244,2017-02-05,20.0,30.0,5.71,5.0
12245,2017-02-05,21.0,48.89,5.0,5.0
12246,2017-02-06,9.0,46.88,7.5,5.0
12247,2017-02-06,10.0,75.0,21.25,11.11
12248,2017-02-06,11.0,114.29,42.14,
12249,2017-02-06,12.0,72.5,41.88,67.5
12250,2017-02-06,13.0,68.75,36.88,42.22
12251,2017-02-06,14.0,91.25,30.0,56.88
12252,2017-02-06,15.0,103.75,21.25,53.12
12253,2017-02-06,16.0,95.71,33.75,41.43
12254,2017-02-06,17.0,92.86,22.14,42.14
12255,2017-02-06,18.0,93.33,12.5,31.25
12256,2017-02-06,19.0,70.0,5.0,15.62
12257,2017-02-06,20.0,25.71,5.0,6.25
12259,2017-02-07,9.0,69.38,5.0,5.0
12260,2017-02-07,10.0,75.0,11.88,17.14
12261,2017-02-07,11.0,62.86,26.67,35.0
12262,2017-02-07,12.0,70.0,30.0,45.56
12263,2017-02-07,13.0,93.33,23.75,36.67
12264,2017-02-07,14.0,111.25,20.0,23.0
12265,2017-02-07,15.0,111.11,12.5,30.71
12266,2017-02-07,16.0,55.0,28.75,28.75
12267,2017-02-07,17.0,63.12,17.86,20.0
12268,2017-02-07,18.0,87.78,11.0,16.67
12269,2017-02-07,19.0,65.0,5.0,11.67
12271,2017-02-08,9.0,65.62,10.71,10.0
12272,2017-02-08,10.0,67.0,27.22,14.38
12273,2017-02-08,11.0,77.78,28.75,28.33
12274,2017-02-08,12.0,65.56,40.91,38.33
12275,2017-02-08,13.0,90.0,23.57,36.43
12276,2017-02-08,14.0,100.0,26.25,28.75
12277,2017-02-08,15.0,57.5,28.57,31.88
12278,2017-02-08,16.0,57.5,29.44,35.62
12279,2017-02-08,17.0,93.75,28.12,48.75
12280,2017-02-08,18.0,78.57,15.0,27.5
12281,2017-02-08,19.0,36.0,6.67,16.11
12286,2017-02-09,9.0,55.0,5.0,5.0
12287,2017-02-09,10.0,63.75,16.0,18.12
12288,2017-02-09,11.0,81.43,20.62,28.12
12289,2017-02-09,12.0,47.14,15.0,30.71
12290,2017-02-09,13.0,66.25,10.62,26.88
12291,2017-02-09,14.0,75.71,18.57,40.0
12292,2017-02-09,15.0,62.5,15.0,30.0
12293,2017-02-09,16.0,70.0,20.0,35.0
12294,2017-02-09,17.0,66.25,18.12,43.12
12295,2017-02-09,18.0,54.44,13.33,31.67
12296,2017-02-09,19.0,45.0,5.0,6.88
12299,2017-02-10,9.0,48.75,9.38,5.62
12300,2017-02-10,10.0,71.11,15.56,8.33
12301,2017-02-10,11.0,82.22,26.11,25.0
12302,2017-02-10,12.0,73.33,35.56,37.0
12303,2017-02-10,13.0,78.75,30.62,48.12
12304,2017-02-10,14.0,103.75,33.33,40.0
12305,2017-02-10,15.0,111.25,25.0,33.12
12306,2017-02-10,16.0,82.5,37.5,48.75
12307,2017-02-10,17.0,68.75,33.75,43.75
12308,2017-02-10,18.0,94.29,22.78,19.38
12309,2017-02-10,19.0,105.62,18.12,8.12
12310,2017-02-10,20.0,47.78,10.0,8.75
12311,2017-02-10,21.0,55.0,15.62,10.0
12313,2017-02-11,9.0,82.14,12.14,10.0
12314,2017-02-11,10.0,68.75,13.75,18.12
12315,2017-02-11,11.0,57.5,31.25,25.56
12316,2017-02-11,12.0,72.78,34.0,48.5
12317,2017-02-11,13.0,105.0,37.5,48.75
12318,2017-02-11,14.0,140.0,43.12,53.75
12319,2017-02-11,15.0,131.25,43.12,59.44
12320,2017-02-11,16.0,66.25,46.11,62.5
12321,2017-02-11,17.0,87.14,42.14,65.0
12322,2017-02-11,18.0,125.0,38.12,58.12
12323,2017-02-11,19.0,153.75,36.88,25.0
12324,2017-02-11,20.0,52.5,24.44,26.25
12325,2017-02-11,21.0,62.22,15.0,7.78
12326,2017-02-11,22.0,80.0,11.11,8.89
12328,2017-02-12,9.0,43.12,10.62,8.33
12329,2017-02-12,10.0,70.0,15.0,23.33
12330,2017-02-12,11.0,95.62,26.11,26.11
12331,2017-02-12,12.0,91.25,33.75,57.86
12332,2017-02-12,13.0,58.75,37.14,49.29
12333,2017-02-12,14.0,84.38,28.57,40.71
12334,2017-02-12,15.0,90.0,21.67,35.0
12335,2017-02-12,16.0,65.71,26.88,38.5
12336,2017-02-12,17.0,80.0,28.12,35.56
12337,2017-02-12,18.0,73.75,11.88,18.33
12338,2017-02-12,19.0,41.88,10.0,10.0
12339,2017-02-12,20.0,41.43,6.88,5.62
12340,2017-02-12,21.0,40.91,5.0,5.0
12342,2017-02-13,9.0,39.38,11.25,
12343,2017-02-13,10.0,71.25,28.12,21.88
12344,2017-02-13,11.0,95.0,32.5,44.44
12345,2017-02-13,12.0,100.0,34.38,51.88
12346,2017-02-13,13.0,93.75,37.22,52.22
12347,2017-02-13,14.0,103.75,35.0,40.0
12348,2017-02-13,15.0,120.0,31.25,36.88
12349,2017-02-13,16.0,76.25,30.62,41.88
12350,2017-02-13,17.0,86.67,28.33,27.22
12351,2017-02-13,18.0,104.29,18.12,23.12
12352,2017-02-13,19.0,75.56,8.33,17.78
12353,2017-02-13,20.0,45.62,5.0,5.62
12355,2017-02-14,9.0,45.0,5.0,5.0
12356,2017-02-14,10.0,82.78,15.56,14.44
12357,2017-02-14,11.0,90.0,26.25,33.89
12358,2017-02-14,12.0,73.75,43.75,41.5
12359,2017-02-14,13.0,83.75,36.25,55.0
12360,2017-02-14,14.0,81.25,37.5,
12361,2017-02-14,15.0,77.5,18.89,36.67
12362,2017-02-14,16.0,90.0,24.38,41.88
12363,2017-02-14,17.0,102.22,23.89,37.22
12364,2017-02-14,18.0,47.5,17.22,24.38
12365,2017-02-14,19.0,56.0,6.11,15.56
12367,2017-02-15,9.0,78.0,6.11,5.0
12368,2017-02-15,10.0,74.38,17.5,7.0
12369,2017-02-15,11.0,56.88,36.5,17.5
12370,2017-02-15,12.0,67.78,31.88,42.78
12371,2017-02-15,13.0,88.57,29.17,40.0
12372,2017-02-15,14.0,96.25,22.5,37.5
12373,2017-02-15,15.0,62.22,25.0,30.56
12374,2017-02-15,16.0,78.12,28.12,27.22
12375,2017-02-15,17.0,108.89,18.33,23.33
12376,2017-02-15,18.0,110.0,11.67,26.0
12377,2017-02-15,19.0,36.25,8.75,8.75
12380,2017-02-16,9.0,47.78,9.38,5.56
12381,2017-02-16,10.0,69.38,38.75,21.67
12382,2017-02-16,11.0,107.5,45.0,35.0
12383,2017-02-16,12.0,115.0,46.25,46.88
12384,2017-02-16,13.0,97.14,42.14,42.14
12385,2017-02-16,14.0,90.0,40.91,51.11
12386,2017-02-16,15.0,94.29,42.14,33.57
12387,2017-02-16,16.0,124.0,17.5,46.25
12388,2017-02-16,17.0,113.75,28.89,64.44
12389,2017-02-16,18.0,43.75,24.29,24.29
12390,2017-02-16,19.0,52.22,8.33,5.0
12393,2017-02-17,9.0,70.0,12.5,8.0
12394,2017-02-17,10.0,72.5,32.0,25.0
12395,2017-02-17,11.0,98.75,47.22,50.0
12396,2017-02-17,12.0,112.5,53.12,85.0
12397,2017-02-17,13.0,102.5,53.12,84.17
12398,2017-02-17,14.0,118.57,39.29,68.57
12399,2017-02-17,15.0,123.75,45.62,56.25
12400,2017-02-17,16.0,127.78,41.11,58.33
12401,2017-02-17,17.0,115.0,44.38,60.0
12407,2017-02-17,18.0,,52.5,71.25
12402,2017-02-17,19.0,140.0,58.89,48.89
12403,2017-02-17,20.0,140.0,40.0,19.38
12404,2017-02-17,21.0,71.11,20.56,9.5
12405,2017-02-17,22.0,68.0,15.0,8.33
12408,2017-02-18,8.0,57.86,5.0,5.0
12409,2017-02-18,9.0,76.25,6.88,7.5
12410,2017-02-18,10.0,97.5,37.5,29.44
12411,2017-02-18,11.0,86.88,48.33,60.0
12412,2017-02-18,12.0,113.12,49.44,70.0
12413,2017-02-18,13.0,142.5,52.5,76.88
12414,2017-02-18,14.0,147.5,56.25,70.62
12415,2017-02-18,15.0,148.75,71.88,55.0
12416,2017-02-18,16.0,106.25,46.25,48.75
12417,2017-02-18,17.0,103.5,46.67,53.33
12418,2017-02-18,18.0,114.44,52.78,58.33
12419,2017-02-18,19.0,136.67,39.44,45.56
12420,2017-02-18,20.0,147.5,32.5,33.12
12421,2017-02-18,21.0,59.0,20.56,20.0
12422,2017-02-18,22.0,62.0,24.44,30.0
12424,2017-02-19,8.0,52.5,6.43,7.5
12425,2017-02-19,9.0,60.0,18.75,18.75
12426,2017-02-19,10.0,90.0,37.22,30.56
12427,2017-02-19,11.0,117.14,49.38,60.0
12428,2017-02-19,12.0,132.5,63.12,78.75
12429,2017-02-19,13.0,140.0,51.25,78.12
12430,2017-02-19,14.0,153.0,54.44,102.22
12431,2017-02-19,15.0,151.25,50.0,72.5
12432,2017-02-19,16.0,150.0,52.78,87.22
12433,2017-02-19,17.0,187.78,46.11,81.5
12438,2017-02-19,18.0,,54.44,62.22
12439,2017-02-19,19.0,,43.12,53.12
12434,2017-02-19,20.0,162.5,32.5,41.88
12435,2017-02-19,21.0,117.86,16.25,23.75
12436,2017-02-19,22.0,56.67,16.25,18.75
12441,2017-02-20,9.0,82.78,10.0,10.0
12442,2017-02-20,10.0,110.0,30.0,
12443,2017-02-20,11.0,122.78,50.0,
12444,2017-02-20,12.0,142.86,60.71,91.0
12445,2017-02-20,13.0,125.56,50.0,105.0
12446,2017-02-20,14.0,111.43,43.57,102.86
12447,2017-02-20,15.0,122.78,34.38,82.22
12448,2017-02-20,16.0,86.88,34.38,79.44
12449,2017-02-20,17.0,117.5,37.22,70.62
12450,2017-02-20,18.0,130.0,36.5,66.67
12451,2017-02-20,19.0,99.38,25.0,45.62
12452,2017-02-20,20.0,60.62,9.38,23.75
12453,2017-02-20,21.0,86.25,9.44,17.5
12454,2017-02-20,22.0,45.56,8.89,15.0
12456,2017-02-21,9.0,67.5,7.14,5.56
12457,2017-02-21,10.0,80.62,36.11,33.18
12458,2017-02-21,11.0,126.67,48.89,62.78
12459,2017-02-21,12.0,139.0,55.0,71.67
12460,2017-02-21,13.0,155.56,61.11,78.33
12461,2017-02-21,14.0,172.5,58.75,78.75
12462,2017-02-21,15.0,175.71,56.43,67.14
12463,2017-02-21,16.0,163.75,62.5,88.75
12464,2017-02-21,17.0,86.11,51.5,92.22
12465,2017-02-21,18.0,84.29,40.0,91.43
12466,2017-02-21,19.0,118.89,26.5,74.0
12467,2017-02-21,20.0,94.29,13.57,22.14
12468,2017-02-21,21.0,68.75,5.0,23.75
12469,2017-02-21,22.0,97.78,5.0,18.33
12472,2017-02-22,9.0,67.5,9.44,7.5
12473,2017-02-22,10.0,82.5,32.5,31.25
12474,2017-02-22,11.0,115.71,47.86,33.57
12475,2017-02-22,12.0,142.0,36.0,25.0
12476,2017-02-22,13.0,95.71,29.29,40.0
12477,2017-02-22,14.0,77.0,38.0,33.33
12478,2017-02-22,15.0,84.0,28.33,28.33
12479,2017-02-22,16.0,96.67,27.22,23.89
12480,2017-02-22,17.0,61.25,10.0,16.25
12481,2017-02-22,18.0,65.0,8.89,18.89
12482,2017-02-22,19.0,63.33,7.78,5.0
12483,2017-02-22,20.0,36.25,5.0,5.0
12484,2017-02-22,21.0,30.56,5.0,5.0
12488,2017-02-23,9.0,69.38,9.29,7.14
12489,2017-02-23,10.0,85.62,37.22,33.89
12490,2017-02-23,11.0,87.5,45.56,50.0
12491,2017-02-23,12.0,97.14,45.0,56.67
12492,2017-02-23,13.0,107.78,47.0,69.44
12493,2017-02-23,14.0,130.0,58.89,73.75
12494,2017-02-23,15.0,122.86,42.86,62.14
12495,2017-02-23,16.0,108.75,42.5,65.56
12496,2017-02-23,17.0,89.0,43.0,68.89
12497,2017-02-23,18.0,108.89,30.0,74.44
12498,2017-02-23,19.0,131.25,31.88,31.67
12499,2017-02-23,20.0,128.89,22.0,18.33
12500,2017-02-23,21.0,46.67,12.5,10.62
12502,2017-02-24,9.0,87.5,17.5,18.12
12503,2017-02-24,10.0,74.44,26.5,38.89
12504,2017-02-24,11.0,72.5,36.0,45.45
12505,2017-02-24,12.0,86.67,48.5,60.0
12506,2017-02-24,13.0,105.0,54.0,56.0
12507,2017-02-24,14.0,120.0,56.11,
12508,2017-02-24,15.0,134.44,43.33,53.33
12509,2017-02-24,16.0,136.67,42.22,81.5
12510,2017-02-24,17.0,110.0,40.0,77.0
12511,2017-02-24,18.0,85.0,30.56,86.11
12512,2017-02-24,19.0,72.22,30.56,61.5
12513,2017-02-24,20.0,67.5,20.62,26.88
12514,2017-02-24,21.0,52.22,25.0,14.44
12516,2017-02-25,9.0,50.0,7.0,5.0
12517,2017-02-25,10.0,61.11,31.88,23.75
12518,2017-02-25,11.0,98.89,57.5,38.89
12519,2017-02-25,12.0,108.75,20.0,46.25
12520,2017-02-25,13.0,111.11,53.0,60.0
12521,2017-02-25,14.0,131.25,59.38,60.62
12522,2017-02-25,15.0,115.71,62.86,58.57
12523,2017-02-25,16.0,128.75,58.75,65.0
12524,2017-02-25,17.0,142.5,59.38,85.71
12525,2017-02-25,18.0,125.71,67.14,91.43
12526,2017-02-25,19.0,96.67,43.5,57.78
12527,2017-02-25,20.0,58.75,36.67,30.62
12528,2017-02-25,21.0,66.5,18.33,22.78
12529,2017-02-25,22.0,73.0,17.5,14.44
12531,2017-02-26,9.0,43.5,5.56,5.62
12532,2017-02-26,10.0,70.56,12.5,11.0
12533,2017-02-26,11.0,98.0,34.38,35.0
12534,2017-02-26,12.0,97.5,45.91,62.22
12535,2017-02-26,13.0,87.5,35.83,76.25
12536,2017-02-26,14.0,90.0,46.88,80.0
12537,2017-02-26,15.0,86.25,46.88,62.5
12538,2017-02-26,16.0,100.0,51.0,56.11
12539,2017-02-26,17.0,132.22,38.33,59.5
12540,2017-02-26,18.0,160.0,32.0,40.0
12541,2017-02-26,19.0,84.0,21.25,23.33
12542,2017-02-26,20.0,38.0,11.25,
12543,2017-02-26,21.0,57.0,6.25,9.38
12544,2017-02-26,22.0,63.75,7.5,5.0
12546,2017-02-27,9.0,64.0,8.33,5.0
12547,2017-02-27,10.0,75.0,38.12,33.75
12548,2017-02-27,11.0,100.0,55.56,63.75
12549,2017-02-27,12.0,118.89,59.29,68.12
12550,2017-02-27,13.0,140.0,54.17,86.25
12551,2017-02-27,14.0,150.0,51.43,74.29
12552,2017-02-27,15.0,121.67,49.17,68.57
12553,2017-02-27,16.0,100.0,51.88,72.5
12554,2017-02-27,17.0,115.56,47.5,76.67
12555,2017-02-27,18.0,117.14,18.33,88.57
12556,2017-02-27,19.0,58.89,36.0,60.56
12557,2017-02-27,20.0,51.25,23.75,36.25
12558,2017-02-27,21.0,75.0,21.43,36.43
12559,2017-02-27,22.0,97.78,19.44,23.33
12562,2017-02-28,9.0,63.75,13.75,7.5
12563,2017-02-28,10.0,93.33,46.67,46.25
12564,2017-02-28,11.0,111.88,50.0,61.88
12565,2017-02-28,12.0,117.5,43.12,61.25
12566,2017-02-28,13.0,111.43,56.43,67.86
12567,2017-02-28,14.0,70.0,50.0,62.0
12568,2017-02-28,19.0,83.33,10.0,40.0
12569,2017-02-28,20.0,43.75,5.62,15.0
12571,2017-03-01,9.0,87.73,12.0,7.5
12572,2017-03-01,10.0,93.0,43.89,35.0
12573,2017-03-01,11.0,55.0,47.22,55.0
12574,2017-03-01,12.0,82.5,42.5,58.33
12575,2017-03-01,13.0,106.67,38.57,82.86
12576,2017-03-01,14.0,112.86,43.57,55.71
12577,2017-03-01,15.0,70.0,37.5,49.38
12578,2017-03-01,16.0,75.56,44.44,58.89
12579,2017-03-01,17.0,112.5,27.5,54.44
12580,2017-03-01,18.0,92.22,29.44,47.0
12581,2017-03-01,19.0,54.44,19.5,33.33
12582,2017-03-01,20.0,52.0,16.11,21.88
12586,2017-03-02,9.0,75.0,21.11,15.0
12587,2017-03-02,10.0,77.78,44.5,40.5
12588,2017-03-02,11.0,82.22,46.11,68.33
12589,2017-03-02,12.0,80.45,40.56,53.0
12590,2017-03-02,13.0,98.75,43.89,63.75
12591,2017-03-02,14.0,120.0,38.12,61.25
12598,2017-03-02,15.0,,41.5,66.11
12592,2017-03-02,16.0,102.86,38.57,85.62
12593,2017-03-02,17.0,107.5,31.88,69.38
12594,2017-03-02,18.0,88.75,28.12,46.67
12595,2017-03-02,19.0,55.0,13.75,23.12
12596,2017-03-02,20.0,45.56,6.88,7.5
12601,2017-03-03,9.0,60.0,32.86,16.0
12614,2017-03-03,10.0,,34.38,28.12
12602,2017-03-03,11.0,90.0,44.0,45.0
12603,2017-03-03,12.0,120.0,42.78,47.22
12604,2017-03-03,13.0,120.0,46.67,76.67
12605,2017-03-03,14.0,140.0,44.38,80.0
12606,2017-03-03,15.0,126.0,39.09,53.89
12607,2017-03-03,16.0,107.5,45.62,56.88
12608,2017-03-03,17.0,89.0,45.62,60.56
12609,2017-03-03,18.0,118.75,41.25,47.5
12610,2017-03-03,19.0,127.78,21.0,14.0
12611,2017-03-03,20.0,107.14,21.25,11.25
12612,2017-03-03,21.0,78.12,18.12,9.29
12615,2017-03-04,9.0,45.45,5.0,5.0
12616,2017-03-04,10.0,75.0,31.0,12.22
12617,2017-03-04,11.0,100.5,43.12,36.88
12618,2017-03-04,12.0,114.44,43.33,58.89
12619,2017-03-04,13.0,118.75,59.38,75.56
12620,2017-03-04,14.0,101.25,62.14,57.5
12621,2017-03-04,15.0,94.44,54.38,56.67
12622,2017-03-04,16.0,122.86,55.0,66.43
12623,2017-03-04,17.0,138.57,54.29,69.29
12624,2017-03-04,18.0,132.22,46.67,63.33
12625,2017-03-04,19.0,100.0,41.25,41.88
12626,2017-03-04,20.0,88.75,36.88,10.62
12627,2017-03-04,21.0,63.33,22.22,5.0
12628,2017-03-04,22.0,72.22,32.22,7.5
12629,2017-03-05,9.0,43.33,7.22,5.0
12630,2017-03-05,10.0,80.83,17.22,24.5
12631,2017-03-05,11.0,105.0,37.22,33.75
12632,2017-03-05,12.0,91.25,41.67,41.25
12633,2017-03-05,13.0,100.0,41.25,52.5
12634,2017-03-05,14.0,125.71,47.86,45.62
12635,2017-03-05,15.0,127.78,41.67,40.0
12636,2017-03-05,16.0,91.11,38.5,45.56
12637,2017-03-05,17.0,77.78,40.0,42.22
12638,2017-03-05,18.0,95.56,28.89,31.11
12639,2017-03-05,19.0,82.22,17.78,13.33
12640,2017-03-05,20.0,32.86,5.71,5.71
12642,2017-03-06,9.0,47.08,10.62,10.0
12643,2017-03-06,10.0,76.92,30.0,28.08
12644,2017-03-06,11.0,106.25,46.11,36.0
12645,2017-03-06,12.0,108.75,53.75,62.78
12646,2017-03-06,13.0,96.0,23.33,77.5
12647,2017-03-06,14.0,110.0,48.5,53.89
12648,2017-03-06,15.0,126.25,45.0,42.5
12649,2017-03-06,16.0,107.14,55.0,64.29
12650,2017-03-06,17.0,83.75,42.5,65.62
12651,2017-03-06,18.0,81.67,29.17,31.67
12652,2017-03-06,19.0,86.67,20.56,17.22
12653,2017-03-06,20.0,32.86,18.57,5.71
12656,2017-03-07,9.0,60.62,7.22,5.71
12657,2017-03-07,10.0,77.78,36.0,32.92
12658,2017-03-07,11.0,90.0,50.71,45.0
12659,2017-03-07,12.0,90.0,48.33,56.25
12660,2017-03-07,13.0,88.57,57.14,62.86
12661,2017-03-07,14.0,108.89,47.78,47.78
12662,2017-03-07,15.0,107.78,31.67,48.75
12663,2017-03-07,16.0,88.75,45.62,60.62
12664,2017-03-07,17.0,82.5,36.25,38.75
12665,2017-03-07,18.0,102.22,30.0,30.0
12666,2017-03-07,19.0,96.67,15.71,19.29
12667,2017-03-07,20.0,45.0,5.0,5.0
12669,2017-03-08,9.0,63.33,16.5,7.5
12670,2017-03-08,10.0,69.0,30.0,32.0
12671,2017-03-08,11.0,72.22,43.0,44.44
12672,2017-03-08,12.0,75.71,48.57,57.14
12673,2017-03-08,13.0,94.0,42.0,55.0
12674,2017-03-08,14.0,117.14,36.43,62.5
12675,2017-03-08,15.0,96.88,37.86,50.62
12676,2017-03-08,16.0,83.89,36.67,45.0
12677,2017-03-08,17.0,97.78,,62.78
12678,2017-03-08,18.0,87.5,,76.88
12679,2017-03-08,19.0,55.0,,34.44
12680,2017-03-08,20.0,45.0,5.0,25.0
12684,2017-03-09,9.0,54.38,,7.22
12685,2017-03-09,10.0,63.75,,28.33
12686,2017-03-09,11.0,90.0,20.0,53.33
12687,2017-03-09,12.0,86.67,41.92,47.78
12688,2017-03-09,13.0,101.43,51.88,65.0
12689,2017-03-09,14.0,102.5,48.75,53.12
12690,2017-03-09,15.0,70.0,44.5,59.44
12691,2017-03-09,16.0,87.5,45.0,71.25
12692,2017-03-09,17.0,105.56,41.11,53.12
12693,2017-03-09,18.0,58.75,30.71,45.0
12694,2017-03-09,19.0,70.0,17.14,34.38
12695,2017-03-09,20.0,62.78,10.0,10.0
12698,2017-03-10,9.0,70.0,28.18,18.5
12699,2017-03-10,10.0,64.29,43.57,39.38
12700,2017-03-10,11.0,76.25,45.62,50.56
12701,2017-03-10,12.0,88.33,53.33,74.29
12702,2017-03-10,13.0,104.29,42.86,71.43
12703,2017-03-10,14.0,102.22,52.5,56.67
12704,2017-03-10,15.0,100.0,55.0,60.0
12705,2017-03-10,16.0,100.0,53.0,60.0
12706,2017-03-10,17.0,102.22,55.0,60.0
12707,2017-03-10,18.0,100.0,55.0,60.0
12708,2017-03-10,19.0,100.0,55.0,60.0
12709,2017-03-10,20.0,100.0,55.0,60.0
12710,2017-03-10,21.0,96.88,55.0,60.0
12712,2017-03-11,8.0,58.18,10.62,10.0
12713,2017-03-11,9.0,65.0,13.5,11.88
12714,2017-03-11,10.0,64.29,26.88,35.71
12715,2017-03-11,11.0,97.5,38.89,54.44
12716,2017-03-11,12.0,115.0,44.17,62.5
12717,2017-03-11,13.0,114.29,44.38,75.0
12718,2017-03-11,14.0,78.57,51.25,72.86
12719,2017-03-11,15.0,120.0,42.86,67.86
12720,2017-03-11,16.0,90.0,57.5,77.5
12721,2017-03-11,17.0,95.62,55.62,78.12
12722,2017-03-11,18.0,93.75,46.67,76.88
12723,2017-03-11,19.0,111.43,45.62,57.5
12724,2017-03-11,20.0,161.25,34.44,40.62
12725,2017-03-11,21.0,70.0,,15.0
12726,2017-03-11,22.0,77.22,17.78,40.0
12729,2017-03-12,9.0,38.5,5.62,8.12
12730,2017-03-12,10.0,82.5,29.0,20.0
12731,2017-03-12,11.0,91.25,37.22,43.75
12732,2017-03-12,12.0,115.71,40.62,52.86
12733,2017-03-12,13.0,80.0,47.5,56.25
12734,2017-03-12,14.0,88.89,40.62,50.0
12735,2017-03-12,15.0,121.25,48.12,56.67
12736,2017-03-12,16.0,140.0,40.45,57.5
12737,2017-03-12,17.0,125.83,40.0,49.38
12738,2017-03-12,18.0,82.86,32.78,47.14
12739,2017-03-12,19.0,68.75,27.22,26.88
12740,2017-03-12,20.0,91.25,19.44,19.38
12741,2017-03-12,21.0,41.25,5.0,6.88
12742,2017-03-12,22.0,52.0,6.11,10.56
12744,2017-03-13,8.0,63.75,7.5,10.0
12745,2017-03-13,9.0,91.0,13.0,12.0
12746,2017-03-13,10.0,97.5,41.67,39.38
12747,2017-03-13,11.0,106.67,37.14,66.67
12748,2017-03-13,12.0,122.86,42.86,63.57
12749,2017-03-13,13.0,140.0,47.86,65.62
12750,2017-03-13,14.0,144.44,41.11,60.56
12751,2017-03-13,15.0,121.67,57.5,64.17
12752,2017-03-13,16.0,83.75,53.75,50.62
12753,2017-03-13,17.0,111.67,41.0,52.78
12754,2017-03-13,18.0,121.43,35.0,51.43
12755,2017-03-13,19.0,81.67,28.33,50.0
12756,2017-03-13,20.0,65.0,19.44,21.25
12757,2017-03-13,21.0,41.82,5.0,10.0
12758,2017-03-13,22.0,51.11,10.0,5.0
12759,2017-03-14,8.0,56.25,5.0,5.0
12760,2017-03-14,9.0,80.0,11.5,5.0
12761,2017-03-14,10.0,80.0,34.38,8.75
12762,2017-03-14,11.0,80.5,51.25,23.89
12763,2017-03-14,12.0,102.5,48.12,40.62
12764,2017-03-14,13.0,128.75,61.0,53.12
12765,2017-03-14,14.0,147.14,65.71,67.14
12766,2017-03-14,15.0,170.0,62.5,71.43
12767,2017-03-14,16.0,170.0,70.0,101.88
12768,2017-03-14,17.0,145.0,56.67,93.33
12769,2017-03-14,18.0,112.14,57.14,77.14
12770,2017-03-14,19.0,113.75,41.25,43.12
12771,2017-03-14,20.0,117.5,25.62,16.88
12772,2017-03-14,21.0,68.89,10.62,6.25
12773,2017-03-14,22.0,72.86,5.0,5.0
12776,2017-03-15,8.0,56.11,5.0,5.0
12777,2017-03-15,9.0,72.22,12.78,8.12
12778,2017-03-15,10.0,92.14,39.44,19.38
12779,2017-03-15,11.0,118.33,48.0,22.0
12780,2017-03-15,12.0,160.0,51.43,30.0
12781,2017-03-15,13.0,152.0,55.0,48.89
12782,2017-03-15,14.0,171.25,,58.75
12783,2017-03-15,15.0,164.29,46.25,48.57
12784,2017-03-15,16.0,175.0,59.29,53.57
12785,2017-03-15,17.0,166.25,75.62,73.75
12786,2017-03-15,18.0,138.89,78.75,68.89
12787,2017-03-15,19.0,95.0,,41.67
12788,2017-03-15,20.0,105.0,30.0,16.88
12789,2017-03-15,21.0,87.78,33.12,10.0
12790,2017-03-15,22.0,74.44,41.11,11.11
12795,2017-03-16,8.0,57.5,5.0,
12796,2017-03-16,9.0,60.0,11.88,
12797,2017-03-16,10.0,83.75,31.25,15.56
12798,2017-03-16,11.0,112.5,53.12,32.5
12799,2017-03-16,12.0,130.0,43.75,28.33
12800,2017-03-16,13.0,177.5,57.14,53.75
12801,2017-03-16,14.0,188.57,67.22,53.57
12802,2017-03-16,15.0,163.0,49.38,53.12
12803,2017-03-16,16.0,92.14,55.0,61.25
12804,2017-03-16,17.0,98.75,46.25,67.5
12805,2017-03-16,18.0,133.75,50.0,58.75
12806,2017-03-16,19.0,172.22,46.25,41.25
12807,2017-03-16,20.0,128.57,31.11,15.0
12808,2017-03-16,21.0,67.78,10.0,10.0
12809,2017-03-16,22.0,62.5,10.0,5.0
12811,2017-03-17,8.0,60.0,7.5,5.0
12812,2017-03-17,9.0,63.33,16.0,5.56
12813,2017-03-17,10.0,102.86,40.0,27.78
12814,2017-03-17,11.0,111.25,59.44,68.0
12815,2017-03-17,12.0,132.22,48.89,61.11
12816,2017-03-17,13.0,131.25,55.0,93.75
12817,2017-03-17,14.0,118.75,53.12,91.25
12818,2017-03-17,15.0,126.25,50.62,70.62
12819,2017-03-17,16.0,123.33,50.0,84.38
12820,2017-03-17,17.0,130.0,52.5,63.12
12821,2017-03-17,18.0,122.5,42.5,69.38
12822,2017-03-17,19.0,116.25,38.12,49.44
12823,2017-03-17,20.0,70.0,23.75,47.78
12824,2017-03-17,21.0,74.29,8.57,15.71
12825,2017-03-17,22.0,83.33,9.44,13.89
12826,2017-03-18,9.0,65.0,6.25,5.0
12827,2017-03-18,10.0,76.43,25.0,22.14
12828,2017-03-18,11.0,103.18,40.62,48.33
12829,2017-03-18,12.0,113.33,57.22,65.56
12830,2017-03-18,13.0,108.75,56.88,71.11
12831,2017-03-18,14.0,106.25,48.75,75.0
12832,2017-03-18,15.0,120.0,46.88,77.86
12833,2017-03-18,16.0,147.5,47.5,81.25
12834,2017-03-18,17.0,157.5,52.5,82.5
12835,2017-03-18,18.0,66.88,42.14,98.57
12836,2017-03-18,19.0,85.62,39.44,88.0
12837,2017-03-18,20.0,100.0,35.0,53.33
12838,2017-03-18,21.0,83.12,10.0,12.86
12839,2017-03-18,22.0,72.22,13.5,10.45
12840,2017-03-19,9.0,76.25,,9.5
12841,2017-03-19,10.0,110.0,10.0,28.33
12842,2017-03-19,11.0,127.14,,56.25
12843,2017-03-19,12.0,122.5,,71.25
12844,2017-03-19,13.0,75.0,,80.0
12845,2017-03-19,14.0,83.75,51.11,66.88
12846,2017-03-19,15.0,118.75,55.0,50.0
12847,2017-03-19,16.0,142.86,52.5,50.0
12848,2017-03-19,17.0,124.0,,71.0
12849,2017-03-19,18.0,52.5,32.0,66.25
12850,2017-03-19,19.0,103.75,38.75,32.78
12851,2017-03-19,20.0,108.33,25.0,11.43
12852,2017-03-19,21.0,60.0,11.11,10.0
12854,2017-03-20,9.0,78.75,12.5,8.57
12855,2017-03-20,10.0,90.0,20.0,34.17
12856,2017-03-20,11.0,112.5,50.56,71.25
12857,2017-03-20,12.0,123.75,54.29,63.12
12858,2017-03-20,13.0,115.0,58.75,74.38
12859,2017-03-20,14.0,111.43,61.43,100.71
12860,2017-03-20,15.0,122.22,44.44,66.11
12861,2017-03-20,16.0,121.43,54.17,70.83
12862,2017-03-20,17.0,108.75,47.5,90.0
12863,2017-03-20,18.0,85.71,,95.71
12864,2017-03-20,19.0,104.29,,57.86
12865,2017-03-20,20.0,121.25,,41.25
12866,2017-03-20,21.0,52.5,,12.5
12867,2017-03-20,22.0,57.5,,7.5
12868,2017-03-21,9.0,58.12,,5.71
12869,2017-03-21,10.0,86.67,27.0,35.91
12870,2017-03-21,11.0,122.0,51.25,45.0
12871,2017-03-21,12.0,127.5,43.12,84.38
12872,2017-03-21,13.0,115.0,70.71,89.29
12873,2017-03-21,14.0,81.25,42.78,100.62
12874,2017-03-21,15.0,90.0,40.0,50.0
12875,2017-03-21,16.0,95.62,53.33,37.0
12876,2017-03-21,17.0,111.43,53.75,94.17
12877,2017-03-21,18.0,85.0,,
12878,2017-03-21,19.0,60.56,,63.33
12879,2017-03-21,20.0,95.71,,
12880,2017-03-21,21.0,70.0,,
12881,2017-03-21,22.0,50.0,,
12883,2017-03-22,9.0,61.11,10.62,7.0
12884,2017-03-22,10.0,84.29,30.0,
12885,2017-03-22,11.0,97.14,47.86,
12886,2017-03-22,12.0,98.75,48.33,
12887,2017-03-22,13.0,102.5,54.38,
12888,2017-03-22,14.0,112.22,45.56,96.88
12889,2017-03-22,15.0,111.43,42.22,87.14
12890,2017-03-22,16.0,57.78,40.56,94.44
12891,2017-03-22,17.0,78.75,36.25,96.11
12892,2017-03-22,18.0,90.0,30.0,77.5
12893,2017-03-22,19.0,58.75,31.67,70.0
12894,2017-03-22,20.0,72.5,20.56,61.25
12895,2017-03-22,21.0,48.89,18.12,36.25
12896,2017-03-22,22.0,68.33,18.75,44.44
12900,2017-03-23,9.0,69.38,15.0,10.0
12901,2017-03-23,10.0,75.0,45.42,27.14
12902,2017-03-23,11.0,101.25,49.38,58.33
12903,2017-03-23,12.0,120.0,49.44,72.5
12904,2017-03-23,13.0,167.5,52.14,82.5
12905,2017-03-23,14.0,200.0,52.5,93.12
12906,2017-03-23,15.0,133.75,46.25,70.62
12907,2017-03-23,16.0,72.5,41.25,50.62
12908,2017-03-23,17.0,104.29,46.67,52.86
12909,2017-03-23,18.0,130.0,38.12,52.5
12910,2017-03-23,19.0,71.25,21.25,30.0
12911,2017-03-23,20.0,90.0,22.5,21.88
12912,2017-03-23,21.0,57.5,6.88,13.75
12913,2017-03-23,22.0,58.89,5.0,7.22
12916,2017-03-24,9.0,73.33,18.33,22.78
12917,2017-03-24,10.0,76.88,37.78,45.62
12918,2017-03-24,11.0,106.67,48.5,73.5
12919,2017-03-24,12.0,126.25,50.0,78.12
12920,2017-03-24,13.0,124.0,50.0,92.0
12921,2017-03-24,14.0,126.25,53.12,76.88
12922,2017-03-24,15.0,121.11,48.12,70.0
12923,2017-03-24,16.0,130.0,49.38,80.62
12924,2017-03-24,17.0,127.5,58.75,80.0
12925,2017-03-24,18.0,144.44,65.62,
12926,2017-03-24,19.0,118.57,32.14,67.5
12927,2017-03-24,20.0,65.0,25.56,71.25
12928,2017-03-24,21.0,55.0,12.5,35.62
12929,2017-03-24,22.0,78.57,19.29,17.14
12931,2017-03-25,9.0,72.86,5.0,7.14
12932,2017-03-25,10.0,81.43,23.12,30.56
12933,2017-03-25,11.0,85.0,41.67,75.62
12934,2017-03-25,12.0,118.33,53.12,89.38
12935,2017-03-25,13.0,145.0,58.12,92.14
12936,2017-03-25,14.0,156.25,55.0,95.62
12937,2017-03-25,15.0,101.25,55.56,97.78
12938,2017-03-25,16.0,98.57,45.0,93.33
12939,2017-03-25,17.0,106.67,51.67,92.0
12940,2017-03-25,18.0,107.5,49.38,106.25
12941,2017-03-25,19.0,102.22,39.44,83.33
12942,2017-03-25,20.0,78.89,35.56,66.11
12943,2017-03-25,21.0,60.62,11.88,31.25
12944,2017-03-25,22.0,68.75,12.5,28.12
12946,2017-03-26,9.0,60.56,9.5,10.62
12947,2017-03-26,10.0,66.67,25.42,39.44
12948,2017-03-26,11.0,107.78,41.11,60.0
12949,2017-03-26,12.0,140.0,45.0,60.62
12950,2017-03-26,13.0,107.78,38.89,71.0
12951,2017-03-26,14.0,67.14,44.0,60.0
12952,2017-03-26,15.0,82.86,,78.75
12953,2017-03-26,16.0,117.0,25.0,92.5
12954,2017-03-26,17.0,98.75,43.89,82.22
12955,2017-03-26,18.0,57.14,36.25,112.5
12956,2017-03-26,19.0,75.56,31.11,80.0
12957,2017-03-26,20.0,98.75,20.0,21.88
12958,2017-03-26,21.0,47.5,5.0,7.5
12960,2017-03-27,9.0,72.86,12.86,11.43
12961,2017-03-27,10.0,75.0,36.43,58.89
12962,2017-03-27,11.0,100.0,58.12,75.71
12963,2017-03-27,12.0,121.25,49.29,77.14
12964,2017-03-27,13.0,123.75,47.5,98.75
12965,2017-03-27,14.0,102.22,49.0,88.33
12966,2017-03-27,15.0,91.25,38.12,67.5
12967,2017-03-27,16.0,107.5,36.67,78.75
12968,2017-03-27,17.0,143.33,43.75,73.75
12969,2017-03-27,18.0,118.75,36.88,66.67
12970,2017-03-27,19.0,62.5,20.71,65.62
12971,2017-03-27,20.0,77.14,28.57,30.83
12972,2017-03-27,21.0,63.12,11.88,22.5
12973,2017-03-27,22.0,45.0,13.33,27.22
12975,2017-03-28,9.0,72.5,11.88,10.0
12976,2017-03-28,10.0,90.0,27.22,48.5
12977,2017-03-28,11.0,111.25,57.5,58.12
12978,2017-03-28,12.0,111.25,43.12,100.62
12979,2017-03-28,13.0,88.57,39.29,87.14
12980,2017-03-28,14.0,95.0,35.71,59.29
12981,2017-03-28,15.0,106.43,50.71,81.43
12982,2017-03-28,16.0,112.5,33.12,74.38
12983,2017-03-28,17.0,76.25,36.88,76.25
12984,2017-03-28,18.0,62.22,20.56,62.22
12985,2017-03-28,19.0,81.43,20.0,51.43
12986,2017-03-28,20.0,76.25,11.25,48.57
12987,2017-03-28,21.0,60.0,5.0,18.75
12988,2017-03-28,22.0,50.0,5.0,21.67
12991,2017-03-29,9.0,66.67,16.88,7.78
12992,2017-03-29,10.0,90.0,39.17,38.75
12993,2017-03-29,11.0,95.62,50.0,53.12
12994,2017-03-29,12.0,75.71,,94.29
12995,2017-03-29,13.0,90.0,33.75,88.75
12996,2017-03-29,14.0,117.78,66.11,86.11
12997,2017-03-29,15.0,103.75,67.5,63.12
12998,2017-03-29,16.0,59.29,85.0,82.14
12999,2017-03-29,17.0,86.67,,90.83
13000,2017-03-29,18.0,114.44,32.0,109.44
13001,2017-03-29,19.0,78.75,41.11,81.88
13002,2017-03-29,20.0,111.25,27.5,36.25
13003,2017-03-29,21.0,65.62,19.44,55.0
13004,2017-03-29,22.0,68.33,24.55,47.22
13008,2017-03-30,9.0,69.38,15.0,15.0
13009,2017-03-30,10.0,79.38,44.09,57.08
13010,2017-03-30,11.0,94.29,60.0,65.0
13011,2017-03-30,12.0,92.86,46.0,75.0
13012,2017-03-30,13.0,95.56,33.0,89.44
13013,2017-03-30,14.0,108.75,58.33,76.67
13014,2017-03-30,15.0,84.44,46.5,80.0
13015,2017-03-30,16.0,85.71,43.75,71.43
13016,2017-03-30,17.0,94.44,37.78,61.11
13017,2017-03-30,18.0,103.0,35.0,62.22
13018,2017-03-30,19.0,85.71,27.86,50.0
13019,2017-03-30,20.0,57.78,21.11,43.0
13020,2017-03-30,21.0,65.71,9.29,34.29
13021,2017-03-30,22.0,50.0,10.0,56.88
13024,2017-03-31,9.0,79.44,27.0,17.5
13025,2017-03-31,10.0,53.75,38.57,51.25
13026,2017-03-31,11.0,84.38,48.89,54.29
13027,2017-03-31,12.0,113.75,37.14,65.0
13028,2017-03-31,13.0,148.57,44.29,77.78
13029,2017-03-31,14.0,112.14,50.0,77.86
13030,2017-03-31,15.0,85.0,33.75,68.12
13031,2017-03-31,16.0,106.67,48.75,74.38
13032,2017-03-31,17.0,112.86,36.0,72.14
13033,2017-03-31,18.0,65.0,21.25,68.75
13034,2017-03-31,19.0,95.71,29.38,70.0
13035,2017-03-31,20.0,68.75,20.0,49.38
13036,2017-03-31,21.0,58.75,9.44,28.75
13037,2017-03-31,22.0,70.0,10.62,33.89
13038,2017-04-01,9.0,59.38,6.25,5.0
13039,2017-04-01,10.0,68.57,20.71,
13040,2017-04-01,11.0,80.0,42.5,
13041,2017-04-01,12.0,121.25,47.0,
13042,2017-04-01,13.0,124.29,43.57,
13043,2017-04-01,14.0,90.0,49.29,69.17
13044,2017-04-01,15.0,80.0,35.71,91.43
13045,2017-04-01,16.0,111.43,53.75,111.43
13046,2017-04-01,17.0,141.43,38.12,120.62
13047,2017-04-01,18.0,128.64,38.33,96.11
13048,2017-04-01,19.0,78.12,31.11,78.75
13049,2017-04-01,20.0,105.0,24.38,61.88
13050,2017-04-01,21.0,71.25,6.43,40.71
13051,2017-04-01,22.0,48.89,5.0,47.22
13052,2017-04-02,9.0,55.0,15.0,15.0
13053,2017-04-02,10.0,72.5,31.36,48.89
13054,2017-04-02,11.0,105.71,75.0,55.0
13055,2017-04-02,12.0,107.78,40.62,71.67
13056,2017-04-02,13.0,86.25,46.25,65.0
13057,2017-04-02,14.0,78.57,35.62,78.12
13058,2017-04-02,15.0,88.89,35.0,64.44
13059,2017-04-02,16.0,90.0,30.56,64.44
13060,2017-04-02,17.0,78.75,28.75,59.38
13061,2017-04-02,18.0,95.0,26.88,41.67
13062,2017-04-02,19.0,98.0,11.11,41.67
13063,2017-04-02,20.0,65.0,13.89,30.62
13064,2017-04-02,21.0,38.75,5.0,6.0
13066,2017-04-03,8.0,84.0,10.0,8.57
13067,2017-04-03,9.0,80.0,10.0,27.0
13068,2017-04-03,10.0,71.43,30.0,46.88
13069,2017-04-03,11.0,93.33,49.38,66.25
13070,2017-04-03,12.0,123.33,50.62,86.11
13071,2017-04-03,13.0,151.25,53.12,78.12
13072,2017-04-03,14.0,180.0,45.56,
13073,2017-04-03,15.0,96.88,49.38,
13074,2017-04-03,16.0,95.62,43.75,
13075,2017-04-03,17.0,102.5,47.14,
13076,2017-04-03,18.0,81.0,35.0,
13077,2017-04-03,19.0,66.25,24.38,92.5
13078,2017-04-03,20.0,83.75,11.25,64.38
13079,2017-04-03,21.0,41.67,7.5,35.83
13080,2017-04-03,22.0,30.0,5.0,25.83
13082,2017-04-04,9.0,71.25,24.0,10.0
13083,2017-04-04,10.0,78.75,34.0,36.11
13084,2017-04-04,11.0,103.75,52.5,63.12
13085,2017-04-04,12.0,110.0,47.5,66.43
13086,2017-04-04,13.0,97.14,42.86,71.43
13087,2017-04-04,14.0,97.86,53.57,76.43
13088,2017-04-04,15.0,95.0,53.89,57.5
13089,2017-04-04,16.0,120.0,45.56,43.75
13090,2017-04-04,17.0,130.0,,76.43
13091,2017-04-04,18.0,117.5,22.5,85.56
13092,2017-04-04,19.0,102.5,41.11,41.67
13093,2017-04-04,20.0,82.22,34.44,34.44
13094,2017-04-04,21.0,50.0,9.29,18.57
13095,2017-04-04,22.0,66.25,11.88,34.38
13097,2017-04-05,9.0,61.88,12.22,11.67
13098,2017-04-05,10.0,88.33,26.67,35.56
13099,2017-04-05,11.0,117.5,50.0,74.38
13100,2017-04-05,12.0,136.25,39.44,74.38
13101,2017-04-05,13.0,125.56,48.89,93.89
13102,2017-04-05,14.0,82.5,38.12,76.25
13103,2017-04-05,15.0,83.12,26.25,76.88
13104,2017-04-05,16.0,112.5,37.5,81.67
13105,2017-04-05,17.0,120.0,35.0,78.12
13106,2017-04-05,18.0,92.5,32.5,80.0
13107,2017-04-05,19.0,70.0,28.89,57.5
13108,2017-04-05,20.0,97.5,28.12,
13109,2017-04-05,21.0,102.86,12.5,55.0
13110,2017-04-05,22.0,53.33,11.43,51.67
13114,2017-04-06,9.0,65.0,11.43,
13115,2017-04-06,10.0,70.0,26.43,
13116,2017-04-06,11.0,90.0,48.12,59.0
13117,2017-04-06,12.0,110.0,51.67,109.17
13118,2017-04-06,13.0,110.0,51.11,113.5
13119,2017-04-06,14.0,110.0,43.33,98.33
13120,2017-04-06,15.0,110.0,43.57,87.14
13121,2017-04-06,16.0,110.0,50.0,98.75
13122,2017-04-06,17.0,110.0,46.43,109.29
13123,2017-04-06,18.0,110.0,35.56,78.12
13124,2017-04-06,19.0,110.0,42.0,
13125,2017-04-06,20.0,110.0,17.5,
13126,2017-04-06,21.0,101.67,10.83,
13127,2017-04-06,22.0,51.0,12.0,
13129,2017-04-07,8.0,60.0,5.0,
13130,2017-04-07,9.0,60.0,15.62,
13131,2017-04-07,10.0,62.5,37.86,
13132,2017-04-07,11.0,95.45,51.25,
13133,2017-04-07,12.0,130.0,51.25,
13134,2017-04-07,13.0,140.0,67.86,
13135,2017-04-07,14.0,146.67,52.5,
13136,2017-04-07,15.0,123.33,48.33,
13137,2017-04-07,16.0,83.12,61.88,
13138,2017-04-07,17.0,101.25,48.12,
13139,2017-04-07,18.0,120.0,43.57,
13140,2017-04-07,19.0,140.0,36.11,
13141,2017-04-07,20.0,148.75,21.25,
13142,2017-04-07,21.0,50.0,8.57,21.25
13143,2017-04-07,22.0,97.78,11.67,19.44
13145,2017-04-08,9.0,76.0,5.62,5.62
13146,2017-04-08,10.0,90.0,20.0,23.89
13147,2017-04-08,11.0,100.0,36.11,63.5
13148,2017-04-08,12.0,113.33,47.5,71.67
13149,2017-04-08,13.0,125.0,53.89,103.75
13159,2017-04-08,14.0,,50.62,126.88
13150,2017-04-08,15.0,130.0,52.86,114.29
13151,2017-04-08,16.0,130.0,48.33,113.89
13152,2017-04-08,17.0,118.33,45.0,90.83
13153,2017-04-08,18.0,160.0,53.33,87.5
13154,2017-04-08,19.0,193.33,45.56,68.89
13155,2017-04-08,20.0,180.0,30.0,69.17
13156,2017-04-08,21.0,69.17,5.83,14.29
13157,2017-04-08,22.0,76.88,7.5,16.88
13162,2017-04-09,9.0,86.25,5.0,16.88
13163,2017-04-09,10.0,90.0,26.88,39.44
13164,2017-04-09,11.0,93.75,37.14,54.29
13165,2017-04-09,12.0,97.14,35.71,68.57
13166,2017-04-09,13.0,110.0,52.5,95.0
13167,2017-04-09,14.0,138.0,48.0,68.75
13168,2017-04-09,15.0,158.33,40.0,105.0
13169,2017-04-09,16.0,151.11,43.33,103.89
13170,2017-04-09,17.0,124.29,35.83,109.29
13171,2017-04-09,18.0,80.0,35.0,95.0
13172,2017-04-09,19.0,90.0,32.22,66.25
13173,2017-04-09,20.0,112.5,9.38,60.0
13174,2017-04-09,21.0,51.25,5.0,21.88
13175,2017-04-09,22.0,62.22,5.0,12.78
13177,2017-04-10,8.0,58.12,7.78,15.0
13178,2017-04-10,9.0,75.0,10.62,37.5
13179,2017-04-10,10.0,99.38,41.43,55.62
13180,2017-04-10,11.0,123.75,58.0,73.75
13181,2017-04-10,12.0,140.0,48.75,85.0
13182,2017-04-10,13.0,143.75,75.0,114.38
13183,2017-04-10,14.0,147.5,61.88,108.75
13184,2017-04-10,15.0,148.33,53.33,105.83
13185,2017-04-10,16.0,141.25,51.88,103.75
13186,2017-04-10,17.0,131.11,51.67,119.44
13187,2017-04-10,18.0,137.5,51.88,117.5
13188,2017-04-10,19.0,150.0,38.0,98.89
13189,2017-04-10,20.0,133.75,31.11,85.0
13190,2017-04-10,21.0,78.75,26.88,
13191,2017-04-10,22.0,60.83,13.33,12.5
13194,2017-04-11,8.0,75.0,5.62,7.0
13195,2017-04-11,9.0,76.88,18.18,32.92
13196,2017-04-11,10.0,87.78,37.22,61.67
13197,2017-04-11,11.0,94.5,48.12,91.25
13198,2017-04-11,12.0,114.0,51.11,97.5
13199,2017-04-11,13.0,113.75,58.75,112.5
13200,2017-04-11,14.0,125.56,63.5,103.33
13201,2017-04-11,15.0,135.71,40.0,102.14
13202,2017-04-11,16.0,125.71,59.29,109.29
13203,2017-04-11,17.0,130.0,44.29,115.71
13204,2017-04-11,18.0,132.22,43.33,122.78
13205,2017-04-11,19.0,111.11,42.78,98.89
13206,2017-04-11,20.0,108.89,36.25,54.38
13207,2017-04-11,21.0,123.75,30.0,25.0
13208,2017-04-11,22.0,66.25,14.0,21.88
13211,2017-04-12,8.0,60.0,5.0,15.0
13212,2017-04-12,9.0,85.0,13.75,37.5
13213,2017-04-12,10.0,91.25,52.5,75.62
13214,2017-04-12,11.0,105.0,50.83,117.5
13215,2017-04-12,12.0,124.29,69.29,130.0
13216,2017-04-12,13.0,136.25,64.38,123.12
13217,2017-04-12,14.0,140.0,56.88,147.5
13218,2017-04-12,15.0,152.5,47.5,121.25
13219,2017-04-12,16.0,148.33,46.67,114.17
13220,2017-04-12,17.0,110.0,48.57,119.29
13221,2017-04-12,18.0,113.75,32.5,103.12
13222,2017-04-12,19.0,112.5,45.0,95.0
13223,2017-04-12,20.0,128.75,44.29,
13224,2017-04-12,21.0,141.11,27.78,47.5
13225,2017-04-12,22.0,67.14,12.5,35.0
13231,2017-04-13,8.0,60.0,8.57,8.12
13232,2017-04-13,9.0,85.71,18.75,30.62
13233,2017-04-13,10.0,104.38,58.75,73.12
13234,2017-04-13,11.0,120.0,48.57,98.57
13235,2017-04-13,12.0,156.67,48.75,155.62
13236,2017-04-13,13.0,185.71,63.57,124.29
13237,2017-04-13,14.0,202.86,60.71,109.29
13238,2017-04-13,15.0,175.71,50.0,90.0
13239,2017-04-13,16.0,86.67,49.38,117.86
13240,2017-04-13,17.0,127.78,46.67,128.89
13241,2017-04-13,18.0,134.44,,101.25
13242,2017-04-13,19.0,185.0,39.29,95.62
13243,2017-04-13,20.0,208.57,45.0,73.12
13244,2017-04-13,21.0,186.43,22.86,60.71
13245,2017-04-13,22.0,53.89,8.33,26.67
13249,2017-04-14,8.0,72.0,6.67,51.25
13250,2017-04-14,9.0,75.0,15.45,52.14
13251,2017-04-14,10.0,78.75,36.25,66.5
13252,2017-04-14,11.0,110.0,50.71,97.22
13253,2017-04-14,12.0,126.43,41.25,80.62
13254,2017-04-14,13.0,137.78,48.75,97.22
13255,2017-04-14,14.0,133.75,49.38,120.62
13256,2017-04-14,15.0,128.57,42.86,121.67
13257,2017-04-14,16.0,121.67,39.17,110.0
13258,2017-04-14,17.0,147.14,47.86,94.29
13259,2017-04-14,18.0,126.67,38.33,97.86
13260,2017-04-14,19.0,95.56,32.5,92.78
13261,2017-04-14,20.0,125.71,26.43,81.43
13262,2017-04-14,21.0,132.86,22.78,45.0
13263,2017-04-14,22.0,88.89,7.22,22.78
13267,2017-04-15,8.0,60.0,6.67,8.89
13268,2017-04-15,9.0,60.0,7.78,26.67
13269,2017-04-15,10.0,74.29,32.0,43.33
13270,2017-04-15,11.0,83.89,31.67,52.78
13271,2017-04-15,12.0,91.25,28.75,60.0
13272,2017-04-15,13.0,107.5,35.62,85.0
13273,2017-04-15,14.0,118.57,43.57,92.14
13274,2017-04-15,15.0,91.43,37.14,92.86
13275,2017-04-15,16.0,95.0,36.67,87.5
13276,2017-04-15,17.0,114.29,36.43,80.71
13277,2017-04-15,18.0,122.5,37.5,65.62
13278,2017-04-15,19.0,88.75,33.75,60.62
13279,2017-04-15,20.0,86.25,21.88,40.0
13280,2017-04-15,21.0,111.43,12.14,20.71
13281,2017-04-15,22.0,60.56,5.0,16.11
13285,2017-04-16,8.0,33.0,6.25,7.78
13286,2017-04-16,9.0,75.0,9.44,20.0
13287,2017-04-16,10.0,61.43,22.86,33.75
13288,2017-04-16,11.0,72.14,22.22,38.57
13289,2017-04-16,12.0,109.44,17.22,52.78
13290,2017-04-16,13.0,111.43,27.14,50.0
13291,2017-04-16,14.0,83.75,26.25,60.62
13292,2017-04-16,15.0,76.67,21.67,48.89
13293,2017-04-16,16.0,94.29,12.78,64.29
13294,2017-04-16,17.0,107.14,20.71,55.71
13295,2017-04-16,18.0,85.71,7.86,50.0
13296,2017-04-16,19.0,52.5,5.0,58.12
13297,2017-04-16,20.0,85.71,5.0,31.11
13298,2017-04-16,21.0,87.14,5.0,7.86
13299,2017-04-16,22.0,53.33,5.0,5.0
13301,2017-04-17,8.0,55.71,5.0,7.86
13302,2017-04-17,9.0,60.0,5.71,23.57
13303,2017-04-17,10.0,65.0,24.38,46.11
13304,2017-04-17,11.0,88.75,32.78,53.89
13305,2017-04-17,12.0,105.0,23.33,45.62
13306,2017-04-17,13.0,95.0,34.38,71.88
13307,2017-04-17,14.0,87.14,34.29,80.71
13308,2017-04-17,15.0,101.25,25.0,61.88
13309,2017-04-17,16.0,106.25,30.56,70.62
13310,2017-04-17,17.0,74.44,29.0,65.5
13311,2017-04-17,18.0,64.38,23.12,57.5
13312,2017-04-17,19.0,91.67,7.5,48.33
13313,2017-04-17,20.0,102.22,15.62,50.0
13314,2017-04-17,21.0,65.0,6.43,32.86
13315,2017-04-17,22.0,40.0,5.0,6.25
13317,2017-04-18,8.0,45.0,5.0,5.0
13318,2017-04-18,9.0,49.29,7.14,25.0
13319,2017-04-18,10.0,83.12,21.88,42.86
13320,2017-04-18,11.0,98.75,31.88,55.62
13321,2017-04-18,12.0,84.29,30.0,54.29
13322,2017-04-18,13.0,99.29,28.57,54.29
13323,2017-04-18,14.0,123.33,35.5,72.78
13324,2017-04-18,15.0,113.75,26.25,69.38
13325,2017-04-18,16.0,65.0,28.12,54.38
13326,2017-04-18,17.0,76.67,24.44,66.11
13327,2017-04-18,18.0,103.75,13.12,65.0
13328,2017-04-18,19.0,88.75,5.71,50.0
13329,2017-04-18,20.0,58.89,,
13330,2017-04-18,21.0,85.71,,15.0
13331,2017-04-18,22.0,54.29,10.83,12.5
13335,2017-04-19,8.0,45.0,5.62,7.5
13336,2017-04-19,9.0,70.0,5.62,16.25
13337,2017-04-19,10.0,67.78,31.67,45.0
13338,2017-04-19,11.0,94.38,38.75,74.38
13339,2017-04-19,12.0,104.17,41.67,62.86
13340,2017-04-19,13.0,108.75,46.88,78.75
13341,2017-04-19,14.0,98.75,43.75,83.12
13342,2017-04-19,15.0,90.0,40.0,84.38
13343,2017-04-19,16.0,98.33,,70.0
13344,2017-04-19,17.0,100.0,35.0,77.14
13345,2017-04-19,18.0,87.5,39.38,83.75
13346,2017-04-19,19.0,68.12,36.11,68.12
13347,2017-04-19,20.0,81.11,29.44,63.89
13348,2017-04-19,21.0,113.75,20.0,35.0
13349,2017-04-19,22.0,47.78,13.33,28.5
13355,2017-04-20,8.0,37.5,5.0,5.0
13356,2017-04-20,9.0,60.0,8.12,18.75
13357,2017-04-20,10.0,58.75,21.88,43.33
13358,2017-04-20,11.0,76.11,37.5,47.5
13359,2017-04-20,12.0,83.33,26.88,48.12
13360,2017-04-20,13.0,86.67,38.89,64.0
13361,2017-04-20,14.0,91.11,40.0,86.0
13362,2017-04-20,15.0,100.0,30.0,82.14
13363,2017-04-20,16.0,91.25,40.0,67.5
13364,2017-04-20,17.0,90.0,28.57,75.0
13365,2017-04-20,18.0,68.89,27.22,77.78
13366,2017-04-20,19.0,68.75,14.38,57.5
13367,2017-04-20,20.0,85.0,16.25,45.0
13368,2017-04-20,21.0,92.5,7.78,33.12
13369,2017-04-20,22.0,39.5,5.0,15.0
13372,2017-04-21,9.0,56.25,6.88,15.0
13373,2017-04-21,10.0,50.0,14.17,37.27
13374,2017-04-21,11.0,73.75,34.0,54.38
13375,2017-04-21,12.0,80.0,38.57,65.0
13376,2017-04-21,13.0,72.5,38.75,61.67
13377,2017-04-21,14.0,68.75,34.29,71.88
13378,2017-04-21,15.0,76.25,33.75,67.5
13379,2017-04-21,16.0,88.75,29.38,61.88
13380,2017-04-21,17.0,68.89,23.89,75.56
13381,2017-04-21,18.0,64.29,16.43,47.5
13382,2017-04-21,19.0,90.0,15.0,
13383,2017-04-21,20.0,105.0,8.75,15.0
13384,2017-04-21,21.0,50.0,8.57,21.43
13385,2017-04-21,22.0,44.17,5.0,39.17
13386,2017-04-22,9.0,68.33,10.71,6.25
13387,2017-04-22,10.0,70.62,22.86,25.62
13388,2017-04-22,11.0,86.11,37.5,68.75
13389,2017-04-22,12.0,97.78,25.0,94.38
13390,2017-04-22,13.0,102.5,56.88,77.5
13391,2017-04-22,14.0,120.0,62.14,92.86
13392,2017-04-22,15.0,134.29,60.71,85.0
13393,2017-04-22,16.0,158.75,56.43,95.0
13394,2017-04-22,17.0,143.75,50.56,91.11
13395,2017-04-22,18.0,78.89,49.38,68.12
13396,2017-04-22,19.0,107.14,40.71,74.29
13397,2017-04-22,20.0,118.89,30.0,74.44
13398,2017-04-22,21.0,67.5,10.56,39.38
13399,2017-04-22,22.0,67.0,11.11,37.78
13400,2017-04-23,9.0,46.0,6.0,6.0
13401,2017-04-23,10.0,70.0,20.0,35.71
13402,2017-04-23,11.0,88.75,33.33,46.25
13403,2017-04-23,12.0,76.25,47.86,43.75
13404,2017-04-23,13.0,68.75,35.0,45.0
13405,2017-04-23,14.0,93.33,32.14,45.83
13406,2017-04-23,15.0,107.5,30.0,41.88
13407,2017-04-23,16.0,51.43,35.0,47.86
13408,2017-04-23,17.0,71.25,29.38,45.0
13409,2017-04-23,18.0,84.29,20.71,35.71
13410,2017-04-23,19.0,55.0,14.38,34.38
13411,2017-04-23,20.0,54.44,5.0,27.78
13412,2017-04-23,21.0,35.0,5.0,5.0
13414,2017-04-24,9.0,48.75,11.25,5.0
13415,2017-04-24,10.0,67.14,33.46,
13416,2017-04-24,11.0,88.57,36.67,38.89
13417,2017-04-24,12.0,71.67,65.83,65.0
13418,2017-04-24,13.0,85.0,56.25,53.12
13419,2017-04-24,14.0,111.43,42.5,49.17
13420,2017-04-24,15.0,80.0,31.0,43.57
13421,2017-04-24,16.0,63.33,38.33,66.43
13422,2017-04-24,17.0,82.5,32.5,54.38
13423,2017-04-24,18.0,97.78,25.56,52.22
13424,2017-04-24,19.0,71.0,31.88,35.62
13425,2017-04-24,20.0,62.22,12.78,20.56
13426,2017-04-24,21.0,55.83,6.43,5.0
13427,2017-04-24,22.0,84.44,7.22,5.0
13429,2017-04-25,9.0,57.5,11.43,5.71
13430,2017-04-25,10.0,65.0,23.12,30.56
13431,2017-04-25,11.0,82.86,38.33,47.86
13432,2017-04-25,12.0,80.0,45.56,60.56
13433,2017-04-25,13.0,76.67,42.22,77.78
13434,2017-04-25,14.0,93.33,36.67,47.5
13435,2017-04-25,15.0,82.5,27.78,53.12
13436,2017-04-25,16.0,66.25,25.62,65.0
13437,2017-04-25,17.0,95.71,18.57,54.29
13438,2017-04-25,18.0,85.56,24.5,53.33
13439,2017-04-25,19.0,51.43,13.57,46.43
13440,2017-04-25,20.0,66.25,8.75,34.38
13441,2017-04-25,21.0,42.22,10.0,6.25
13444,2017-04-26,9.0,53.33,8.57,5.62
13445,2017-04-26,10.0,55.62,20.0,16.5
13446,2017-04-26,11.0,60.5,38.12,36.25
13447,2017-04-26,12.0,89.29,40.62,35.71
13448,2017-04-26,13.0,91.43,35.62,58.57
13449,2017-04-26,14.0,68.75,31.25,41.67
13450,2017-04-26,15.0,53.33,21.67,59.38
13451,2017-04-26,16.0,75.71,33.33,52.0
13452,2017-04-26,17.0,104.29,22.14,46.43
13453,2017-04-26,18.0,53.89,19.0,43.89
13454,2017-04-26,19.0,57.5,13.12,33.12
13455,2017-04-26,20.0,71.0,10.0,40.0
13456,2017-04-26,21.0,35.0,6.5,22.0
13460,2017-04-27,9.0,62.5,5.83,5.0
13461,2017-04-27,10.0,48.12,11.5,28.75
13462,2017-04-27,11.0,56.88,25.91,44.44
13463,2017-04-27,12.0,73.75,27.5,42.5
13464,2017-04-27,13.0,81.25,31.11,56.88
13465,2017-04-27,14.0,56.25,21.25,48.75
13466,2017-04-27,15.0,58.75,11.11,40.0
13467,2017-04-27,16.0,77.78,22.22,47.78
13468,2017-04-27,17.0,74.29,19.38,51.43
13469,2017-04-27,18.0,40.56,15.56,47.22
13470,2017-04-27,19.0,71.11,14.38,35.56
13471,2017-04-27,20.0,53.75,8.12,37.5
13472,2017-04-27,21.0,43.33,5.0,7.5
13474,2017-04-28,9.0,44.44,12.0,22.86
13475,2017-04-28,10.0,67.5,,40.0
13476,2017-04-28,11.0,98.33,40.62,63.89
13477,2017-04-28,12.0,75.56,52.5,60.0
13478,2017-04-28,13.0,87.14,46.67,62.5
13479,2017-04-28,14.0,92.86,35.0,72.86
13480,2017-04-28,15.0,83.33,40.0,67.5
13481,2017-04-28,16.0,64.29,26.43,55.0
13482,2017-04-28,17.0,97.78,32.78,45.0
13483,2017-04-28,18.0,95.71,30.0,
13484,2017-04-28,19.0,56.25,20.0,59.29
13485,2017-04-28,20.0,76.25,21.88,56.88
13486,2017-04-28,21.0,46.25,6.25,25.0
13487,2017-04-28,22.0,62.22,6.67,29.44
13488,2017-04-29,9.0,61.88,6.67,5.0
13489,2017-04-29,10.0,65.0,27.78,32.5
13490,2017-04-29,11.0,78.89,43.0,50.62
13491,2017-04-29,12.0,90.0,50.0,50.0
13492,2017-04-29,13.0,114.44,52.22,
13493,2017-04-29,14.0,101.25,45.0,
13494,2017-04-29,15.0,81.67,54.44,
13495,2017-04-29,16.0,80.0,58.89,
13496,2017-04-29,17.0,105.0,53.75,
13497,2017-04-29,18.0,100.0,42.0,
13498,2017-04-29,19.0,96.0,41.0,
13499,2017-04-29,20.0,80.0,28.89,69.17
13500,2017-04-29,21.0,64.44,15.56,51.43
13501,2017-04-29,22.0,68.33,9.44,61.67
13503,2017-04-30,9.0,55.71,15.0,
13504,2017-04-30,10.0,66.88,25.0,
13505,2017-04-30,11.0,84.44,31.88,
13506,2017-04-30,12.0,100.0,45.0,61.67
13507,2017-04-30,13.0,108.33,51.11,75.83
13508,2017-04-30,14.0,98.57,58.57,55.0
13509,2017-04-30,15.0,73.33,29.44,71.67
13510,2017-04-30,16.0,78.57,30.71,58.75
13511,2017-04-30,17.0,112.5,31.25,63.33
13512,2017-04-30,18.0,132.5,28.33,53.12
13513,2017-04-30,19.0,65.56,,53.89
13514,2017-04-30,20.0,57.14,12.14,25.71
13515,2017-04-30,21.0,40.0,8.75,10.0
13517,2017-05-01,9.0,52.5,13.57,
13518,2017-05-01,10.0,60.0,12.5,27.5
13530,2017-05-01,11.0,,42.86,49.29
13519,2017-05-01,12.0,73.12,47.5,66.88
13520,2017-05-01,13.0,90.0,38.57,70.0
13521,2017-05-01,14.0,90.0,34.38,55.62
13522,2017-05-01,15.0,60.0,25.62,46.88
13523,2017-05-01,16.0,100.0,28.12,41.88
13524,2017-05-01,17.0,128.57,19.29,53.57
13525,2017-05-01,18.0,73.75,14.5,43.75
13526,2017-05-01,19.0,52.5,10.56,35.0
13527,2017-05-01,20.0,70.0,6.43,34.44
13528,2017-05-01,21.0,37.78,5.0,9.38
13532,2017-05-02,9.0,62.5,7.5,9.29
13533,2017-05-02,10.0,50.71,10.0,24.0
13534,2017-05-02,11.0,50.0,44.38,50.0
13535,2017-05-02,12.0,112.5,28.0,18.57
13536,2017-05-02,13.0,68.75,13.75,36.67
13537,2017-05-02,14.0,63.75,20.83,55.0
13538,2017-05-02,15.0,86.25,18.12,
13539,2017-05-02,16.0,82.86,32.14,46.67
13540,2017-05-02,17.0,70.0,11.25,55.0
13541,2017-05-02,18.0,58.89,6.11,94.44
13542,2017-05-02,19.0,60.0,,62.5
13543,2017-05-02,20.0,67.14,7.5,28.57
13544,2017-05-02,21.0,29.29,5.0,6.43
13547,2017-05-03,9.0,63.75,6.43,6.88
13548,2017-05-03,10.0,65.71,11.88,34.44
13549,2017-05-03,11.0,54.0,28.5,65.0
13550,2017-05-03,12.0,74.0,46.0,48.0
13551,2017-05-03,13.0,91.43,37.14,76.67
13552,2017-05-03,14.0,98.75,38.33,58.33
13553,2017-05-03,15.0,58.33,25.0,52.5
13554,2017-05-03,16.0,71.25,30.0,55.83
13555,2017-05-03,17.0,92.86,37.86,78.12
13556,2017-05-03,18.0,70.0,32.0,72.22
13561,2017-05-03,19.0,,26.67,50.83
13557,2017-05-03,20.0,60.0,18.33,35.56
13558,2017-05-03,21.0,57.14,13.33,40.83
13563,2017-05-04,9.0,52.0,15.0,13.0
13564,2017-05-04,10.0,77.22,16.25,33.75
13565,2017-05-04,11.0,83.75,37.5,49.38
13566,2017-05-04,12.0,66.67,40.0,59.38
13567,2017-05-04,13.0,66.25,38.33,55.71
13568,2017-05-04,14.0,76.25,35.62,61.88
13575,2017-05-04,15.0,,21.0,45.62
13576,2017-05-04,16.0,,34.38,51.43
13569,2017-05-04,17.0,76.67,28.75,52.5
13570,2017-05-04,18.0,87.86,20.0,59.38
13571,2017-05-04,19.0,111.43,25.0,47.14
13572,2017-05-04,20.0,63.33,16.67,37.78
13573,2017-05-04,21.0,41.11,5.0,10.62
13578,2017-05-05,9.0,55.0,5.0,11.11
13579,2017-05-05,10.0,50.0,,35.71
13580,2017-05-05,11.0,66.25,,49.38
13581,2017-05-05,12.0,74.29,25.0,63.89
13582,2017-05-05,13.0,87.78,48.57,60.0
13583,2017-05-05,14.0,98.75,49.29,56.43
13584,2017-05-05,15.0,80.0,47.14,51.43
13585,2017-05-05,16.0,74.44,45.56,58.33
13586,2017-05-05,17.0,85.0,62.86,50.83
13587,2017-05-05,18.0,72.5,40.0,62.5
13588,2017-05-05,19.0,76.25,40.0,38.75
13589,2017-05-05,20.0,55.0,30.62,24.38
13590,2017-05-05,21.0,47.78,13.75,10.62
13591,2017-05-05,22.0,50.0,13.0,13.0
13594,2017-05-06,9.0,68.75,5.0,6.43
13595,2017-05-06,10.0,75.71,,25.5
13596,2017-05-06,11.0,85.0,,42.5
13597,2017-05-06,12.0,108.89,,85.5
13598,2017-05-06,13.0,125.71,,91.88
13599,2017-05-06,14.0,114.29,,101.43
13600,2017-05-06,15.0,90.0,50.0,95.5
13601,2017-05-06,16.0,107.5,60.56,100.0
13602,2017-05-06,17.0,120.0,74.38,106.88
13603,2017-05-06,18.0,128.89,73.33,80.0
13604,2017-05-06,19.0,105.0,76.88,74.38
13605,2017-05-06,20.0,82.22,43.75,58.75
13606,2017-05-06,21.0,42.5,31.5,16.88
13607,2017-05-06,22.0,70.0,28.5,17.5
13609,2017-05-07,9.0,70.0,7.14,10.56
13610,2017-05-07,10.0,70.0,18.5,31.88
13611,2017-05-07,11.0,75.56,42.92,61.11
13612,2017-05-07,12.0,70.0,38.64,85.62
13613,2017-05-07,13.0,90.0,35.0,74.44
13614,2017-05-07,14.0,110.0,38.12,57.22
13615,2017-05-07,15.0,90.0,31.88,56.88
13616,2017-05-07,16.0,75.56,42.5,61.11
13617,2017-05-07,17.0,105.0,31.5,58.75
13618,2017-05-07,18.0,88.0,30.83,50.83
13622,2017-05-07,19.0,,22.22,46.67
13619,2017-05-07,20.0,54.29,19.38,50.62
13620,2017-05-07,21.0,37.14,9.29,37.86
13624,2017-05-08,9.0,53.33,11.11,7.78
13625,2017-05-08,10.0,64.29,17.22,32.86
13626,2017-05-08,11.0,86.25,50.62,62.5
13627,2017-05-08,12.0,108.89,43.33,54.44
13628,2017-05-08,13.0,125.0,60.56,80.5
13629,2017-05-08,14.0,75.0,39.44,74.38
13630,2017-05-08,15.0,68.75,39.38,63.75
13631,2017-05-08,16.0,94.44,41.67,73.89
13632,2017-05-08,17.0,124.29,38.57,75.0
13633,2017-05-08,18.0,64.44,34.0,82.0
13634,2017-05-08,19.0,80.0,32.73,63.33
13635,2017-05-08,20.0,65.56,21.67,45.5
13636,2017-05-08,21.0,47.86,8.12,25.62
13639,2017-05-09,9.0,57.27,8.75,7.92
13640,2017-05-09,10.0,70.0,22.73,47.86
13641,2017-05-09,11.0,88.0,44.0,61.11
13642,2017-05-09,12.0,91.11,51.0,70.0
13643,2017-05-09,13.0,90.0,40.0,50.0
13644,2017-05-09,14.0,88.75,41.25,46.11
13645,2017-05-09,15.0,72.5,25.71,51.25
13646,2017-05-09,16.0,78.89,37.78,58.18
13647,2017-05-09,17.0,86.0,29.44,49.44
13648,2017-05-09,18.0,85.0,28.89,60.0
13649,2017-05-09,19.0,89.38,28.33,40.0
13650,2017-05-09,20.0,58.75,19.38,48.89
13651,2017-05-09,21.0,36.0,5.71,14.29
13665,2017-05-10,9.0,,5.71,8.75
13653,2017-05-10,10.0,84.0,23.57,25.0
13654,2017-05-10,11.0,70.0,44.38,63.12
13655,2017-05-10,12.0,63.75,58.75,60.62
13656,2017-05-10,13.0,92.78,32.27,78.33
13657,2017-05-10,14.0,98.75,31.25,58.75
13658,2017-05-10,15.0,58.89,21.11,45.5
13659,2017-05-10,16.0,75.0,26.88,66.25
13660,2017-05-10,17.0,90.0,23.33,90.83
13666,2017-05-10,18.0,,24.38,78.33
13667,2017-05-10,19.0,,20.45,84.0
13661,2017-05-10,20.0,100.0,18.33,39.44
13662,2017-05-10,21.0,55.62,20.5,29.29
13669,2017-05-11,9.0,58.5,8.12,11.88
13670,2017-05-11,10.0,49.5,32.86,41.0
13671,2017-05-11,11.0,64.38,36.88,56.5
13672,2017-05-11,12.0,84.0,30.0,68.33
13673,2017-05-11,13.0,90.0,40.0,55.56
13674,2017-05-11,14.0,80.0,38.12,52.78
13675,2017-05-11,15.0,50.0,30.0,55.62
13683,2017-05-11,16.0,,40.71,67.5
13676,2017-05-11,17.0,78.89,43.75,77.5
13677,2017-05-11,18.0,94.29,25.62,83.57
13678,2017-05-11,19.0,108.89,33.12,98.12
13679,2017-05-11,20.0,49.09,15.0,25.62
13680,2017-05-11,21.0,55.56,8.75,29.44
13681,2017-05-11,22.0,75.0,23.75,43.12
13686,2017-05-12,9.0,60.0,21.88,25.0
13687,2017-05-12,10.0,57.0,32.5,42.5
13688,2017-05-12,11.0,70.0,38.89,50.56
13689,2017-05-12,12.0,101.25,41.0,68.57
13690,2017-05-12,13.0,85.56,42.27,65.62
13691,2017-05-12,14.0,72.5,35.91,57.5
13692,2017-05-12,15.0,100.0,40.62,63.12
13693,2017-05-12,16.0,107.78,51.88,63.5
13694,2017-05-12,17.0,61.11,23.5,66.67
13695,2017-05-12,18.0,108.89,43.5,66.88
13696,2017-05-12,19.0,98.57,28.5,47.14
13697,2017-05-12,20.0,107.14,23.33,46.67
13698,2017-05-12,21.0,70.0,13.75,32.5
13699,2017-05-12,22.0,87.0,18.33,37.0
13701,2017-05-13,9.0,47.0,12.14,8.75
13702,2017-05-13,10.0,71.11,18.89,15.0
13703,2017-05-13,11.0,100.0,31.67,45.0
13704,2017-05-13,12.0,96.0,44.5,61.0
13705,2017-05-13,13.0,78.75,47.5,66.88
13706,2017-05-13,14.0,90.0,66.67,60.0
13715,2017-05-13,15.0,,57.86,45.0
13707,2017-05-13,16.0,90.0,38.57,55.0
13708,2017-05-13,17.0,91.43,40.0,53.12
13709,2017-05-13,18.0,103.33,35.71,44.17
13710,2017-05-13,19.0,100.0,34.38,37.5
13711,2017-05-13,20.0,81.11,24.38,31.88
13712,2017-05-13,21.0,62.5,11.25,12.5
13713,2017-05-13,22.0,57.5,10.62,28.12
13716,2017-05-14,9.0,38.57,9.29,5.83
13717,2017-05-14,10.0,57.14,36.11,35.0
13718,2017-05-14,11.0,108.57,38.33,40.5
13719,2017-05-14,12.0,117.5,42.0,55.0
13720,2017-05-14,13.0,83.75,37.5,61.25
13721,2017-05-14,14.0,68.75,44.38,52.5
13722,2017-05-14,15.0,94.44,26.11,53.33
13723,2017-05-14,16.0,80.0,39.38,60.0
13724,2017-05-14,17.0,84.44,39.44,60.56
13725,2017-05-14,18.0,97.5,33.33,63.12
13726,2017-05-14,19.0,102.22,22.22,39.44
13727,2017-05-14,20.0,78.89,18.89,43.33
13728,2017-05-14,21.0,42.86,10.0,19.17
13729,2017-05-15,9.0,57.0,9.0,10.0
13730,2017-05-15,10.0,75.56,18.89,34.55
13731,2017-05-15,11.0,76.25,40.0,59.38
13732,2017-05-15,12.0,76.25,52.5,80.0
13733,2017-05-15,13.0,91.43,,86.67
13734,2017-05-15,14.0,106.25,35.0,71.88
13735,2017-05-15,15.0,108.75,44.38,55.62
13736,2017-05-15,16.0,87.78,41.43,78.57
13737,2017-05-15,17.0,91.88,42.5,80.0
13738,2017-05-15,18.0,85.5,45.0,58.89
13739,2017-05-15,19.0,82.78,35.56,53.33
13740,2017-05-15,20.0,85.56,30.62,84.38
13741,2017-05-15,21.0,42.14,14.38,29.38
13744,2017-05-16,9.0,42.08,15.0,11.11
13745,2017-05-16,10.0,66.67,41.25,34.0
13746,2017-05-16,11.0,85.71,51.43,58.12
13747,2017-05-16,12.0,75.0,46.25,48.57
13748,2017-05-16,13.0,71.43,54.38,60.71
13749,2017-05-16,14.0,97.5,38.89,55.62
13750,2017-05-16,15.0,85.0,31.88,50.62
13751,2017-05-16,16.0,62.5,34.17,47.86
13752,2017-05-16,17.0,94.29,35.71,59.29
13753,2017-05-16,18.0,88.75,17.5,76.88
13754,2017-05-16,19.0,47.5,21.88,50.62
13755,2017-05-16,20.0,76.25,13.12,32.5
13756,2017-05-16,21.0,34.44,5.0,7.5
13758,2017-05-17,9.0,60.0,9.29,14.29
13759,2017-05-17,10.0,64.44,30.56,35.62
13760,2017-05-17,11.0,67.14,40.0,48.57
13761,2017-05-17,12.0,70.0,37.86,46.11
13762,2017-05-17,13.0,88.12,41.67,76.43
13763,2017-05-17,14.0,72.86,36.43,56.43
13764,2017-05-17,15.0,58.33,22.5,53.33
13765,2017-05-17,16.0,72.86,41.25,50.71
13766,2017-05-17,17.0,83.75,41.43,59.29
13767,2017-05-17,18.0,85.56,30.0,63.75
13768,2017-05-17,19.0,65.0,30.0,41.11
13769,2017-05-17,20.0,61.25,18.75,35.0
13770,2017-05-17,21.0,40.0,8.33,33.12
13773,2017-05-18,9.0,55.71,15.0,10.0
13774,2017-05-18,10.0,65.0,20.62,25.0
13775,2017-05-18,11.0,62.5,45.0,35.62
13776,2017-05-18,12.0,68.33,39.5,42.78
13777,2017-05-18,13.0,90.0,40.0,54.38
13778,2017-05-18,14.0,95.0,41.88,58.33
13779,2017-05-18,15.0,55.0,26.25,45.62
13780,2017-05-18,16.0,72.86,22.5,51.88
13781,2017-05-18,17.0,71.25,24.38,75.0
13782,2017-05-18,18.0,52.5,14.17,45.62
13783,2017-05-18,19.0,62.86,19.38,44.29
13784,2017-05-18,20.0,57.5,11.25,25.62
13785,2017-05-18,21.0,41.11,9.38,7.5
13788,2017-05-19,9.0,46.5,16.25,23.33
13789,2017-05-19,10.0,75.0,41.82,52.22
13790,2017-05-19,11.0,109.38,42.5,65.0
13791,2017-05-19,12.0,114.29,40.71,56.43
13792,2017-05-19,13.0,86.0,47.14,56.67
13793,2017-05-19,14.0,70.0,47.14,50.71
13794,2017-05-19,15.0,93.75,21.25,40.0
13795,2017-05-19,16.0,100.0,,68.12
13796,2017-05-19,17.0,83.75,30.0,63.75
13797,2017-05-19,18.0,58.75,37.14,57.86
13798,2017-05-19,19.0,70.0,26.25,40.62
13799,2017-05-19,20.0,76.25,22.5,35.56
13800,2017-05-19,21.0,33.33,8.12,
13802,2017-05-20,9.0,30.0,8.89,17.86
13803,2017-05-20,10.0,90.0,23.12,31.88
13804,2017-05-20,11.0,98.57,49.38,55.62
13805,2017-05-20,12.0,70.0,41.11,69.29
13806,2017-05-20,13.0,81.67,54.29,65.83
13807,2017-05-20,14.0,95.0,63.75,77.5
13808,2017-05-20,15.0,107.5,46.25,66.25
13809,2017-05-20,16.0,110.0,53.75,91.43
13810,2017-05-20,17.0,81.43,42.86,77.5
13811,2017-05-20,18.0,90.71,42.86,76.43
13812,2017-05-20,19.0,101.25,45.62,66.88
13813,2017-05-20,20.0,106.67,30.0,50.56
13814,2017-05-20,21.0,72.5,21.67,35.62
13815,2017-05-20,22.0,55.62,15.83,42.5
13816,2017-05-21,9.0,33.33,5.62,9.38
13817,2017-05-21,10.0,75.0,23.85,45.0
13818,2017-05-21,11.0,63.33,43.12,58.75
13819,2017-05-21,12.0,72.22,51.25,60.0
13820,2017-05-21,13.0,104.44,35.62,65.62
13821,2017-05-21,14.0,124.38,47.22,50.0
13822,2017-05-21,15.0,105.0,38.33,
13823,2017-05-21,16.0,67.78,31.25,60.83
13824,2017-05-21,17.0,95.83,35.62,81.67
13825,2017-05-21,18.0,93.33,20.71,44.17
13826,2017-05-21,19.0,56.67,20.0,38.33
13827,2017-05-21,20.0,70.0,17.22,34.29
13828,2017-05-21,21.0,28.75,8.57,15.0
13830,2017-05-22,9.0,46.88,13.75,10.0
13831,2017-05-22,10.0,77.5,40.0,39.44
13832,2017-05-22,11.0,104.29,53.57,60.83
13833,2017-05-22,12.0,97.14,67.5,103.33
13834,2017-05-22,13.0,67.14,53.57,94.29
13835,2017-05-22,14.0,71.43,51.43,70.71
13836,2017-05-22,15.0,125.0,62.14,45.0
13837,2017-05-22,16.0,108.33,40.0,65.0
13838,2017-05-22,17.0,56.25,45.62,77.5
13839,2017-05-22,18.0,78.89,36.88,72.5
13840,2017-05-22,19.0,90.0,37.78,60.0
13844,2017-05-22,20.0,,14.17,5.0
13841,2017-05-22,21.0,53.33,5.0,5.0
13842,2017-05-22,22.0,40.0,5.0,5.0
13845,2017-05-23,9.0,56.25,20.56,8.5
13846,2017-05-23,10.0,75.0,47.78,47.78
13847,2017-05-23,11.0,98.75,53.33,62.5
13848,2017-05-23,12.0,107.78,50.0,63.89
13849,2017-05-23,13.0,82.22,54.38,75.0
13850,2017-05-23,14.0,70.0,36.88,70.0
13851,2017-05-23,15.0,84.0,39.29,47.86
13852,2017-05-23,16.0,90.0,42.86,66.67
13853,2017-05-23,17.0,84.0,46.25,51.67
13854,2017-05-23,18.0,120.0,35.0,53.5
13855,2017-05-23,19.0,120.0,26.82,66.11
13856,2017-05-23,20.0,93.57,18.33,44.38
13857,2017-05-23,21.0,28.5,5.0,18.75
13859,2017-05-24,9.0,65.0,18.0,17.5
13860,2017-05-24,10.0,65.71,36.5,44.44
13861,2017-05-24,11.0,72.86,42.5,52.5
13862,2017-05-24,12.0,84.0,38.0,66.0
13863,2017-05-24,13.0,80.0,40.0,52.14
13864,2017-05-24,14.0,80.0,31.67,54.0
13865,2017-05-24,15.0,87.0,36.11,44.0
13873,2017-05-24,16.0,,49.38,27.5
13866,2017-05-24,17.0,62.5,18.75,28.12
13867,2017-05-24,18.0,77.78,14.44,29.0
13868,2017-05-24,19.0,86.25,12.5,26.25
13869,2017-05-24,20.0,75.0,10.0,26.43
13870,2017-05-24,21.0,55.0,,24.44
13871,2017-05-24,22.0,60.0,,46.25
13875,2017-05-25,9.0,83.33,16.25,5.0
13876,2017-05-25,10.0,74.38,28.75,45.5
13877,2017-05-25,11.0,74.55,42.22,57.22
13878,2017-05-25,12.0,107.27,52.86,72.14
13879,2017-05-25,13.0,126.67,52.5,84.29
13880,2017-05-25,14.0,133.33,44.55,101.11
13881,2017-05-25,15.0,124.29,43.57,71.43
13882,2017-05-25,16.0,127.5,43.75,72.22
13883,2017-05-25,17.0,140.0,52.14,
13884,2017-05-25,18.0,135.0,41.88,51.0
13885,2017-05-25,19.0,91.11,36.82,82.22
13886,2017-05-25,20.0,66.25,30.0,62.5
13887,2017-05-25,21.0,78.75,15.62,32.5
13888,2017-05-25,22.0,80.0,9.29,40.71
13891,2017-05-26,9.0,85.0,20.0,
13892,2017-05-26,10.0,85.0,76.11,
13893,2017-05-26,11.0,110.0,50.0,38.75
13894,2017-05-26,12.0,115.45,58.33,116.82
13895,2017-05-26,13.0,116.67,46.43,180.0
13896,2017-05-26,14.0,92.86,56.43,77.86
13897,2017-05-26,15.0,91.0,41.0,86.25
13898,2017-05-26,16.0,108.57,45.0,112.5
13899,2017-05-26,17.0,121.43,41.5,83.75
13900,2017-05-26,18.0,88.75,37.5,91.25
13901,2017-05-26,19.0,61.67,34.29,82.86
13902,2017-05-26,20.0,73.75,32.86,52.14
13903,2017-05-26,21.0,58.75,10.0,50.62
13904,2017-05-26,22.0,67.78,22.22,45.0
13905,2017-05-27,8.0,55.83,5.62,7.0
13906,2017-05-27,9.0,60.0,6.88,21.43
13907,2017-05-27,10.0,64.29,35.0,50.56
13908,2017-05-27,11.0,105.71,44.29,66.43
13909,2017-05-27,12.0,138.33,45.83,83.33
13910,2017-05-27,13.0,145.0,51.11,101.25
13911,2017-05-27,14.0,93.75,46.88,87.5
13912,2017-05-27,15.0,71.25,43.12,76.25
13913,2017-05-27,16.0,107.14,56.0,105.0
13914,2017-05-27,17.0,152.0,60.0,95.0
13915,2017-05-27,18.0,155.56,45.62,96.88
13916,2017-05-27,19.0,90.0,62.22,90.45
13917,2017-05-27,20.0,96.25,35.0,58.12
13918,2017-05-27,21.0,63.33,16.67,44.0
13919,2017-05-27,22.0,71.25,28.89,48.18
13921,2017-05-28,9.0,50.62,10.56,5.0
13922,2017-05-28,10.0,90.0,25.83,50.0
13923,2017-05-28,11.0,140.0,48.12,81.67
13924,2017-05-28,12.0,160.0,55.71,83.57
13925,2017-05-28,13.0,161.25,57.86,89.29
13926,2017-05-28,14.0,90.56,51.88,130.0
13927,2017-05-28,15.0,81.25,56.25,108.12
13928,2017-05-28,16.0,115.71,48.0,86.43
13929,2017-05-28,17.0,105.56,52.5,110.0
13930,2017-05-28,18.0,94.29,50.0,100.0
13931,2017-05-28,19.0,97.5,41.11,77.78
13932,2017-05-28,20.0,115.56,33.5,68.33
13933,2017-05-28,21.0,110.0,20.71,50.0
13934,2017-05-28,22.0,57.78,18.89,48.5
13935,2017-05-29,9.0,57.0,10.5,11.67
13936,2017-05-29,10.0,84.38,34.09,45.0
13937,2017-05-29,11.0,90.0,40.71,59.29
13938,2017-05-29,12.0,95.0,37.5,71.11
13939,2017-05-29,13.0,97.14,43.57,69.29
13940,2017-05-29,14.0,91.25,45.0,64.38
13941,2017-05-29,15.0,105.0,32.5,60.0
13942,2017-05-29,16.0,100.0,39.5,63.89
13943,2017-05-29,17.0,85.0,32.5,54.38
13944,2017-05-29,18.0,74.29,32.86,62.86
13945,2017-05-29,19.0,77.5,22.22,63.12
13946,2017-05-29,20.0,87.78,18.75,55.0
13947,2017-05-29,21.0,47.5,11.25,28.75
13948,2017-05-29,22.0,56.88,7.22,31.88
13950,2017-05-30,9.0,70.71,7.78,10.0
13951,2017-05-30,10.0,91.25,53.33,
13952,2017-05-30,11.0,99.38,53.57,61.43
13953,2017-05-30,12.0,105.62,50.62,121.25
13954,2017-05-30,13.0,95.0,58.75,153.33
13955,2017-05-30,14.0,132.86,64.29,161.25
13956,2017-05-30,15.0,137.5,57.14,104.38
13957,2017-05-30,16.0,108.89,57.78,76.67
13958,2017-05-30,17.0,76.25,38.89,88.12
13959,2017-05-30,18.0,94.44,38.89,90.56
13960,2017-05-30,19.0,126.25,35.62,75.62
13961,2017-05-30,20.0,131.43,25.62,
13962,2017-05-30,21.0,,7.5,
13963,2017-05-30,22.0,,5.62,
13964,2017-05-31,9.0,71.0,17.86,23.5
13965,2017-05-31,10.0,78.57,52.5,58.12
13966,2017-05-31,11.0,87.14,47.14,72.78
13967,2017-05-31,12.0,104.38,63.12,97.5
13968,2017-05-31,13.0,112.0,54.29,89.38
13975,2017-05-31,14.0,,49.17,90.83
13976,2017-05-31,15.0,,43.75,88.89
13977,2017-05-31,16.0,,48.75,102.78
13978,2017-05-31,17.0,,45.0,88.33
13969,2017-05-31,18.0,140.0,41.88,60.0
13970,2017-05-31,19.0,140.0,30.62,73.75
13971,2017-05-31,20.0,140.0,34.29,57.86
13972,2017-05-31,21.0,140.0,16.43,45.0
13973,2017-05-31,22.0,140.0,24.55,59.38
13980,2017-06-01,9.0,60.71,19.38,22.5
13981,2017-06-01,10.0,105.0,33.57,44.55
13982,2017-06-01,11.0,105.83,47.0,65.0
13983,2017-06-01,12.0,88.75,46.88,111.67
13984,2017-06-01,13.0,93.33,42.5,108.12
13985,2017-06-01,14.0,120.0,47.86,65.71
13986,2017-06-01,15.0,125.0,34.38,74.38
13987,2017-06-01,16.0,71.67,40.0,82.14
13988,2017-06-01,17.0,96.43,35.71,78.57
13989,2017-06-01,18.0,109.0,40.0,53.33
13990,2017-06-01,19.0,73.75,29.44,46.88
13991,2017-06-01,20.0,61.43,19.29,49.38
13992,2017-06-01,21.0,62.5,10.0,21.88
13993,2017-06-01,22.0,60.0,8.57,27.14
13997,2017-06-02,9.0,70.0,8.75,29.5
13998,2017-06-02,10.0,65.56,43.89,56.67
13999,2017-06-02,11.0,90.0,43.5,62.22
14000,2017-06-02,12.0,108.57,45.56,99.29
14001,2017-06-02,13.0,126.25,45.0,108.33
14002,2017-06-02,14.0,127.5,41.88,115.0
14003,2017-06-02,15.0,92.5,52.14,82.86
14004,2017-06-02,16.0,103.33,48.75,100.83
14005,2017-06-02,17.0,110.0,38.89,31.25
14006,2017-06-02,18.0,71.25,22.5,45.62
14007,2017-06-02,19.0,68.89,13.89,38.33
14008,2017-06-02,20.0,86.0,10.0,25.0
14009,2017-06-02,21.0,,12.22,25.0
14010,2017-06-02,22.0,,13.89,34.44
14012,2017-06-03,8.0,60.0,5.0,5.0
14013,2017-06-03,9.0,67.14,8.33,20.71
14014,2017-06-03,10.0,59.29,35.62,54.38
14015,2017-06-03,11.0,103.5,46.25,78.75
14016,2017-06-03,12.0,135.71,60.71,81.88
14017,2017-06-03,13.0,112.5,56.11,78.89
14018,2017-06-03,14.0,87.5,68.75,103.12
14019,2017-06-03,15.0,113.33,42.78,68.89
14020,2017-06-03,16.0,125.0,58.12,91.88
14021,2017-06-03,17.0,132.86,46.25,99.29
14027,2017-06-03,18.0,,46.25,
14022,2017-06-03,19.0,110.0,46.67,57.5
14023,2017-06-03,20.0,65.0,25.62,24.44
14024,2017-06-03,21.0,40.0,8.0,10.0
14025,2017-06-03,22.0,35.0,8.12,8.75
14028,2017-06-04,9.0,67.5,15.0,13.12
14040,2017-06-04,10.0,,30.0,46.25
14029,2017-06-04,11.0,84.0,41.25,60.71
14030,2017-06-04,12.0,101.25,45.0,80.56
14031,2017-06-04,13.0,120.0,53.75,85.0
14032,2017-06-04,14.0,120.0,52.22,71.88
14033,2017-06-04,15.0,150.0,38.33,66.88
14034,2017-06-04,16.0,160.0,41.67,76.67
14035,2017-06-04,17.0,103.12,49.29,70.71
14036,2017-06-04,18.0,80.0,41.88,49.38
14037,2017-06-04,19.0,103.12,27.22,46.11
14038,2017-06-04,20.0,127.5,16.88,39.38
14039,2017-06-04,21.0,30.0,5.0,38.75
14041,2017-06-05,9.0,67.22,11.0,15.0
14042,2017-06-05,10.0,75.0,30.0,55.0
14043,2017-06-05,11.0,106.36,50.62,70.62
14044,2017-06-05,12.0,115.0,52.5,92.5
14045,2017-06-05,13.0,131.43,66.43,99.29
14046,2017-06-05,14.0,135.0,56.67,96.25
14047,2017-06-05,15.0,122.86,75.0,80.0
14048,2017-06-05,16.0,124.44,60.0,111.88
14049,2017-06-05,17.0,114.29,51.43,95.0
14050,2017-06-05,18.0,97.14,59.38,109.44
14051,2017-06-05,19.0,103.75,66.88,73.75
14052,2017-06-05,20.0,115.0,40.62,54.38
14053,2017-06-05,21.0,50.0,16.25,43.75
14054,2017-06-05,22.0,53.75,26.88,45.0
14056,2017-06-06,9.0,56.67,15.0,13.89
14057,2017-06-06,10.0,82.5,40.0,57.86
14058,2017-06-06,11.0,112.22,41.88,81.67
14059,2017-06-06,12.0,133.75,55.56,83.89
14060,2017-06-06,13.0,144.0,56.43,80.0
14069,2017-06-06,14.0,,52.5,80.0
14061,2017-06-06,15.0,130.0,55.0,52.5
14062,2017-06-06,16.0,130.0,35.0,68.33
14063,2017-06-06,17.0,80.0,39.17,60.0
14064,2017-06-06,18.0,93.57,25.0,50.56
14065,2017-06-06,19.0,145.0,27.86,48.75
14066,2017-06-06,20.0,141.43,19.38,30.0
14067,2017-06-06,21.0,47.5,8.33,
14068,2017-06-06,22.0,60.0,6.25,34.38
14070,2017-06-07,9.0,61.67,17.5,10.83
14071,2017-06-07,10.0,117.14,52.14,52.5
14072,2017-06-07,11.0,155.0,78.57,55.0
14073,2017-06-07,12.0,70.0,67.14,48.57
14074,2017-06-07,13.0,94.29,50.62,49.38
14075,2017-06-07,14.0,118.33,39.29,62.5
14076,2017-06-07,15.0,107.14,39.29,78.57
14077,2017-06-07,16.0,130.0,43.33,54.17
14078,2017-06-07,17.0,128.57,40.0,79.38
14079,2017-06-07,18.0,104.29,42.5,70.0
14080,2017-06-07,19.0,79.09,30.56,60.62
14081,2017-06-07,20.0,60.0,28.75,56.25
14082,2017-06-07,21.0,85.0,12.22,35.0
14083,2017-06-07,22.0,75.0,27.78,61.67
14087,2017-06-08,9.0,120.0,13.18,6.88
14088,2017-06-08,10.0,58.33,45.0,45.62
14089,2017-06-08,11.0,95.0,47.78,53.0
14090,2017-06-08,12.0,103.33,45.0,47.5
14091,2017-06-08,13.0,77.78,56.25,71.88
14092,2017-06-08,14.0,120.0,44.29,76.43
14093,2017-06-08,15.0,128.33,43.89,71.43
14094,2017-06-08,16.0,158.75,50.0,84.38
14095,2017-06-08,17.0,170.0,46.67,84.29
14096,2017-06-08,18.0,154.29,38.89,77.14
14097,2017-06-08,19.0,84.44,37.78,76.88
14098,2017-06-08,20.0,102.5,20.0,61.43
14099,2017-06-08,21.0,74.29,10.0,36.43
14100,2017-06-08,22.0,71.11,20.0,42.5
14102,2017-06-09,9.0,105.0,32.22,5.0
14103,2017-06-09,10.0,105.0,33.0,49.17
14104,2017-06-09,11.0,106.25,33.0,99.38
14105,2017-06-09,12.0,113.75,30.0,118.12
14106,2017-06-09,13.0,128.57,50.0,128.12
14107,2017-06-09,14.0,122.86,46.43,102.14
14108,2017-06-09,15.0,105.0,47.5,66.0
14109,2017-06-09,16.0,106.0,27.5,103.33
14110,2017-06-09,17.0,140.0,41.0,90.62
14111,2017-06-09,18.0,167.78,20.0,99.38
14112,2017-06-09,19.0,111.88,42.5,89.29
14113,2017-06-09,20.0,58.57,33.57,66.43
14114,2017-06-09,21.0,68.75,15.62,22.0
14115,2017-06-10,9.0,72.22,25.0,11.0
14116,2017-06-10,10.0,67.22,38.12,33.89
14117,2017-06-10,11.0,63.75,33.89,61.11
14118,2017-06-10,12.0,77.5,39.0,99.44
14119,2017-06-10,13.0,100.0,39.09,117.22
14128,2017-06-10,14.0,,31.88,66.25
14120,2017-06-10,15.0,75.83,14.29,37.14
14121,2017-06-10,16.0,87.5,18.12,42.5
14122,2017-06-10,17.0,114.29,14.29,35.0
14123,2017-06-10,18.0,111.11,14.0,47.22
14124,2017-06-10,19.0,101.11,10.0,31.11
14125,2017-06-10,20.0,93.33,8.89,27.78
14126,2017-06-10,21.0,46.0,5.0,12.0
14127,2017-06-10,22.0,57.5,5.0,13.75
14130,2017-06-11,9.0,45.0,13.5,10.56
14131,2017-06-11,10.0,65.71,26.67,43.33
14132,2017-06-11,11.0,69.38,32.14,64.29
14133,2017-06-11,12.0,80.0,41.25,67.5
14134,2017-06-11,13.0,91.25,46.43,57.86
14135,2017-06-11,14.0,96.25,22.78,60.62
14136,2017-06-11,15.0,90.0,43.5,36.67
14142,2017-06-11,16.0,,42.5,
14137,2017-06-11,17.0,78.0,13.33,33.12
14138,2017-06-11,18.0,78.75,7.5,67.5
14139,2017-06-11,19.0,105.56,11.67,44.44
14140,2017-06-11,20.0,99.0,6.11,25.56
14141,2017-06-11,21.0,38.89,5.0,10.62
14143,2017-06-12,9.0,75.0,16.25,11.43
14144,2017-06-12,10.0,70.0,33.33,48.57
14145,2017-06-12,11.0,80.0,51.88,49.38
14146,2017-06-12,12.0,105.0,64.44,83.89
14147,2017-06-12,13.0,115.71,47.14,87.14
14148,2017-06-12,14.0,122.86,49.38,82.86
14149,2017-06-12,15.0,104.44,45.62,67.78
14150,2017-06-12,16.0,110.0,50.56,78.75
14156,2017-06-12,17.0,,56.25,
14151,2017-06-12,18.0,132.86,30.0,39.38
14152,2017-06-12,19.0,93.33,23.89,70.0
14153,2017-06-12,20.0,73.75,14.0,60.62
14154,2017-06-12,21.0,52.22,8.75,25.0
14155,2017-06-12,22.0,60.0,5.71,23.57
14157,2017-06-13,9.0,68.57,28.57,5.0
14158,2017-06-13,10.0,76.5,28.33,42.5
14159,2017-06-13,11.0,75.71,40.0,73.0
14160,2017-06-13,12.0,100.0,51.43,95.0
14161,2017-06-13,13.0,115.71,53.0,
14162,2017-06-13,14.0,134.29,72.5,
14163,2017-06-13,15.0,144.0,49.5,62.86
14164,2017-06-13,16.0,91.25,41.25,96.11
14165,2017-06-13,17.0,87.78,50.71,92.22
14166,2017-06-13,18.0,103.33,40.62,80.0
14167,2017-06-13,19.0,108.57,33.57,65.62
14168,2017-06-13,20.0,82.22,17.22,51.0
14169,2017-06-13,21.0,48.89,9.38,26.25
14170,2017-06-13,22.0,55.56,5.62,11.11
14171,2017-06-14,9.0,50.0,,12.14
14172,2017-06-14,10.0,77.78,32.78,38.75
14173,2017-06-14,11.0,110.0,56.25,60.56
14174,2017-06-14,12.0,114.44,37.0,65.5
14175,2017-06-14,13.0,110.0,55.56,86.11
14176,2017-06-14,14.0,70.0,50.0,77.14
14177,2017-06-14,15.0,76.67,30.0,73.12
14178,2017-06-14,16.0,117.14,35.62,70.0
14179,2017-06-14,17.0,137.5,28.57,55.0
14180,2017-06-14,18.0,95.56,35.91,72.5
14181,2017-06-14,19.0,90.0,33.89,52.22
14182,2017-06-14,20.0,90.0,31.0,57.5
14183,2017-06-14,21.0,83.33,22.5,54.38
14184,2017-06-14,22.0,56.36,25.91,47.22
14188,2017-06-15,9.0,60.0,21.67,7.5
14189,2017-06-15,10.0,60.0,20.0,46.25
14190,2017-06-15,11.0,92.5,35.5,56.11
14191,2017-06-15,12.0,98.89,20.0,66.25
14192,2017-06-15,13.0,100.0,22.5,84.38
14193,2017-06-15,14.0,93.33,38.33,72.5
14194,2017-06-15,15.0,93.33,43.89,43.33
14195,2017-06-15,16.0,87.5,45.71,50.0
14196,2017-06-15,17.0,85.0,16.88,53.75
14197,2017-06-15,18.0,55.56,14.44,35.0
14198,2017-06-15,19.0,57.78,7.78,26.67
14199,2017-06-15,20.0,69.44,11.67,19.5
14200,2017-06-15,21.0,31.67,10.0,10.83
14204,2017-06-16,9.0,75.0,23.12,26.36
14205,2017-06-16,10.0,56.88,31.67,62.5
14206,2017-06-16,11.0,65.0,51.43,53.75
14207,2017-06-16,12.0,93.33,54.0,85.0
14208,2017-06-16,14.0,110.0,22.5,47.5
14209,2017-06-16,15.0,102.5,46.43,52.5
14210,2017-06-16,16.0,90.0,53.89,
14211,2017-06-16,17.0,132.5,48.75,
14212,2017-06-16,18.0,140.0,41.25,
14213,2017-06-16,19.0,78.89,36.25,
14214,2017-06-16,20.0,72.86,31.67,
14215,2017-06-16,21.0,54.44,20.0,
14217,2017-06-17,9.0,60.0,17.86,5.0
14218,2017-06-17,10.0,56.67,20.0,55.83
14219,2017-06-17,11.0,52.5,31.25,78.75
14220,2017-06-17,12.0,60.0,28.33,81.88
14221,2017-06-17,13.0,90.0,32.22,94.0
14222,2017-06-17,14.0,101.43,,95.0
14223,2017-06-17,15.0,100.0,26.25,75.0
14224,2017-06-17,16.0,116.25,31.25,85.0
14225,2017-06-17,17.0,105.56,20.0,68.75
14226,2017-06-17,18.0,70.0,15.5,40.0
14227,2017-06-17,19.0,110.0,10.0,10.0
14228,2017-06-17,20.0,97.0,5.0,35.0
14229,2017-06-17,21.0,42.86,5.0,24.38
14232,2017-06-18,9.0,60.0,12.22,
14233,2017-06-18,10.0,63.33,16.11,61.67
14234,2017-06-18,11.0,71.25,30.0,73.12
14235,2017-06-18,12.0,85.0,27.22,67.22
14236,2017-06-18,13.0,86.67,30.71,62.14
14237,2017-06-18,14.0,72.86,28.57,60.0
14238,2017-06-18,15.0,65.71,18.12,52.86
14239,2017-06-18,16.0,75.0,32.14,40.0
14240,2017-06-18,17.0,92.0,15.0,40.62
14241,2017-06-18,18.0,64.0,13.5,40.0
14242,2017-06-18,19.0,80.0,5.0,31.88
14243,2017-06-18,20.0,93.33,5.0,21.67
14244,2017-06-18,21.0,35.0,5.0,7.14
14246,2017-06-19,9.0,40.0,9.17,10.83
14247,2017-06-19,10.0,65.56,18.75,41.88
14248,2017-06-19,11.0,94.44,46.11,52.78
14249,2017-06-19,12.0,103.75,55.62,95.0
14250,2017-06-19,13.0,98.33,48.12,84.17
14251,2017-06-19,14.0,112.5,46.25,51.0
14252,2017-06-19,15.0,93.33,25.71,42.5
14253,2017-06-19,16.0,83.75,40.56,49.38
14254,2017-06-19,17.0,97.5,43.75,50.0
14255,2017-06-19,18.0,101.11,33.33,49.44
14256,2017-06-19,19.0,100.0,26.43,40.0
14257,2017-06-19,20.0,83.75,21.25,33.12
14258,2017-06-19,21.0,42.5,7.86,22.14
14259,2017-06-19,22.0,64.44,6.67,21.11
14260,2017-06-20,9.0,30.0,16.11,15.62
14261,2017-06-20,10.0,67.78,38.89,45.62
14262,2017-06-20,11.0,108.75,39.17,65.0
14263,2017-06-20,12.0,115.0,39.29,82.5
14264,2017-06-20,13.0,101.25,45.0,89.44
14265,2017-06-20,14.0,118.75,38.12,79.38
14266,2017-06-20,15.0,105.56,33.33,84.44
14267,2017-06-20,16.0,83.75,41.11,73.12
14268,2017-06-20,17.0,88.75,45.0,91.88
14269,2017-06-20,18.0,113.75,35.0,100.0
14270,2017-06-20,19.0,108.57,30.56,68.57
14271,2017-06-20,20.0,61.43,19.38,49.29
14272,2017-06-20,21.0,55.62,8.12,40.0
14273,2017-06-20,22.0,52.5,5.62,41.25
14275,2017-06-21,9.0,60.0,5.0,9.17
14276,2017-06-21,10.0,63.33,14.29,36.88
14277,2017-06-21,11.0,71.25,35.0,59.29
14278,2017-06-21,12.0,100.0,,98.33
14279,2017-06-21,13.0,113.33,,95.83
14280,2017-06-21,14.0,92.0,,78.0
14281,2017-06-21,15.0,76.67,33.75,70.83
14282,2017-06-21,16.0,71.67,57.5,60.0
14283,2017-06-21,17.0,87.14,50.62,64.29
14284,2017-06-21,18.0,76.67,30.83,57.5
14285,2017-06-21,19.0,58.33,42.14,60.0
14286,2017-06-21,20.0,80.0,30.56,28.0
14287,2017-06-21,21.0,54.44,11.11,25.0
14288,2017-06-21,22.0,50.0,28.89,44.29
14292,2017-06-22,9.0,60.0,16.43,10.71
14293,2017-06-22,10.0,70.0,24.0,40.0
14294,2017-06-22,11.0,73.33,,58.75
14295,2017-06-22,12.0,77.14,38.75,116.43
14296,2017-06-22,13.0,97.14,62.5,102.86
14297,2017-06-22,14.0,118.57,,100.71
14298,2017-06-22,15.0,85.0,26.67,70.0
14299,2017-06-22,16.0,68.33,65.83,58.57
14300,2017-06-22,17.0,86.67,44.17,74.29
14301,2017-06-22,18.0,117.14,40.0,73.12
14302,2017-06-22,19.0,65.71,41.67,52.14
14303,2017-06-22,20.0,55.0,,
14304,2017-06-22,21.0,81.88,20.0,32.5
14305,2017-06-22,22.0,45.0,,50.62
14308,2017-06-23,9.0,73.33,15.0,31.11
14309,2017-06-23,10.0,63.33,32.78,49.0
14310,2017-06-23,11.0,72.22,47.0,67.22
14311,2017-06-23,12.0,93.89,39.5,75.0
14312,2017-06-23,13.0,102.22,45.0,81.67
14313,2017-06-23,14.0,78.89,45.0,90.0
14314,2017-06-23,15.0,91.11,32.78,73.89
14315,2017-06-23,16.0,101.11,38.0,76.25
14316,2017-06-23,17.0,84.44,36.11,
14317,2017-06-23,18.0,56.67,28.89,55.0
14318,2017-06-23,19.0,75.0,22.78,93.5
14319,2017-06-23,20.0,122.22,30.0,108.33
14320,2017-06-23,21.0,63.33,13.64,54.0
14321,2017-06-23,22.0,60.0,17.22,42.22
14323,2017-06-24,9.0,75.0,17.5,15.0
14324,2017-06-24,10.0,72.78,50.91,44.44
14325,2017-06-24,11.0,73.33,36.67,49.44
14326,2017-06-24,12.0,76.67,36.67,61.11
14327,2017-06-24,13.0,92.22,38.89,66.11
14328,2017-06-24,14.0,95.45,41.11,70.0
14329,2017-06-24,15.0,73.33,36.5,47.73
14330,2017-06-24,16.0,85.56,33.89,62.22
14331,2017-06-24,17.0,88.89,26.11,72.22
14332,2017-06-24,18.0,81.11,26.11,95.71
14333,2017-06-24,19.0,67.22,27.78,
14334,2017-06-24,20.0,82.86,25.45,
14335,2017-06-24,21.0,36.67,12.78,
14339,2017-06-25,9.0,49.0,11.67,9.38
14340,2017-06-25,10.0,60.0,28.89,47.22
14341,2017-06-25,11.0,62.5,39.44,55.56
14342,2017-06-25,12.0,74.44,42.22,52.0
14343,2017-06-25,13.0,101.11,37.78,56.67
14344,2017-06-25,14.0,139.0,45.0,66.67
14345,2017-06-25,15.0,131.0,34.0,47.78
14346,2017-06-25,16.0,64.44,28.0,62.22
14347,2017-06-25,17.0,84.44,27.5,61.11
14348,2017-06-25,18.0,101.11,18.5,57.78
14349,2017-06-25,19.0,53.33,15.56,49.44
14350,2017-06-25,20.0,114.44,17.22,45.0
14351,2017-06-25,21.0,68.33,9.44,34.17
14353,2017-06-26,9.0,41.67,8.12,25.0
14354,2017-06-26,10.0,86.67,35.5,50.0
14355,2017-06-26,11.0,114.55,37.78,87.5
14356,2017-06-26,12.0,102.22,45.56,132.5
14357,2017-06-26,13.0,88.89,55.0,106.67
14358,2017-06-26,14.0,120.0,49.44,70.0
14359,2017-06-26,15.0,150.0,56.67,57.5
14360,2017-06-26,16.0,150.0,46.11,90.0
14361,2017-06-26,17.0,117.78,45.56,117.78
14362,2017-06-26,18.0,98.89,42.0,105.56
14363,2017-06-26,19.0,97.78,33.33,81.11
14364,2017-06-26,20.0,127.78,30.0,68.33
14365,2017-06-26,21.0,56.11,8.64,35.56
14366,2017-06-26,22.0,65.56,5.56,53.89
14368,2017-06-27,9.0,51.11,5.0,13.5
14369,2017-06-27,10.0,76.0,,62.22
14370,2017-06-27,11.0,105.56,,68.5
14371,2017-06-27,12.0,105.56,,102.78
14372,2017-06-27,13.0,113.89,,106.11
14373,2017-06-27,14.0,109.44,,93.33
14374,2017-06-27,15.0,116.25,,93.75
14379,2017-06-27,19.0,,,41.5
14375,2017-06-27,20.0,95.0,,68.33
14376,2017-06-27,21.0,63.33,,23.89
14377,2017-06-27,22.0,83.33,,30.0
14380,2017-06-28,9.0,73.33,18.12,16.67
14381,2017-06-28,10.0,75.0,20.0,59.0
14382,2017-06-28,11.0,112.0,33.89,70.0
14383,2017-06-28,12.0,172.22,43.33,121.67
14384,2017-06-28,13.0,200.0,58.0,118.5
14385,2017-06-28,14.0,177.14,60.71,112.14
14386,2017-06-28,15.0,85.56,46.67,83.33
14387,2017-06-28,16.0,78.89,51.11,100.5
14388,2017-06-28,17.0,120.0,47.78,111.67
14389,2017-06-28,18.0,143.33,46.67,105.0
14390,2017-06-28,19.0,132.78,43.33,93.33
14391,2017-06-28,20.0,93.33,37.22,68.33
14392,2017-06-28,21.0,56.0,20.56,48.33
14393,2017-06-28,22.0,80.0,25.56,65.56
14398,2017-06-29,9.0,50.0,8.0,11.67
14399,2017-06-29,10.0,90.0,11.5,49.0
14400,2017-06-29,11.0,111.11,26.88,62.78
14401,2017-06-29,12.0,123.33,21.88,60.0
14402,2017-06-29,13.0,144.44,32.22,99.5
14403,2017-06-29,14.0,121.67,53.12,115.0
14404,2017-06-29,15.0,83.33,41.11,68.33
14405,2017-06-29,16.0,85.56,31.11,72.22
14406,2017-06-29,17.0,111.11,33.5,70.0
14407,2017-06-29,18.0,101.11,24.44,73.89
14408,2017-06-29,19.0,89.44,28.33,71.67
14409,2017-06-29,20.0,76.67,21.11,67.22
14410,2017-06-29,21.0,44.44,11.11,30.56
14413,2017-06-30,9.0,64.0,9.5,34.0
14414,2017-06-30,10.0,68.57,20.0,57.14
14415,2017-06-30,11.0,80.0,19.5,81.67
14416,2017-06-30,12.0,96.0,28.33,88.18
14417,2017-06-30,13.0,104.44,38.89,89.44
14418,2017-06-30,14.0,122.0,37.22,89.44
14419,2017-06-30,15.0,106.0,29.29,106.67
14420,2017-06-30,16.0,74.44,41.11,66.67
14425,2017-06-30,17.0,,29.44,
14426,2017-06-30,18.0,,21.67,52.5
14421,2017-06-30,19.0,70.0,16.67,63.89
14422,2017-06-30,20.0,88.89,13.75,63.33
14423,2017-06-30,21.0,60.0,10.56,30.91
14427,2017-07-01,9.0,60.0,5.0,5.0
14428,2017-07-01,10.0,53.33,28.89,38.5
14429,2017-07-01,11.0,66.67,28.0,42.78
14430,2017-07-01,12.0,76.67,37.78,52.5
14431,2017-07-01,13.0,85.56,42.78,
14432,2017-07-01,14.0,98.33,45.56,
14440,2017-07-01,15.0,,49.44,
14433,2017-07-01,16.0,90.0,30.0,
14434,2017-07-01,17.0,105.0,27.22,35.0
14435,2017-07-01,18.0,76.67,38.0,66.11
14436,2017-07-01,19.0,105.56,32.78,90.0
14437,2017-07-01,20.0,102.22,12.22,48.33
14438,2017-07-01,21.0,57.78,10.56,22.78
14441,2017-07-02,9.0,48.75,10.62,10.42
14442,2017-07-02,10.0,62.31,53.18,44.5
14443,2017-07-02,11.0,103.33,31.25,70.0
14444,2017-07-02,12.0,95.56,32.5,63.33
14445,2017-07-02,13.0,91.11,42.5,78.33
14446,2017-07-02,14.0,111.11,40.56,60.0
14447,2017-07-02,15.0,91.11,43.12,62.5
14448,2017-07-02,16.0,75.56,45.5,59.44
14449,2017-07-02,17.0,82.22,31.67,68.33
14450,2017-07-02,18.0,112.22,29.58,81.67
14451,2017-07-02,19.0,114.44,26.67,70.62
14452,2017-07-02,20.0,49.17,13.89,37.78
14453,2017-07-02,21.0,32.22,8.0,34.44
14455,2017-07-03,8.0,45.0,6.5,9.5
14456,2017-07-03,9.0,80.45,14.29,49.62
14457,2017-07-03,10.0,68.64,33.46,66.11
14458,2017-07-03,11.0,97.0,54.44,82.22
14459,2017-07-03,12.0,120.0,47.78,111.67
14460,2017-07-03,13.0,130.0,50.0,92.5
14461,2017-07-03,14.0,127.78,79.29,93.0
14462,2017-07-03,15.0,127.78,51.0,91.67
14463,2017-07-03,16.0,130.0,69.09,105.0
14470,2017-07-03,17.0,,58.57,105.0
14464,2017-07-03,18.0,109.38,60.0,77.78
14465,2017-07-03,19.0,130.0,45.0,106.67
14466,2017-07-03,20.0,136.67,32.78,95.0
14467,2017-07-03,21.0,120.0,23.64,75.56
14468,2017-07-03,22.0,101.11,35.45,72.78
14474,2017-07-04,8.0,39.55,5.0,6.11
14475,2017-07-04,9.0,81.0,11.5,34.0
14476,2017-07-04,10.0,90.0,18.33,67.5
14477,2017-07-04,11.0,108.89,,95.5
14478,2017-07-04,12.0,130.0,45.83,115.5
14479,2017-07-04,13.0,130.0,69.44,127.78
14480,2017-07-04,14.0,143.33,80.0,142.22
14481,2017-07-04,15.0,138.75,75.56,138.12
14482,2017-07-04,16.0,143.33,78.89,132.5
14483,2017-07-04,17.0,126.0,63.75,120.0
14484,2017-07-04,18.0,105.56,,121.82
14485,2017-07-04,19.0,112.0,45.71,125.0
14486,2017-07-04,20.0,126.67,37.22,117.22
14487,2017-07-04,21.0,130.0,22.22,96.11
14488,2017-07-04,22.0,75.0,47.5,91.11
14492,2017-07-05,9.0,60.0,16.25,14.0
14493,2017-07-05,10.0,62.22,21.25,50.0
14494,2017-07-05,11.0,68.89,35.0,66.5
14495,2017-07-05,12.0,82.22,41.67,83.46
14496,2017-07-05,13.0,85.56,46.0,94.0
14497,2017-07-05,14.0,101.11,47.22,82.22
14498,2017-07-05,15.0,106.67,35.56,68.33
14499,2017-07-05,16.0,87.78,42.22,76.67
14500,2017-07-05,17.0,84.44,34.44,81.67
14501,2017-07-05,18.0,110.0,26.11,71.11
14502,2017-07-05,19.0,91.11,18.89,64.5
14503,2017-07-05,20.0,81.11,16.11,47.22
14504,2017-07-05,21.0,53.33,8.89,43.33
14505,2017-07-05,22.0,60.0,10.0,36.11
14507,2017-07-06,9.0,60.0,7.86,11.5
14508,2017-07-06,10.0,69.0,21.67,49.44
14509,2017-07-06,11.0,97.78,41.36,65.0
14510,2017-07-06,12.0,109.09,41.5,70.0
14511,2017-07-06,13.0,110.0,40.0,81.67
14512,2017-07-06,14.0,110.0,46.25,95.0
14513,2017-07-06,15.0,103.33,45.62,95.0
14514,2017-07-06,16.0,97.78,47.14,92.86
14515,2017-07-06,17.0,107.5,36.11,75.0
14516,2017-07-06,18.0,120.0,25.0,77.5
14517,2017-07-06,19.0,90.0,28.75,72.22
14518,2017-07-06,20.0,92.0,23.5,68.0
14519,2017-07-06,21.0,65.0,8.5,21.11
14522,2017-07-07,9.0,86.11,15.0,35.0
14523,2017-07-07,10.0,87.0,31.67,63.33
14524,2017-07-07,11.0,74.5,42.78,51.67
14525,2017-07-07,12.0,82.22,39.0,65.0
14526,2017-07-07,13.0,86.67,31.67,81.5
14527,2017-07-07,14.0,100.0,37.22,77.22
14528,2017-07-07,15.0,73.33,29.55,68.89
14529,2017-07-07,16.0,75.56,27.5,60.0
14530,2017-07-07,17.0,92.22,22.5,80.56
14531,2017-07-07,18.0,94.44,21.11,83.33
14532,2017-07-07,19.0,80.0,17.78,57.22
14533,2017-07-07,20.0,56.67,9.44,51.11
14534,2017-07-07,21.0,26.0,10.56,65.0
14537,2017-07-08,9.0,56.67,9.38,5.0
14538,2017-07-08,10.0,56.67,16.11,45.0
14539,2017-07-08,11.0,78.89,24.0,55.0
14540,2017-07-08,12.0,63.0,23.33,51.67
14541,2017-07-08,13.0,77.78,30.0,55.0
14542,2017-07-08,14.0,86.67,37.78,
14543,2017-07-08,15.0,90.0,27.5,55.0
14544,2017-07-08,16.0,80.0,36.36,63.33
14545,2017-07-08,17.0,97.78,25.0,87.0
14546,2017-07-08,18.0,76.67,15.0,87.22
14547,2017-07-08,19.0,61.11,14.44,52.22
14548,2017-07-08,20.0,88.57,10.0,43.89
14549,2017-07-08,21.0,53.33,5.0,17.22
14553,2017-07-09,9.0,55.5,7.78,11.5
14554,2017-07-09,10.0,50.5,28.18,39.44
14555,2017-07-09,11.0,59.09,37.22,56.82
14556,2017-07-09,12.0,74.0,47.22,53.18
14557,2017-07-09,13.0,91.11,25.5,66.0
14558,2017-07-09,14.0,97.0,48.57,84.09
14559,2017-07-09,15.0,73.64,40.0,65.56
14560,2017-07-09,16.0,82.22,30.56,52.78
14561,2017-07-09,17.0,112.5,26.5,61.11
14562,2017-07-09,18.0,86.5,19.44,55.5
14563,2017-07-09,19.0,49.5,17.14,50.71
14564,2017-07-09,20.0,66.0,,
14565,2017-07-09,21.0,48.89,5.0,27.5
14568,2017-07-10,9.0,33.33,12.5,19.0
14569,2017-07-10,10.0,88.0,53.33,38.33
14570,2017-07-10,11.0,104.44,48.33,63.89
14571,2017-07-10,12.0,82.22,58.89,69.44
14572,2017-07-10,13.0,83.33,52.22,94.44
14573,2017-07-10,14.0,100.0,53.33,96.11
14574,2017-07-10,15.0,90.0,42.78,86.11
14575,2017-07-10,16.0,87.5,54.44,79.38
14581,2017-07-10,17.0,,53.89,67.5
14576,2017-07-10,18.0,170.0,36.88,88.33
14577,2017-07-10,19.0,185.56,36.11,95.56
14578,2017-07-10,20.0,132.78,28.33,76.11
14579,2017-07-10,21.0,32.22,7.22,21.11
14584,2017-07-11,9.0,45.56,19.29,15.0
14585,2017-07-11,10.0,67.78,21.11,65.0
14586,2017-07-11,11.0,98.89,45.5,75.56
14587,2017-07-11,12.0,94.44,47.14,67.78
14588,2017-07-11,13.0,92.22,58.89,76.11
14589,2017-07-11,14.0,100.0,46.67,78.33
14590,2017-07-11,15.0,100.0,40.56,74.38
14591,2017-07-11,16.0,107.14,48.33,78.57
14592,2017-07-11,17.0,132.22,37.78,78.89
14593,2017-07-11,18.0,140.0,26.11,67.5
14597,2017-07-11,19.0,,30.56,43.33
14594,2017-07-11,20.0,110.0,17.78,69.44
14595,2017-07-11,21.0,56.0,5.0,28.89
14598,2017-07-12,9.0,72.0,19.5,26.11
14599,2017-07-12,10.0,76.67,69.0,76.11
14600,2017-07-12,11.0,84.5,75.0,119.5
14601,2017-07-12,12.0,95.62,62.5,103.0
14611,2017-07-12,13.0,,58.33,113.57
14612,2017-07-12,14.0,,95.0,91.25
14602,2017-07-12,15.0,111.11,57.78,84.44
14603,2017-07-12,16.0,134.44,64.44,120.56
14604,2017-07-12,17.0,146.36,53.33,98.89
14605,2017-07-12,18.0,144.44,57.78,85.0
14606,2017-07-12,19.0,100.0,57.22,83.33
14607,2017-07-12,20.0,71.25,40.56,61.11
14608,2017-07-12,21.0,90.0,16.11,26.11
14614,2017-07-13,9.0,56.67,24.5,15.5
14615,2017-07-13,10.0,76.67,39.38,72.92
14616,2017-07-13,11.0,105.56,71.0,61.5
14617,2017-07-13,12.0,127.78,41.67,70.0
14618,2017-07-13,13.0,120.0,48.33,86.11
14619,2017-07-13,14.0,120.0,47.78,90.0
14620,2017-07-13,15.0,90.0,41.67,57.0
14621,2017-07-13,16.0,130.0,54.44,
14622,2017-07-13,17.0,130.0,55.0,80.0
14623,2017-07-13,18.0,130.0,35.0,96.0
14624,2017-07-13,19.0,116.67,30.0,84.44
14625,2017-07-13,20.0,68.89,31.67,51.67
14626,2017-07-13,21.0,51.11,10.56,31.11
14629,2017-07-14,9.0,60.0,28.0,29.0
14630,2017-07-14,10.0,78.0,40.0,56.11
14631,2017-07-14,11.0,89.5,44.0,56.67
14632,2017-07-14,12.0,95.56,48.75,71.67
14633,2017-07-14,13.0,108.89,48.89,66.67
14634,2017-07-14,14.0,117.78,33.89,68.33
14635,2017-07-14,15.0,102.86,30.0,53.33
14642,2017-07-14,16.0,,23.33,87.22
14636,2017-07-14,17.0,103.33,33.33,77.22
14637,2017-07-14,18.0,107.78,37.27,75.0
14638,2017-07-14,19.0,103.33,34.44,55.5
14639,2017-07-14,20.0,90.0,23.89,51.67
14640,2017-07-14,21.0,55.0,6.67,37.22
14643,2017-07-15,9.0,54.0,10.0,8.75
14644,2017-07-15,10.0,90.0,13.5,39.55
14645,2017-07-15,11.0,92.0,32.27,48.89
14646,2017-07-15,12.0,81.11,56.0,66.76
14647,2017-07-15,13.0,83.33,38.5,79.17
14648,2017-07-15,14.0,108.89,36.67,65.56
14649,2017-07-15,15.0,114.0,35.0,62.22
14650,2017-07-15,16.0,91.11,41.67,78.33
14651,2017-07-15,17.0,90.91,28.89,85.56
14652,2017-07-15,18.0,110.0,35.56,83.0
14653,2017-07-15,19.0,110.0,32.78,56.5
14654,2017-07-15,20.0,84.44,17.14,54.0
14655,2017-07-15,21.0,42.22,9.44,33.33
14659,2017-07-16,9.0,53.75,6.88,11.67
14660,2017-07-16,10.0,64.44,15.91,33.64
14661,2017-07-16,11.0,111.25,28.5,47.0
14662,2017-07-16,12.0,127.5,46.67,47.5
14663,2017-07-16,13.0,125.56,36.88,70.56
14664,2017-07-16,14.0,97.27,36.67,56.11
14665,2017-07-16,15.0,66.67,35.0,52.78
14666,2017-07-16,16.0,85.56,32.5,53.5
14667,2017-07-16,17.0,124.44,32.0,74.44
14668,2017-07-16,18.0,141.11,28.33,72.78
14669,2017-07-16,19.0,67.22,28.89,63.89
14670,2017-07-16,20.0,63.33,38.75,56.0
14671,2017-07-16,21.0,53.33,,23.5
14674,2017-07-17,9.0,54.5,20.0,28.0
14675,2017-07-17,10.0,71.11,38.89,55.56
14676,2017-07-17,11.0,95.56,65.5,70.0
14677,2017-07-17,12.0,113.33,61.11,101.0
14678,2017-07-17,13.0,120.0,40.0,88.89
14679,2017-07-17,14.0,124.0,42.22,77.78
14680,2017-07-17,15.0,113.33,44.44,81.11
14681,2017-07-17,16.0,109.09,57.22,108.33
14682,2017-07-17,17.0,130.0,54.38,90.0
14687,2017-07-17,18.0,,30.0,
14683,2017-07-17,19.0,130.0,28.0,42.22
14684,2017-07-17,20.0,130.0,8.0,43.33
14685,2017-07-17,21.0,72.78,9.44,21.67
14690,2017-07-18,9.0,50.0,22.5,13.33
14691,2017-07-18,10.0,66.67,40.56,60.56
14692,2017-07-18,11.0,103.33,43.89,74.44
14693,2017-07-18,12.0,116.67,46.88,88.33
14694,2017-07-18,13.0,128.89,,107.22
14695,2017-07-18,14.0,123.33,,98.89
14696,2017-07-18,15.0,112.22,,119.44
14697,2017-07-18,16.0,131.43,,140.0
14698,2017-07-18,19.0,140.0,,48.12
14699,2017-07-18,20.0,110.0,,88.33
14700,2017-07-18,21.0,55.56,,50.0
14702,2017-07-19,9.0,68.0,23.75,22.5
14703,2017-07-19,10.0,90.0,48.89,54.44
14704,2017-07-19,11.0,105.0,65.56,88.33
14705,2017-07-19,12.0,125.56,55.71,83.89
14706,2017-07-19,13.0,146.67,,111.11
14707,2017-07-19,14.0,150.0,23.75,109.44
14708,2017-07-19,15.0,148.89,42.14,111.25
14709,2017-07-19,16.0,142.22,72.86,
14710,2017-07-19,17.0,103.75,72.22,83.75
14716,2017-07-19,18.0,,75.56,
14711,2017-07-19,19.0,113.33,40.0,84.38
14712,2017-07-19,20.0,150.0,44.44,94.44
14713,2017-07-19,21.0,87.22,21.67,57.22
14719,2017-07-20,9.0,51.0,21.67,17.22
14720,2017-07-20,10.0,76.67,45.45,61.11
14721,2017-07-20,11.0,97.0,52.5,70.5
14722,2017-07-20,12.0,89.5,62.22,87.5
14723,2017-07-20,13.0,106.67,45.56,108.89
14724,2017-07-20,14.0,125.56,50.0,83.33
14725,2017-07-20,15.0,97.78,50.0,91.5
14726,2017-07-20,16.0,98.33,41.67,81.67
14727,2017-07-20,17.0,105.0,38.89,95.0
14731,2017-07-20,18.0,,21.67,
14732,2017-07-20,19.0,,23.89,
14728,2017-07-20,20.0,110.0,14.5,23.57
14729,2017-07-20,21.0,38.89,9.44,21.67
14735,2017-07-21,9.0,60.0,33.33,31.11
14736,2017-07-21,10.0,71.11,45.56,62.22
14737,2017-07-21,11.0,101.0,45.56,64.44
14738,2017-07-21,12.0,91.11,53.12,87.78
14739,2017-07-21,13.0,91.67,53.33,101.67
14748,2017-07-21,14.0,,57.22,
14740,2017-07-21,15.0,100.0,38.89,42.14
14741,2017-07-21,16.0,80.0,31.5,67.78
14742,2017-07-21,17.0,89.0,32.78,68.89
14743,2017-07-21,18.0,124.44,33.89,65.0
14744,2017-07-21,19.0,166.0,27.22,62.22
14745,2017-07-21,20.0,176.67,22.22,58.33
14746,2017-07-21,21.0,42.86,11.67,27.22
14749,2017-07-22,9.0,70.0,10.83,19.38
14750,2017-07-22,10.0,67.78,16.5,57.78
14751,2017-07-22,11.0,56.11,30.0,65.56
14752,2017-07-22,12.0,86.67,42.5,75.56
14753,2017-07-22,13.0,105.0,53.75,73.75
14754,2017-07-22,14.0,110.0,51.67,48.0
14755,2017-07-22,15.0,107.5,26.67,61.67
14756,2017-07-22,16.0,98.89,43.33,91.67
14757,2017-07-22,17.0,147.78,37.78,88.33
14758,2017-07-22,18.0,153.0,31.67,69.44
14759,2017-07-22,19.0,85.56,27.78,66.67
14760,2017-07-22,20.0,67.78,23.33,53.89
14761,2017-07-22,21.0,42.78,12.22,35.56
14765,2017-07-23,9.0,50.5,10.0,10.0
14766,2017-07-23,10.0,78.33,17.0,40.0
14767,2017-07-23,11.0,98.89,34.44,52.78
14768,2017-07-23,12.0,121.0,41.11,58.5
14769,2017-07-23,13.0,136.67,40.56,55.0
14770,2017-07-23,14.0,94.44,45.56,
14771,2017-07-23,15.0,77.78,29.5,61.43
14772,2017-07-23,16.0,116.67,48.75,89.44
14773,2017-07-23,17.0,136.0,37.22,106.11
14774,2017-07-23,18.0,127.78,31.5,86.11
14775,2017-07-23,19.0,97.78,21.36,66.11
14776,2017-07-23,20.0,54.44,15.56,57.22
14777,2017-07-23,21.0,41.11,11.11,30.0
14779,2017-07-24,9.0,43.5,11.88,18.89
14780,2017-07-24,10.0,63.18,22.0,40.0
14781,2017-07-24,11.0,116.67,40.0,69.44
14782,2017-07-24,12.0,131.11,46.67,90.56
14783,2017-07-24,13.0,127.78,57.22,112.78
14784,2017-07-24,14.0,130.0,47.0,97.78
14785,2017-07-24,15.0,108.89,52.14,70.0
14786,2017-07-24,16.0,112.22,48.89,
14787,2017-07-24,17.0,134.44,40.56,73.12
14788,2017-07-24,18.0,157.78,35.0,106.67
14789,2017-07-24,19.0,173.0,27.78,105.0
14790,2017-07-24,20.0,124.0,25.0,88.89
14791,2017-07-24,21.0,54.44,6.67,62.78
14792,2017-07-24,22.0,74.44,14.44,44.44
14795,2017-07-25,9.0,41.67,8.75,13.33
14796,2017-07-25,10.0,61.67,28.5,57.0
14797,2017-07-25,11.0,92.5,51.67,88.33
14798,2017-07-25,12.0,95.56,52.22,78.33
14799,2017-07-25,13.0,116.67,50.0,83.33
14800,2017-07-25,14.0,156.67,58.33,102.78
14801,2017-07-25,15.0,188.57,43.33,102.22
14802,2017-07-25,16.0,193.33,55.0,103.33
14803,2017-07-25,17.0,90.0,42.78,115.0
14804,2017-07-25,18.0,58.18,32.22,123.89
14805,2017-07-25,19.0,132.22,36.67,118.5
14806,2017-07-25,20.0,117.78,23.89,110.56
14807,2017-07-25,21.0,83.33,13.33,71.67
14808,2017-07-25,22.0,65.0,18.89,37.78
14810,2017-07-26,9.0,40.0,13.33,14.29
14811,2017-07-26,10.0,77.5,36.5,42.22
14812,2017-07-26,11.0,80.0,45.5,76.11
14813,2017-07-26,12.0,107.78,43.89,90.56
14814,2017-07-26,13.0,120.0,46.67,90.0
14815,2017-07-26,14.0,122.22,42.0,92.22
14816,2017-07-26,15.0,120.0,45.0,94.44
14824,2017-07-26,16.0,,48.89,86.11
14817,2017-07-26,17.0,140.0,41.0,113.89
14818,2017-07-26,18.0,140.0,20.0,108.33
14819,2017-07-26,19.0,140.0,43.33,93.33
14820,2017-07-26,20.0,140.0,37.22,91.67
14821,2017-07-26,21.0,87.22,22.5,60.5
14822,2017-07-26,22.0,92.22,35.45,72.5
14827,2017-07-27,9.0,61.5,13.0,13.33
14828,2017-07-27,10.0,65.5,29.44,52.5
14829,2017-07-27,11.0,66.67,48.89,67.78
14830,2017-07-27,12.0,94.44,40.56,72.78
14831,2017-07-27,13.0,115.0,51.67,90.0
14832,2017-07-27,14.0,125.56,39.44,87.78
14833,2017-07-27,15.0,96.67,30.56,70.0
14834,2017-07-27,16.0,88.75,33.33,67.5
14835,2017-07-27,17.0,91.0,28.33,85.56
14836,2017-07-27,18.0,120.0,31.5,94.44
14837,2017-07-27,19.0,103.33,22.22,72.78
14838,2017-07-27,20.0,106.25,21.25,76.25
14839,2017-07-27,21.0,41.11,11.67,26.67
14844,2017-07-28,9.0,60.0,27.5,43.33
14845,2017-07-28,10.0,64.55,40.56,60.0
14846,2017-07-28,11.0,86.0,47.78,
14847,2017-07-28,12.0,108.89,41.67,75.0
14848,2017-07-28,13.0,110.91,43.0,98.33
14849,2017-07-28,14.0,110.0,42.78,99.17
14850,2017-07-28,15.0,116.67,35.0,
14851,2017-07-28,16.0,120.0,43.33,95.0
14852,2017-07-28,17.0,136.0,34.44,78.33
14853,2017-07-28,18.0,136.67,29.38,92.78
14854,2017-07-28,19.0,92.78,35.5,91.67
14855,2017-07-28,20.0,88.75,17.0,70.56
14856,2017-07-28,21.0,68.89,6.67,30.0
14858,2017-07-29,9.0,41.25,8.33,11.25
14859,2017-07-29,10.0,67.27,25.56,37.27
14860,2017-07-29,11.0,104.55,29.55,47.22
14861,2017-07-29,12.0,122.22,39.5,67.22
14862,2017-07-29,13.0,138.89,42.22,63.5
14863,2017-07-29,14.0,121.0,42.78,65.0
14864,2017-07-29,15.0,77.78,37.22,73.89
14865,2017-07-29,16.0,88.89,45.5,87.78
14866,2017-07-29,17.0,90.0,40.56,87.22
14867,2017-07-29,18.0,153.33,40.5,60.56
14868,2017-07-29,19.0,147.78,35.0,81.11
14869,2017-07-29,20.0,127.78,22.78,55.0
14870,2017-07-29,21.0,47.27,11.11,33.33
14874,2017-07-30,9.0,49.0,8.12,12.22
14875,2017-07-30,10.0,60.0,8.33,30.5
14876,2017-07-30,11.0,60.0,30.0,41.67
14877,2017-07-30,12.0,78.0,24.44,40.5
14878,2017-07-30,13.0,83.33,30.56,49.55
14879,2017-07-30,14.0,180.0,26.67,41.67
14880,2017-07-30,15.0,180.0,13.89,33.33
14881,2017-07-30,16.0,168.0,15.56,43.89
14882,2017-07-30,17.0,122.22,12.78,32.78
14883,2017-07-30,18.0,133.33,10.0,37.78
14884,2017-07-30,19.0,95.56,10.0,35.0
14885,2017-07-30,20.0,72.22,6.67,19.44
14886,2017-07-30,21.0,45.56,6.11,13.89
14888,2017-07-31,9.0,30.0,10.0,12.0
14889,2017-07-31,10.0,90.0,51.67,32.78
14890,2017-07-31,11.0,106.67,35.0,41.67
14891,2017-07-31,12.0,111.11,37.27,66.67
14892,2017-07-31,13.0,100.0,46.0,66.11
14893,2017-07-31,14.0,120.0,47.22,68.33
14894,2017-07-31,15.0,134.44,39.44,53.89
14895,2017-07-31,16.0,154.29,40.0,67.78
14896,2017-07-31,17.0,177.78,35.56,48.33
14897,2017-07-31,18.0,195.56,32.78,57.78
14898,2017-07-31,19.0,108.89,30.0,62.22
14899,2017-07-31,20.0,58.0,18.33,48.33
14900,2017-07-31,21.0,66.67,10.83,20.56
14904,2017-08-01,9.0,60.5,6.11,9.44
14905,2017-08-01,10.0,96.67,37.22,60.0
14906,2017-08-01,11.0,120.0,54.44,72.22
14907,2017-08-01,12.0,175.56,46.11,78.33
14908,2017-08-01,13.0,162.22,48.5,112.27
14909,2017-08-01,14.0,51.11,40.56,101.11
14910,2017-08-01,15.0,87.78,33.75,85.56
14911,2017-08-01,16.0,125.56,43.33,102.78
14912,2017-08-01,17.0,164.44,47.22,121.67
14913,2017-08-01,18.0,175.56,36.67,133.5
14914,2017-08-01,19.0,113.33,39.0,95.0
14915,2017-08-01,20.0,56.67,23.89,62.0
14916,2017-08-01,21.0,72.0,8.75,57.0
14918,2017-08-02,9.0,55.0,,24.38
14919,2017-08-02,10.0,86.67,26.36,36.0
14920,2017-08-02,11.0,116.67,47.86,70.56
14921,2017-08-02,12.0,105.0,45.0,91.67
14922,2017-08-02,13.0,105.0,52.22,107.78
14923,2017-08-02,14.0,105.0,56.11,102.78
14924,2017-08-02,15.0,115.0,45.0,78.33
14925,2017-08-02,16.0,120.0,38.89,83.57
14926,2017-08-02,17.0,120.0,45.0,120.0
14927,2017-08-02,18.0,120.0,38.33,91.11
14928,2017-08-02,19.0,120.0,46.0,63.89
14929,2017-08-02,20.0,114.0,27.0,68.33
14930,2017-08-02,21.0,71.67,13.18,42.78
14935,2017-08-03,9.0,46.0,14.38,16.5
14936,2017-08-03,10.0,75.0,24.44,49.44
14937,2017-08-03,11.0,111.11,41.67,75.56
14938,2017-08-03,12.0,78.89,49.44,102.0
14939,2017-08-03,13.0,93.33,47.22,102.78
14940,2017-08-03,14.0,100.0,45.5,84.44
14941,2017-08-03,15.0,105.56,38.33,88.89
14942,2017-08-03,16.0,102.0,41.67,102.22
14943,2017-08-03,17.0,110.0,42.27,110.0
14944,2017-08-03,18.0,160.0,32.0,82.0
14945,2017-08-03,19.0,111.67,32.78,86.11
14946,2017-08-03,20.0,72.78,19.44,82.0
14947,2017-08-03,21.0,63.33,8.33,
14951,2017-08-04,9.0,63.0,17.78,26.88
14952,2017-08-04,10.0,72.22,35.56,66.0
14953,2017-08-04,11.0,66.67,39.5,86.67
14954,2017-08-04,12.0,91.25,46.11,99.55
14955,2017-08-04,13.0,123.33,50.0,84.44
14956,2017-08-04,14.0,118.89,50.56,113.89
14957,2017-08-04,15.0,76.67,,107.22
14958,2017-08-04,16.0,91.67,43.33,100.0
14959,2017-08-04,17.0,117.22,55.0,95.56
14960,2017-08-04,18.0,134.0,42.5,93.33
14961,2017-08-04,19.0,118.18,42.22,78.89
14962,2017-08-04,20.0,88.0,34.0,72.5
14963,2017-08-04,21.0,39.44,8.33,55.56
14965,2017-08-05,9.0,60.0,13.5,
14966,2017-08-05,10.0,66.67,19.09,
14967,2017-08-05,11.0,98.89,42.5,80.0
14968,2017-08-05,12.0,121.11,37.22,95.91
14969,2017-08-05,13.0,151.11,53.57,113.89
14970,2017-08-05,14.0,124.44,49.44,90.56
14971,2017-08-05,15.0,80.0,34.44,88.33
14972,2017-08-05,16.0,91.11,40.56,78.89
14973,2017-08-05,17.0,132.22,37.78,86.67
14974,2017-08-05,18.0,172.0,42.0,102.0
14975,2017-08-05,19.0,155.83,25.56,87.0
14976,2017-08-05,20.0,96.67,20.5,58.89
14977,2017-08-05,21.0,31.11,9.44,12.22
14981,2017-08-06,9.0,33.0,7.5,15.0
14982,2017-08-06,10.0,63.33,31.0,50.83
14983,2017-08-06,11.0,102.5,44.5,68.89
14984,2017-08-06,12.0,103.33,46.5,79.44
14985,2017-08-06,13.0,100.0,43.33,88.89
14986,2017-08-06,14.0,106.88,37.78,96.11
14987,2017-08-06,15.0,112.22,29.44,82.78
14988,2017-08-06,16.0,120.0,34.44,86.11
14989,2017-08-06,17.0,135.5,37.78,74.44
14990,2017-08-06,18.0,133.33,38.12,78.89
14991,2017-08-06,19.0,72.0,36.67,80.0
14992,2017-08-06,20.0,77.78,21.67,62.78
14993,2017-08-06,21.0,45.56,11.11,32.78
14995,2017-08-07,9.0,53.33,11.25,16.5
14996,2017-08-07,10.0,67.78,33.33,57.22
14997,2017-08-07,11.0,88.89,53.89,69.44
14998,2017-08-07,12.0,92.78,50.56,100.0
14999,2017-08-07,13.0,92.22,57.78,116.67
15000,2017-08-07,14.0,127.78,51.67,105.0
15001,2017-08-07,15.0,130.0,38.33,90.0
15002,2017-08-07,16.0,131.67,38.33,89.44
15003,2017-08-07,17.0,86.67,35.56,85.56
15004,2017-08-07,18.0,83.33,38.33,96.11
15005,2017-08-07,19.0,91.25,33.33,84.44
15006,2017-08-07,20.0,117.78,31.67,61.11
15007,2017-08-07,21.0,42.22,7.78,45.0
15011,2017-08-08,9.0,47.0,12.5,15.5
15012,2017-08-08,10.0,70.56,33.18,45.45
15013,2017-08-08,11.0,96.67,45.56,71.11
15014,2017-08-08,12.0,78.89,44.5,73.33
15015,2017-08-08,13.0,92.22,45.56,80.0
15016,2017-08-08,14.0,100.0,40.83,81.67
15017,2017-08-08,15.0,115.56,27.78,96.11
15018,2017-08-08,16.0,118.89,44.44,88.33
15019,2017-08-08,17.0,110.0,36.11,77.78
15020,2017-08-08,18.0,60.0,36.11,92.78
15021,2017-08-08,19.0,66.11,30.0,87.22
15022,2017-08-08,20.0,90.0,15.0,53.89
15023,2017-08-08,21.0,30.83,7.22,25.0
15025,2017-08-09,9.0,60.0,16.5,23.0
15026,2017-08-09,10.0,63.64,47.78,62.22
15027,2017-08-09,11.0,73.33,50.56,75.0
15028,2017-08-09,12.0,92.5,46.67,97.22
15029,2017-08-09,13.0,100.0,51.0,117.22
15030,2017-08-09,14.0,117.78,47.78,81.11
15031,2017-08-09,15.0,120.0,47.22,73.89
15032,2017-08-09,16.0,98.89,43.89,87.22
15033,2017-08-09,17.0,112.86,44.44,98.33
15034,2017-08-09,18.0,133.33,40.0,105.0
15035,2017-08-09,19.0,137.78,50.56,60.0
15036,2017-08-09,20.0,65.56,27.78,59.44
15037,2017-08-09,21.0,54.5,12.27,50.56
15041,2017-08-10,9.0,75.0,26.88,25.0
15042,2017-08-10,10.0,70.0,27.78,39.09
15043,2017-08-10,11.0,70.0,38.89,66.67
15044,2017-08-10,12.0,94.0,38.33,81.67
15045,2017-08-10,13.0,117.78,44.44,111.11
15046,2017-08-10,14.0,127.78,42.5,128.33
15047,2017-08-10,15.0,135.0,39.0,118.33
15048,2017-08-10,16.0,127.14,43.33,102.22
15049,2017-08-10,17.0,101.11,36.0,83.33
15050,2017-08-10,18.0,103.33,27.78,75.56
15051,2017-08-10,19.0,97.78,32.78,76.11
15052,2017-08-10,20.0,113.33,17.22,62.22
15053,2017-08-10,21.0,62.5,10.56,45.0
15057,2017-08-11,9.0,60.0,,33.64
15058,2017-08-11,10.0,67.0,,64.0
15059,2017-08-11,11.0,87.5,,76.67
15060,2017-08-11,12.0,96.11,,107.22
15061,2017-08-11,13.0,126.67,39.17,113.33
15062,2017-08-11,14.0,138.89,45.0,111.11
15063,2017-08-11,15.0,128.89,53.89,76.0
15064,2017-08-11,16.0,125.56,49.44,78.89
15065,2017-08-11,17.0,90.0,48.89,74.44
15066,2017-08-11,18.0,86.67,41.5,76.11
15067,2017-08-11,19.0,95.0,43.33,58.33
15070,2017-08-11,20.0,,27.0,45.0
15068,2017-08-11,21.0,60.0,8.89,19.44
15071,2017-08-12,9.0,55.91,14.38,19.0
15072,2017-08-12,10.0,67.0,33.33,41.0
15073,2017-08-12,11.0,98.0,43.5,56.67
15074,2017-08-12,12.0,113.33,42.22,86.5
15075,2017-08-12,13.0,117.78,47.78,105.0
15076,2017-08-12,14.0,75.0,36.5,45.0
15077,2017-08-12,15.0,90.0,51.11,50.0
15078,2017-08-12,16.0,101.11,32.5,57.78
15079,2017-08-12,17.0,110.0,42.0,59.44
15080,2017-08-12,18.0,120.0,33.89,65.56
15081,2017-08-12,19.0,118.89,36.0,45.56
15082,2017-08-12,20.0,97.0,25.5,32.22
15083,2017-08-12,21.0,,8.33,12.22
15087,2017-08-13,9.0,50.0,15.56,19.44
15088,2017-08-13,10.0,60.0,34.0,47.22
15089,2017-08-13,11.0,84.44,41.82,66.67
15090,2017-08-13,12.0,107.78,41.0,80.45
15091,2017-08-13,13.0,116.67,42.78,65.62
15100,2017-08-13,14.0,,47.5,
15092,2017-08-13,15.0,120.0,36.11,49.44
15093,2017-08-13,16.0,120.0,33.33,76.11
15094,2017-08-13,17.0,90.0,40.71,76.11
15095,2017-08-13,18.0,60.0,35.0,65.0
15096,2017-08-13,19.0,102.0,27.22,60.0
15097,2017-08-13,20.0,108.89,18.5,78.33
15098,2017-08-13,21.0,37.78,7.78,38.89
15101,2017-08-14,9.0,75.56,15.0,
15102,2017-08-14,10.0,63.33,38.33,53.33
15103,2017-08-14,11.0,63.89,38.0,83.33
15104,2017-08-14,12.0,93.89,42.22,76.11
15105,2017-08-14,13.0,112.5,41.67,93.89
15114,2017-08-14,14.0,,54.29,91.11
15106,2017-08-14,15.0,105.0,37.78,87.22
15107,2017-08-14,16.0,135.56,45.56,85.56
15108,2017-08-14,17.0,140.0,32.22,85.56
15109,2017-08-14,18.0,140.0,33.33,70.0
15110,2017-08-14,19.0,125.0,29.44,81.67
15111,2017-08-14,20.0,103.33,19.44,97.5
15112,2017-08-14,21.0,63.33,6.5,45.56
15117,2017-08-15,9.0,55.0,11.11,16.11
15118,2017-08-15,10.0,67.27,21.67,45.71
15119,2017-08-15,11.0,108.0,38.89,90.5
15120,2017-08-15,12.0,103.33,50.0,102.78
15121,2017-08-15,13.0,88.89,39.5,69.44
15122,2017-08-15,14.0,93.33,39.44,76.67
15123,2017-08-15,15.0,113.33,32.92,66.11
15124,2017-08-15,16.0,112.22,38.33,78.89
15125,2017-08-15,17.0,111.0,39.44,89.09
15126,2017-08-15,18.0,95.56,41.67,88.5
15127,2017-08-15,19.0,84.17,32.78,72.0
15128,2017-08-15,20.0,91.11,19.0,56.67
15129,2017-08-15,21.0,40.0,10.0,27.73
15132,2017-08-16,9.0,56.25,21.5,15.0
15133,2017-08-16,10.0,76.0,29.44,64.0
15134,2017-08-16,11.0,77.27,43.33,117.73
15135,2017-08-16,12.0,91.0,41.0,68.0
15136,2017-08-16,13.0,113.33,47.78,83.33
15137,2017-08-16,14.0,134.44,46.11,90.56
15138,2017-08-16,15.0,140.0,48.89,70.0
15139,2017-08-16,16.0,140.0,37.5,71.11
15140,2017-08-16,17.0,147.78,47.0,80.56
15141,2017-08-16,18.0,87.78,36.11,65.5
15142,2017-08-16,19.0,80.0,35.0,76.67
15143,2017-08-16,20.0,116.67,23.89,56.5
15144,2017-08-16,21.0,79.0,8.89,45.0
15148,2017-08-17,9.0,57.22,15.56,23.18
15149,2017-08-17,10.0,65.0,38.46,49.29
15150,2017-08-17,11.0,82.5,43.33,
15151,2017-08-17,12.0,108.0,46.67,74.23
15152,2017-08-17,13.0,125.56,39.55,86.0
15153,2017-08-17,14.0,109.0,37.78,94.0
15154,2017-08-17,15.0,51.11,43.33,96.11
15155,2017-08-17,16.0,75.0,43.89,90.0
15156,2017-08-17,17.0,90.0,29.44,86.88
15157,2017-08-17,18.0,90.0,23.5,59.0
15158,2017-08-17,19.0,100.0,18.89,60.0
15159,2017-08-17,20.0,111.11,13.89,63.5
15160,2017-08-17,21.0,58.0,10.0,28.33
15164,2017-08-18,9.0,60.0,26.67,35.0
15165,2017-08-18,10.0,66.0,51.67,66.11
15166,2017-08-18,11.0,92.0,43.33,88.18
15167,2017-08-18,12.0,120.0,38.18,72.5
15168,2017-08-18,13.0,112.22,37.5,72.5
15169,2017-08-18,14.0,87.0,32.78,76.0
15170,2017-08-18,15.0,82.22,30.0,75.0
15171,2017-08-18,16.0,105.0,28.33,55.0
15172,2017-08-18,17.0,76.11,16.67,71.11
15173,2017-08-18,18.0,64.44,21.11,70.5
15174,2017-08-18,19.0,100.0,20.56,72.78
15175,2017-08-18,20.0,105.0,16.11,48.89
15176,2017-08-18,21.0,36.0,9.5,33.89
15178,2017-08-19,9.0,43.33,6.92,12.27
15179,2017-08-19,10.0,80.45,19.62,48.0
15180,2017-08-19,11.0,82.5,26.88,56.11
15181,2017-08-19,12.0,63.33,33.33,72.78
15182,2017-08-19,13.0,88.5,40.42,63.33
15183,2017-08-19,14.0,117.78,42.0,73.0
15184,2017-08-19,15.0,103.33,34.23,71.11
15185,2017-08-19,16.0,78.89,41.5,77.22
15186,2017-08-19,17.0,93.33,35.0,70.56
15187,2017-08-19,18.0,114.44,25.42,75.0
15188,2017-08-19,19.0,96.67,33.5,55.56
15189,2017-08-19,20.0,81.11,18.57,49.44
15190,2017-08-19,21.0,44.44,5.56,23.33
15194,2017-08-20,9.0,48.64,5.0,17.5
15195,2017-08-20,10.0,70.0,20.42,58.75
15196,2017-08-20,11.0,80.0,41.0,52.0
15197,2017-08-20,12.0,88.33,35.56,45.56
15198,2017-08-20,13.0,98.89,37.5,66.5
15199,2017-08-20,14.0,125.0,27.5,55.0
15200,2017-08-20,15.0,139.0,32.5,58.5
15201,2017-08-20,16.0,140.0,26.54,78.33
15202,2017-08-20,17.0,71.11,25.56,61.11
15203,2017-08-20,18.0,62.0,30.5,40.0
15204,2017-08-20,19.0,73.5,10.0,44.44
15205,2017-08-20,20.0,104.44,8.89,30.0
15206,2017-08-20,21.0,51.11,5.56,14.5
15208,2017-08-21,9.0,60.0,10.62,18.0
15209,2017-08-21,10.0,75.0,25.56,41.67
15210,2017-08-21,11.0,77.78,29.5,53.0
15211,2017-08-21,12.0,80.0,41.67,67.5
15212,2017-08-21,13.0,108.89,32.22,68.33
15213,2017-08-21,14.0,132.22,23.33,62.78
15214,2017-08-21,15.0,134.55,33.89,73.89
15215,2017-08-21,16.0,88.89,39.44,78.5
15216,2017-08-21,17.0,96.67,26.11,70.0
15217,2017-08-21,18.0,110.56,26.67,65.0
15218,2017-08-21,19.0,104.44,19.5,51.11
15219,2017-08-21,20.0,108.5,12.0,57.5
15220,2017-08-21,21.0,43.33,5.0,
15224,2017-08-22,9.0,60.0,21.67,25.62
15225,2017-08-22,10.0,78.0,51.5,55.56
15226,2017-08-22,11.0,95.56,52.0,62.27
15227,2017-08-22,12.0,110.0,59.55,66.11
15228,2017-08-22,13.0,98.89,54.0,83.33
15229,2017-08-22,14.0,105.56,43.89,70.0
15230,2017-08-22,15.0,124.44,44.5,62.5
15231,2017-08-22,16.0,122.22,38.89,81.5
15232,2017-08-22,17.0,103.0,36.67,82.78
15233,2017-08-22,18.0,80.0,28.89,122.22
15234,2017-08-22,19.0,87.5,28.33,86.0
15235,2017-08-22,20.0,104.5,15.0,46.11
15236,2017-08-22,21.0,44.5,5.0,27.0
15238,2017-08-23,9.0,60.0,10.62,17.27
15239,2017-08-23,10.0,67.27,36.82,54.17
15240,2017-08-23,11.0,86.5,33.75,70.0
15241,2017-08-23,12.0,109.0,43.0,65.0
15242,2017-08-23,13.0,105.56,41.82,72.78
15243,2017-08-23,14.0,83.33,30.56,56.11
15244,2017-08-23,15.0,73.33,43.0,77.22
15245,2017-08-23,16.0,107.78,45.56,93.33
15246,2017-08-23,17.0,122.22,30.56,96.67
15247,2017-08-23,18.0,110.0,38.33,92.5
15248,2017-08-23,19.0,120.0,,
15249,2017-08-23,20.0,120.0,,73.75
15250,2017-08-23,21.0,67.78,22.5,52.22
15254,2017-08-24,9.0,60.0,11.67,22.22
15255,2017-08-24,10.0,64.0,18.33,48.89
15256,2017-08-24,11.0,65.0,40.0,64.58
15257,2017-08-24,12.0,76.67,,80.0
15258,2017-08-24,13.0,78.89,,81.67
15259,2017-08-24,14.0,62.22,38.33,65.0
15260,2017-08-24,15.0,79.0,55.56,62.22
15261,2017-08-24,16.0,90.0,32.22,57.5
15262,2017-08-24,17.0,69.38,43.0,56.0
15263,2017-08-24,18.0,75.45,33.5,47.78
15264,2017-08-24,19.0,103.0,35.91,38.89
15265,2017-08-24,20.0,120.0,17.78,47.22
15266,2017-08-24,21.0,,6.11,21.0
15269,2017-08-25,9.0,50.0,26.54,41.67
15270,2017-08-25,10.0,60.91,32.22,45.5
15271,2017-08-25,11.0,81.11,26.25,43.0
15272,2017-08-25,12.0,81.0,22.22,58.08
15273,2017-08-25,13.0,60.0,20.0,43.5
15274,2017-08-25,14.0,58.89,16.36,43.64
15275,2017-08-25,15.0,78.89,11.67,53.0
15276,2017-08-25,16.0,66.67,8.33,52.78
15277,2017-08-25,17.0,63.64,18.89,53.5
15278,2017-08-25,18.0,80.0,13.33,39.44
15285,2017-08-26,9.0,56.25,,16.0
15286,2017-08-26,10.0,74.0,,40.62
15287,2017-08-26,11.0,77.78,36.43,46.5
15288,2017-08-26,12.0,90.0,42.5,51.67
15289,2017-08-26,13.0,98.89,49.5,57.78
15290,2017-08-26,14.0,113.0,47.22,45.0
15291,2017-08-26,15.0,109.09,45.0,70.45
15292,2017-08-26,16.0,86.67,43.33,68.89
15293,2017-08-26,17.0,86.67,48.0,73.33
15298,2017-08-26,18.0,,37.22,
15294,2017-08-26,19.0,90.0,22.78,37.86
15295,2017-08-26,20.0,84.44,11.67,45.0
15296,2017-08-26,21.0,66.67,5.56,
15301,2017-08-27,9.0,53.33,6.88,15.91
15302,2017-08-27,10.0,67.0,14.58,34.5
15303,2017-08-27,11.0,112.0,27.22,40.56
15304,2017-08-27,12.0,130.0,32.0,54.5
15305,2017-08-27,13.0,87.5,30.56,47.22
15306,2017-08-27,14.0,56.67,26.0,41.67
15307,2017-08-27,15.0,94.44,30.0,47.78
15308,2017-08-27,16.0,128.75,,52.73
15309,2017-08-27,17.0,96.67,25.0,50.0
15310,2017-08-27,18.0,63.5,29.0,46.5
15311,2017-08-27,19.0,71.11,29.09,46.11
15312,2017-08-27,20.0,99.5,15.56,26.11
15313,2017-08-27,21.0,42.78,6.11,11.67
15315,2017-08-28,9.0,60.0,10.0,
15316,2017-08-28,10.0,68.89,32.92,
15317,2017-08-28,11.0,100.0,40.56,
15318,2017-08-28,12.0,115.56,58.33,
15319,2017-08-28,13.0,111.11,60.56,
15320,2017-08-28,14.0,80.0,33.89,
15321,2017-08-28,15.0,75.56,42.22,
15322,2017-08-28,16.0,109.55,43.5,
15323,2017-08-28,17.0,140.0,42.5,
15324,2017-08-28,18.0,144.44,53.33,
15325,2017-08-28,19.0,110.0,48.33,
15326,2017-08-28,20.0,81.11,11.11,
15327,2017-08-28,21.0,41.11,8.33,
15331,2017-08-29,9.0,37.69,9.44,
15332,2017-08-29,10.0,61.0,25.42,
15333,2017-08-29,11.0,74.44,19.17,
15334,2017-08-29,12.0,83.33,11.67,
15335,2017-08-29,13.0,57.5,10.0,
15336,2017-08-29,14.0,50.0,13.33,
15337,2017-08-29,15.0,79.44,11.5,
15338,2017-08-29,16.0,75.56,24.0,
15339,2017-08-29,17.0,68.89,32.22,
15340,2017-08-29,18.0,60.0,32.78,
15347,2017-08-30,9.0,60.0,7.22,
15359,2017-08-30,10.0,,15.56,
15360,2017-08-30,11.0,,37.78,
15348,2017-08-30,12.0,83.5,38.89,
15349,2017-08-30,13.0,125.0,28.5,
15350,2017-08-30,14.0,140.0,27.0,
15351,2017-08-30,15.0,120.0,33.64,
15352,2017-08-30,16.0,95.56,29.44,
15353,2017-08-30,17.0,110.0,21.11,
15354,2017-08-30,18.0,131.82,34.0,
15355,2017-08-30,19.0,100.91,52.0,
15361,2017-08-30,20.0,,28.33,
15363,2017-08-31,9.0,60.0,11.67,
15364,2017-08-31,10.0,76.67,16.67,
15365,2017-08-31,11.0,101.11,42.78,
15366,2017-08-31,12.0,130.56,35.0,
15367,2017-08-31,13.0,83.33,32.22,
15368,2017-08-31,14.0,55.0,23.75,
15369,2017-08-31,15.0,82.22,44.0,
15370,2017-08-31,16.0,110.0,32.22,
15371,2017-08-31,17.0,121.11,22.22,
15372,2017-08-31,18.0,102.0,24.09,
15373,2017-08-31,19.0,94.0,33.75,
15374,2017-08-31,20.0,82.0,19.0,
15378,2017-09-01,9.0,60.0,10.0,
15379,2017-09-01,10.0,47.5,22.69,
15380,2017-09-01,11.0,62.0,42.78,
15381,2017-09-01,12.0,96.36,15.5,
15382,2017-09-01,13.0,76.67,11.67,
15383,2017-09-01,14.0,36.0,28.12,
15384,2017-09-01,15.0,74.0,39.0,
15385,2017-09-01,16.0,87.0,25.56,
15386,2017-09-01,17.0,86.67,49.0,
15387,2017-09-01,18.0,63.33,24.09,
15394,2017-09-02,9.0,51.88,17.86,
15395,2017-09-02,10.0,67.5,24.0,
15396,2017-09-02,11.0,87.78,35.56,
15397,2017-09-02,12.0,96.67,36.11,
15398,2017-09-02,13.0,110.56,37.22,
15399,2017-09-02,14.0,132.22,35.5,
15400,2017-09-02,15.0,147.78,45.62,
15401,2017-09-02,16.0,100.0,52.5,
15402,2017-09-02,17.0,80.0,52.0,
15403,2017-09-02,18.0,107.22,43.89,
15404,2017-09-02,19.0,121.11,46.11,
15405,2017-09-02,20.0,67.22,24.44,
15406,2017-09-02,21.0,53.89,12.5,
15407,2017-09-02,22.0,65.56,15.5,
15411,2017-09-03,9.0,41.92,15.0,
15412,2017-09-03,10.0,49.5,34.58,
15413,2017-09-03,11.0,104.0,45.5,
15414,2017-09-03,12.0,123.0,46.82,
15415,2017-09-03,13.0,112.0,47.0,
15416,2017-09-03,14.0,109.17,45.56,
15417,2017-09-03,15.0,111.11,47.5,
15418,2017-09-03,16.0,135.56,53.89,
15419,2017-09-03,17.0,167.78,46.5,
15420,2017-09-03,18.0,166.67,43.33,
15421,2017-09-03,19.0,91.5,42.78,
15422,2017-09-03,20.0,79.09,29.55,
15423,2017-09-03,21.0,73.89,16.11,
15424,2017-09-03,22.0,80.0,22.22,
15426,2017-09-04,9.0,69.38,14.38,
15427,2017-09-04,10.0,61.11,43.89,
15428,2017-09-04,11.0,80.91,40.56,
15429,2017-09-04,12.0,115.56,38.89,
15430,2017-09-04,13.0,158.0,39.0,
15431,2017-09-04,14.0,165.56,27.78,
15432,2017-09-04,15.0,63.33,39.44,
15433,2017-09-04,16.0,73.33,35.56,
15434,2017-09-04,17.0,74.44,18.64,
15435,2017-09-04,18.0,65.0,17.78,
15436,2017-09-04,19.0,70.0,10.56,
15437,2017-09-04,20.0,70.0,11.5,
15440,2017-09-05,9.0,56.67,,
15441,2017-09-05,10.0,90.0,5.0,
15442,2017-09-05,11.0,102.73,75.0,
15443,2017-09-05,12.0,91.11,56.67,
15444,2017-09-05,13.0,67.78,44.0,
15445,2017-09-05,14.0,77.78,46.67,
15446,2017-09-05,15.0,110.0,31.25,
15447,2017-09-05,16.0,107.78,63.89,
15448,2017-09-05,17.0,82.78,57.78,
15449,2017-09-05,18.0,67.0,68.33,
15450,2017-09-05,19.0,104.29,59.44,
15451,2017-09-05,20.0,114.0,22.22,
15453,2017-09-06,9.0,60.0,10.62,
15454,2017-09-06,10.0,60.0,12.5,
15455,2017-09-06,11.0,62.22,11.0,
15456,2017-09-06,12.0,94.44,25.56,
15457,2017-09-06,13.0,108.0,18.5,
15458,2017-09-06,14.0,95.0,20.0,
15459,2017-09-06,15.0,112.0,22.5,
15466,2017-09-06,16.0,,14.5,
15460,2017-09-06,17.0,120.0,17.5,
15461,2017-09-06,18.0,115.0,32.78,
15467,2017-09-06,19.0,,37.78,
15462,2017-09-06,20.0,98.0,14.44,
15468,2017-09-07,9.0,46.25,7.78,
15469,2017-09-07,10.0,40.0,12.22,
15470,2017-09-07,11.0,53.64,25.62,
15471,2017-09-07,12.0,56.0,34.0,
15472,2017-09-07,13.0,38.89,25.56,
15473,2017-09-07,14.0,51.0,13.5,
15474,2017-09-07,15.0,52.22,20.0,
15475,2017-09-07,16.0,43.33,25.56,
15476,2017-09-07,17.0,48.89,35.45,
15477,2017-09-07,18.0,33.64,20.56,
15485,2017-09-08,9.0,30.0,,
15497,2017-09-08,10.0,,21.67,
15486,2017-09-08,11.0,50.0,39.17,
15487,2017-09-08,12.0,51.11,29.44,
15488,2017-09-08,13.0,60.0,38.33,
15489,2017-09-08,14.0,40.0,26.67,
15490,2017-09-08,15.0,55.0,37.78,
15491,2017-09-08,16.0,61.11,38.0,
15492,2017-09-08,17.0,30.0,23.89,
15493,2017-09-08,18.0,41.0,21.11,
15494,2017-09-08,19.0,38.89,16.11,
15495,2017-09-08,20.0,24.44,7.78,
15499,2017-09-09,9.0,26.67,5.0,
15500,2017-09-09,10.0,21.0,5.0,
15501,2017-09-09,11.0,27.78,5.0,
15502,2017-09-09,12.0,33.0,7.22,
15503,2017-09-09,13.0,35.56,15.56,
15504,2017-09-09,14.0,27.5,19.44,
15505,2017-09-09,15.0,45.0,23.33,
15506,2017-09-09,16.0,33.64,16.11,
15507,2017-09-09,17.0,24.44,16.67,
15508,2017-09-09,18.0,26.36,10.0,
15509,2017-09-09,19.0,30.91,5.56,
15510,2017-09-09,20.0,30.83,5.0,
15513,2017-09-12,9.0,30.0,5.0,
15514,2017-09-12,10.0,38.33,6.67,
15515,2017-09-12,11.0,34.0,10.0,
15516,2017-09-12,12.0,44.44,10.0,
15517,2017-09-12,13.0,35.42,7.78,
15518,2017-09-12,14.0,40.0,10.0,
15519,2017-09-12,15.0,50.0,22.22,
15520,2017-09-12,16.0,27.78,22.22,
15521,2017-09-12,17.0,40.0,19.0,
15522,2017-09-12,18.0,32.22,10.56,
15543,2017-09-13,9.0,,5.0,
15529,2017-09-13,10.0,60.0,8.89,
15530,2017-09-13,11.0,53.33,10.0,
15531,2017-09-13,12.0,58.89,10.0,
15532,2017-09-13,13.0,57.78,10.0,
15533,2017-09-13,14.0,51.0,8.89,
15534,2017-09-13,15.0,54.44,12.22,
15535,2017-09-13,16.0,61.67,6.11,
15536,2017-09-13,17.0,56.11,5.0,
15537,2017-09-13,18.0,55.56,5.0,
15538,2017-09-13,19.0,80.0,5.0,
15539,2017-09-13,20.0,58.89,5.0,
15544,2017-09-14,9.0,30.0,5.0,
15545,2017-09-14,10.0,52.22,6.11,
15546,2017-09-14,11.0,61.11,13.33,
15547,2017-09-14,12.0,68.89,12.78,
15548,2017-09-14,13.0,72.22,6.11,
15549,2017-09-14,14.0,61.11,7.78,
15550,2017-09-14,15.0,56.67,17.22,
15551,2017-09-14,16.0,62.22,18.89,
15552,2017-09-14,17.0,55.56,13.89,
15553,2017-09-14,18.0,56.25,7.78,
15554,2017-09-14,19.0,,6.67,
15555,2017-09-14,20.0,,5.0,
15559,2017-09-15,9.0,30.0,10.0,
15560,2017-09-15,10.0,50.0,35.56,
15561,2017-09-15,11.0,46.67,28.33,
15562,2017-09-15,12.0,48.0,,
15563,2017-09-15,13.0,72.0,14.29,
15564,2017-09-15,14.0,38.89,20.71,
15565,2017-09-15,15.0,62.22,17.5,
15566,2017-09-15,16.0,65.56,40.0,
15567,2017-09-15,17.0,38.0,44.44,
15568,2017-09-15,18.0,43.33,32.78,
15575,2017-09-16,9.0,30.0,8.89,
15576,2017-09-16,10.0,54.55,17.78,
15577,2017-09-16,11.0,87.78,29.44,
15578,2017-09-16,12.0,87.78,42.22,
15579,2017-09-16,13.0,84.44,38.89,
15580,2017-09-16,14.0,90.0,33.89,
15581,2017-09-16,15.0,90.0,40.0,
15582,2017-09-16,16.0,90.0,31.67,
15583,2017-09-16,17.0,90.0,37.78,
15584,2017-09-16,18.0,97.78,32.78,
15585,2017-09-16,19.0,108.0,35.0,
15586,2017-09-16,20.0,67.0,33.89,
15587,2017-09-16,21.0,42.0,16.36,
15588,2017-09-16,22.0,49.55,14.0,
15591,2017-09-17,9.0,39.0,9.44,
15592,2017-09-17,10.0,65.45,25.0,
15593,2017-09-17,11.0,74.0,20.0,
15594,2017-09-17,12.0,58.89,22.0,
15595,2017-09-17,13.0,63.75,21.67,
15596,2017-09-17,14.0,85.56,10.83,
15597,2017-09-17,15.0,56.5,11.0,
15598,2017-09-17,16.0,64.44,15.0,
15599,2017-09-17,17.0,71.11,31.11,
15600,2017-09-17,18.0,34.44,16.11,
15608,2017-09-18,9.0,53.33,17.22,
15609,2017-09-18,10.0,71.11,29.44,
15610,2017-09-18,11.0,86.0,38.57,
15611,2017-09-18,12.0,80.0,46.67,
15612,2017-09-18,13.0,83.33,50.0,
15613,2017-09-18,14.0,88.89,29.44,
15614,2017-09-18,15.0,98.89,51.11,
15615,2017-09-18,16.0,113.33,36.67,
15616,2017-09-18,17.0,116.0,26.67,
15617,2017-09-18,18.0,95.56,37.22,
15618,2017-09-18,19.0,81.25,26.11,
15619,2017-09-18,20.0,95.62,13.89,
15620,2017-09-18,21.0,65.5,9.44,
15623,2017-09-19,9.0,54.09,10.0,
15624,2017-09-19,10.0,53.0,25.5,
15625,2017-09-19,11.0,62.0,20.0,
15626,2017-09-19,12.0,91.11,25.56,
15627,2017-09-19,13.0,100.0,18.5,
15628,2017-09-19,14.0,69.0,10.56,
15629,2017-09-19,15.0,74.5,11.5,
15630,2017-09-19,16.0,87.27,7.22,
15631,2017-09-19,17.0,65.0,13.89,
15632,2017-09-19,18.0,40.0,8.33,
15639,2017-09-20,9.0,53.89,17.5,
15640,2017-09-20,10.0,64.44,27.0,
15641,2017-09-20,11.0,88.89,32.22,
15642,2017-09-20,12.0,121.11,36.11,
15643,2017-09-20,13.0,136.67,43.33,
15644,2017-09-20,14.0,132.22,31.0,
15645,2017-09-20,15.0,125.71,45.56,
15646,2017-09-20,16.0,130.0,41.11,
15647,2017-09-20,17.0,101.11,29.44,
15648,2017-09-20,18.0,76.36,32.78,
15649,2017-09-20,19.0,101.88,20.56,
15650,2017-09-20,20.0,67.0,22.5,
15654,2017-09-21,9.0,58.12,5.62,
15655,2017-09-21,10.0,65.56,17.78,
15656,2017-09-21,11.0,91.11,37.5,
15657,2017-09-21,12.0,100.0,47.78,
15658,2017-09-21,13.0,105.56,53.33,
15659,2017-09-21,14.0,110.0,37.78,
15660,2017-09-21,15.0,116.67,50.0,
15661,2017-09-21,16.0,107.78,42.22,
15662,2017-09-21,17.0,77.78,42.78,
15663,2017-09-21,18.0,91.25,45.56,
15664,2017-09-21,19.0,127.78,40.56,
15665,2017-09-21,20.0,105.45,36.11,
15668,2017-09-22,9.0,60.0,10.0,
15669,2017-09-22,10.0,73.0,32.73,
15670,2017-09-22,11.0,110.0,29.29,
15671,2017-09-22,12.0,83.0,50.62,
15672,2017-09-22,13.0,55.0,61.67,
15673,2017-09-22,14.0,67.78,51.67,
15674,2017-09-22,15.0,78.0,46.0,
15675,2017-09-22,16.0,48.0,35.56,
15676,2017-09-22,17.0,74.0,27.78,
15677,2017-09-22,18.0,50.0,22.0,
15684,2017-09-23,9.0,62.22,16.25,
15685,2017-09-23,10.0,62.0,23.0,
15686,2017-09-23,11.0,100.0,42.0,
15687,2017-09-23,12.0,111.11,50.56,
15688,2017-09-23,13.0,93.33,47.22,
15689,2017-09-23,14.0,92.22,37.78,
15690,2017-09-23,15.0,115.56,51.11,
15691,2017-09-23,16.0,137.22,48.89,
15692,2017-09-23,17.0,105.0,53.33,
15693,2017-09-23,18.0,105.0,39.44,
15694,2017-09-23,19.0,112.78,44.44,
15695,2017-09-23,20.0,131.67,32.5,
15696,2017-09-23,21.0,78.75,11.67,
15697,2017-09-23,22.0,89.0,29.44,
15701,2017-09-24,9.0,49.58,21.25,
15702,2017-09-24,10.0,58.18,45.0,
15703,2017-09-24,11.0,60.0,58.89,
15704,2017-09-24,12.0,87.78,63.33,
15705,2017-09-24,13.0,84.44,36.0,
15706,2017-09-24,14.0,53.33,41.0,
15707,2017-09-24,15.0,71.0,52.5,
15708,2017-09-24,16.0,97.78,29.09,
15709,2017-09-24,17.0,105.56,28.18,
15710,2017-09-24,18.0,50.0,36.11,
15717,2017-09-25,9.0,45.0,,
15718,2017-09-25,10.0,63.33,23.33,
15719,2017-09-25,11.0,102.22,61.0,
15720,2017-09-25,12.0,109.0,62.78,
15721,2017-09-25,13.0,114.44,50.56,
15722,2017-09-25,14.0,118.89,30.56,
15723,2017-09-25,15.0,107.78,43.33,
15724,2017-09-25,16.0,95.56,43.89,
15725,2017-09-25,17.0,98.89,33.33,
15726,2017-09-25,18.0,114.44,28.33,
15727,2017-09-25,19.0,97.78,26.11,
15728,2017-09-25,20.0,30.0,12.22,
15732,2017-09-26,9.0,57.0,16.25,
15733,2017-09-26,10.0,68.0,42.27,
15734,2017-09-26,11.0,98.89,57.22,
15735,2017-09-26,12.0,100.0,80.0,
15736,2017-09-26,13.0,85.56,,
15737,2017-09-26,14.0,68.89,13.33,
15738,2017-09-26,15.0,61.11,45.0,
15739,2017-09-26,16.0,59.0,45.0,
15740,2017-09-26,17.0,72.22,29.5,
15741,2017-09-26,18.0,43.33,17.78,
15748,2017-09-27,9.0,60.0,,
15749,2017-09-27,10.0,68.89,22.27,
15750,2017-09-27,11.0,70.0,41.11,
15751,2017-09-27,12.0,72.0,37.78,
15752,2017-09-27,13.0,101.11,37.22,
15753,2017-09-27,14.0,131.11,34.44,
15754,2017-09-27,15.0,134.44,44.44,
15755,2017-09-27,16.0,87.22,33.89,
15756,2017-09-27,17.0,95.0,40.56,
15757,2017-09-27,18.0,107.78,31.67,
15758,2017-09-27,19.0,125.56,36.43,
15759,2017-09-27,20.0,53.89,31.25,
15763,2017-09-28,9.0,44.09,16.67,
15764,2017-09-28,10.0,65.0,41.67,
15765,2017-09-28,11.0,84.17,44.0,
15766,2017-09-28,12.0,73.33,41.5,
15767,2017-09-28,13.0,76.0,41.67,
15768,2017-09-28,14.0,85.56,43.33,
15769,2017-09-28,15.0,75.56,41.11,
15770,2017-09-28,16.0,82.22,38.89,
15771,2017-09-28,17.0,93.33,36.67,
15772,2017-09-28,18.0,54.44,38.33,
15773,2017-09-28,19.0,85.0,27.5,
15774,2017-09-28,20.0,82.22,16.67,
15778,2017-09-29,9.0,56.5,5.0,
15779,2017-09-29,10.0,45.56,,
15780,2017-09-29,11.0,71.25,,
15781,2017-09-29,12.0,106.67,,
15782,2017-09-29,13.0,140.0,32.5,
15783,2017-09-29,14.0,51.11,45.0,
15784,2017-09-29,15.0,57.78,47.22,
15785,2017-09-29,16.0,55.56,24.5,
15786,2017-09-29,17.0,60.0,30.0,
15787,2017-09-29,18.0,22.5,11.67,
15794,2017-09-30,8.0,45.0,5.0,
15795,2017-09-30,9.0,60.0,7.5,
15796,2017-09-30,10.0,64.44,18.75,
15808,2017-09-30,11.0,,49.5,
15809,2017-09-30,12.0,,57.0,
15797,2017-09-30,13.0,70.0,60.0,
15798,2017-09-30,14.0,120.0,46.11,
15799,2017-09-30,15.0,115.56,59.44,
15800,2017-09-30,16.0,120.56,46.88,
15801,2017-09-30,17.0,154.55,44.0,
15802,2017-09-30,18.0,141.11,44.17,
15803,2017-09-30,19.0,118.89,45.45,
15804,2017-09-30,20.0,120.0,32.22,
15810,2017-09-30,21.0,,15.0,
15805,2017-09-30,22.0,95.62,13.33,
15813,2017-10-01,9.0,57.27,24.17,
15814,2017-10-01,10.0,62.22,49.0,
15815,2017-10-01,11.0,101.0,36.11,
15816,2017-10-01,12.0,97.0,44.55,
15817,2017-10-01,13.0,43.21,46.67,
15818,2017-10-01,14.0,67.14,43.89,
15827,2017-10-01,15.0,,32.0,
15819,2017-10-01,16.0,120.0,22.0,
15820,2017-10-01,17.0,120.0,33.89,
15821,2017-10-01,18.0,41.11,16.5,
15829,2017-10-02,8.0,30.0,8.75,
15830,2017-10-02,9.0,62.0,12.22,
15831,2017-10-02,10.0,74.44,36.67,
15832,2017-10-02,11.0,97.78,41.0,
15833,2017-10-02,12.0,105.0,51.11,
15844,2017-10-02,13.0,,53.33,
15834,2017-10-02,14.0,132.0,36.67,
15835,2017-10-02,15.0,134.44,46.36,
15836,2017-10-02,16.0,112.22,43.89,
15837,2017-10-02,17.0,112.22,41.67,
15838,2017-10-02,18.0,103.75,32.78,
15839,2017-10-02,19.0,82.0,28.64,
15840,2017-10-02,20.0,94.44,24.0,
15841,2017-10-02,21.0,61.5,12.5,
15842,2017-10-02,22.0,63.5,14.5,
15845,2017-10-03,9.0,30.0,11.0,
15846,2017-10-03,10.0,62.08,19.38,
15847,2017-10-03,11.0,87.5,26.5,
15848,2017-10-03,12.0,104.44,14.5,
15849,2017-10-03,13.0,65.56,21.67,
15850,2017-10-03,14.0,62.22,15.56,
15851,2017-10-03,15.0,82.5,16.25,
15852,2017-10-03,16.0,92.73,29.55,
15853,2017-10-03,17.0,43.33,37.78,
15854,2017-10-03,18.0,59.44,13.89,
15861,2017-10-04,9.0,60.56,9.0,
15862,2017-10-04,10.0,80.0,24.44,
15863,2017-10-04,11.0,103.0,48.64,
15864,2017-10-04,12.0,141.0,42.78,
15865,2017-10-04,13.0,138.89,46.11,
15866,2017-10-04,14.0,100.56,43.33,
15867,2017-10-04,15.0,102.22,49.5,
15868,2017-10-04,16.0,122.0,52.78,
15869,2017-10-04,17.0,130.0,48.89,
15870,2017-10-04,18.0,170.0,38.33,
15871,2017-10-04,19.0,131.82,49.0,
15872,2017-10-04,20.0,58.33,20.56,
15873,2017-10-04,21.0,68.89,17.5,
15874,2017-10-04,22.0,79.0,23.5,
15879,2017-10-05,9.0,31.67,8.12,
15880,2017-10-05,10.0,58.46,11.5,
15881,2017-10-05,11.0,85.56,15.5,
15882,2017-10-05,12.0,55.0,16.25,
15883,2017-10-05,13.0,54.0,13.33,
15884,2017-10-05,14.0,79.0,11.67,
15885,2017-10-05,15.0,53.0,13.89,
15886,2017-10-05,16.0,47.0,21.0,
15887,2017-10-05,17.0,88.5,41.67,
15888,2017-10-05,18.0,42.5,22.22,
15896,2017-10-06,8.0,49.09,,
15897,2017-10-06,9.0,58.0,,
15898,2017-10-06,10.0,56.67,,
15899,2017-10-06,11.0,87.0,35.0,
15900,2017-10-06,12.0,127.0,59.55,
15901,2017-10-06,13.0,107.78,58.33,
15902,2017-10-06,14.0,65.0,45.56,
15903,2017-10-06,15.0,73.33,47.22,
15904,2017-10-06,16.0,80.0,36.25,
15905,2017-10-06,17.0,136.25,39.5,
15906,2017-10-06,18.0,48.0,17.5,
15914,2017-10-07,8.0,53.33,5.0,
15915,2017-10-07,9.0,60.0,,
15916,2017-10-07,10.0,75.0,,
15917,2017-10-07,11.0,111.25,,
15918,2017-10-07,12.0,133.0,,
15919,2017-10-07,13.0,154.44,,
15920,2017-10-07,14.0,135.0,,
15921,2017-10-07,15.0,125.0,,
15922,2017-10-07,16.0,118.89,,
15923,2017-10-07,17.0,126.25,45.0,
15924,2017-10-07,18.0,124.0,79.0,
15927,2017-10-07,19.0,,68.5,
15928,2017-10-07,20.0,,51.67,
15925,2017-10-07,21.0,140.0,26.11,
15929,2017-10-07,22.0,,35.5,
15930,2017-10-08,8.0,62.78,5.0,
15931,2017-10-08,9.0,75.0,20.45,
15932,2017-10-08,10.0,78.33,51.15,
15933,2017-10-08,11.0,128.0,74.5,
15934,2017-10-08,12.0,150.0,82.86,
15935,2017-10-08,13.0,217.78,61.67,
15936,2017-10-08,14.0,187.0,56.82,
15937,2017-10-08,15.0,110.0,54.17,
15938,2017-10-08,16.0,83.33,54.44,
15939,2017-10-08,17.0,101.43,45.56,
15940,2017-10-08,18.0,120.0,56.67,
15941,2017-10-08,19.0,120.0,38.89,
15942,2017-10-08,20.0,120.0,33.89,
15943,2017-10-08,21.0,76.0,28.0,
15944,2017-10-08,22.0,85.56,26.36,
15946,2017-10-09,8.0,33.75,6.88,
15947,2017-10-09,9.0,72.0,21.0,
15948,2017-10-09,10.0,80.0,33.18,
15949,2017-10-09,11.0,117.78,41.11,
15950,2017-10-09,12.0,127.78,45.0,
15951,2017-10-09,13.0,115.56,40.5,
15952,2017-10-09,14.0,53.89,34.44,
15953,2017-10-09,15.0,77.0,35.0,
15954,2017-10-09,16.0,108.89,33.5,
15955,2017-10-09,17.0,71.25,37.78,
15956,2017-10-09,18.0,56.11,29.44,
15962,2017-10-10,8.0,58.12,5.0,
15963,2017-10-10,9.0,65.0,10.5,
15964,2017-10-10,10.0,60.5,28.0,
15965,2017-10-10,11.0,84.44,43.89,
15966,2017-10-10,12.0,110.0,51.67,
15967,2017-10-10,13.0,113.33,40.56,
15968,2017-10-10,14.0,67.78,32.78,
15969,2017-10-10,15.0,64.44,33.33,
15970,2017-10-10,16.0,83.75,36.11,
15971,2017-10-10,17.0,82.22,40.56,
15972,2017-10-10,18.0,59.0,25.0,
15979,2017-10-11,8.0,50.0,5.0,
15980,2017-10-11,9.0,92.78,,
15981,2017-10-11,10.0,95.0,,
15982,2017-10-11,11.0,121.88,,
15983,2017-10-11,12.0,150.0,,
15984,2017-10-11,13.0,147.78,,
15985,2017-10-11,14.0,136.25,,
15986,2017-10-11,15.0,150.0,,
15987,2017-10-11,16.0,136.67,,
15988,2017-10-11,17.0,152.78,,
15989,2017-10-11,18.0,125.0,,
15990,2017-10-11,19.0,138.0,,
15991,2017-10-11,20.0,168.75,,
15992,2017-10-11,22.0,180.0,,
15996,2017-10-12,8.0,41.25,5.0,
15997,2017-10-12,9.0,45.0,10.91,
15998,2017-10-12,10.0,67.5,38.0,
15999,2017-10-12,11.0,87.0,31.11,
16000,2017-10-12,12.0,93.33,42.78,
16001,2017-10-12,13.0,77.78,46.11,
16002,2017-10-12,14.0,55.56,26.11,
16003,2017-10-12,15.0,63.75,35.0,
16004,2017-10-12,16.0,98.0,20.0,
16005,2017-10-12,17.0,112.22,,
16006,2017-10-12,18.0,58.89,19.0,
16013,2017-10-13,8.0,37.5,7.5,
16014,2017-10-13,9.0,50.0,10.62,
16015,2017-10-13,10.0,60.45,46.5,
16016,2017-10-13,11.0,108.89,38.89,
16017,2017-10-13,12.0,123.33,47.78,
16018,2017-10-13,13.0,84.44,43.89,
16019,2017-10-13,14.0,63.33,29.5,
16020,2017-10-13,15.0,116.25,38.89,
16021,2017-10-13,16.0,110.0,33.0,
16022,2017-10-13,17.0,57.22,32.5,
16023,2017-10-13,18.0,46.67,20.56,
16030,2017-10-14,8.0,41.25,5.0,
16031,2017-10-14,9.0,51.67,13.5,
16032,2017-10-14,10.0,75.0,33.18,
16033,2017-10-14,11.0,117.78,53.33,
16034,2017-10-14,12.0,140.0,63.5,
16035,2017-10-14,13.0,166.67,59.44,
16036,2017-10-14,14.0,136.67,44.44,
16037,2017-10-14,15.0,81.67,52.78,
16038,2017-10-14,16.0,105.56,55.0,
16039,2017-10-14,17.0,137.78,56.11,
16040,2017-10-14,18.0,145.56,52.22,
16041,2017-10-14,19.0,113.33,50.5,
16042,2017-10-14,20.0,87.78,50.0,
16043,2017-10-14,21.0,52.5,31.5,
16044,2017-10-14,22.0,103.33,30.38,
16047,2017-10-15,8.0,43.33,6.11,
16048,2017-10-15,9.0,60.0,9.17,
16049,2017-10-15,10.0,63.75,26.5,
16050,2017-10-15,11.0,65.83,44.0,
16051,2017-10-15,12.0,79.0,41.11,
16052,2017-10-15,13.0,101.11,45.0,
16053,2017-10-15,14.0,97.22,,
16054,2017-10-15,15.0,70.56,20.0,
16055,2017-10-15,16.0,73.33,35.56,
16056,2017-10-15,17.0,68.89,35.5,
16057,2017-10-15,18.0,41.0,24.0,
16064,2017-10-16,8.0,53.33,8.89,
16065,2017-10-16,9.0,61.67,45.56,
16066,2017-10-16,10.0,75.0,90.56,
16067,2017-10-16,11.0,111.25,46.88,
16068,2017-10-16,12.0,121.0,59.0,
16069,2017-10-16,13.0,113.33,65.56,
16070,2017-10-16,14.0,126.25,51.88,
16071,2017-10-16,15.0,167.78,57.78,
16072,2017-10-16,16.0,180.0,67.14,
16073,2017-10-16,17.0,130.0,55.0,
16074,2017-10-16,18.0,55.0,22.5,
16075,2017-10-16,19.0,120.0,49.0,
16076,2017-10-16,20.0,96.67,41.11,
16077,2017-10-16,21.0,52.5,21.11,
16078,2017-10-16,22.0,67.5,33.0,
16083,2017-10-17,9.0,45.62,17.14,
16084,2017-10-17,10.0,70.0,44.62,
16085,2017-10-17,11.0,91.11,65.0,
16086,2017-10-17,12.0,74.0,37.78,
16087,2017-10-17,13.0,71.11,25.56,
16088,2017-10-17,14.0,63.33,26.67,
16089,2017-10-17,15.0,73.33,21.15,
16090,2017-10-17,16.0,97.5,45.0,
16091,2017-10-17,17.0,94.0,,
16092,2017-10-17,18.0,48.12,15.0,
16099,2017-10-18,8.0,78.75,6.25,
16100,2017-10-18,9.0,85.0,36.0,
16101,2017-10-18,10.0,83.89,57.22,
16102,2017-10-18,11.0,97.5,63.89,
16103,2017-10-18,12.0,120.0,70.71,
16104,2017-10-18,13.0,110.0,65.5,
16105,2017-10-18,14.0,92.22,47.78,
16106,2017-10-18,15.0,113.89,73.89,
16107,2017-10-18,16.0,136.67,52.78,
16108,2017-10-18,17.0,165.56,50.56,
16109,2017-10-18,18.0,186.25,46.11,
16110,2017-10-18,19.0,108.33,45.0,
16111,2017-10-18,20.0,64.44,43.33,
16112,2017-10-18,21.0,45.56,26.88,
16113,2017-10-18,22.0,74.44,28.33,
16117,2017-10-19,9.0,58.64,13.5,
16118,2017-10-19,10.0,60.56,38.5,
16119,2017-10-19,11.0,92.22,42.0,
16120,2017-10-19,12.0,100.0,31.67,
16121,2017-10-19,13.0,66.67,35.0,
16122,2017-10-19,14.0,55.0,23.33,
16123,2017-10-19,15.0,75.0,37.5,
16124,2017-10-19,16.0,85.0,34.5,
16125,2017-10-19,17.0,64.44,33.0,
16126,2017-10-19,18.0,46.36,16.11,
16134,2017-10-20,8.0,58.33,17.5,
16135,2017-10-20,9.0,56.67,13.5,
16136,2017-10-20,10.0,56.67,33.64,
16137,2017-10-20,11.0,74.0,33.75,
16138,2017-10-20,12.0,84.0,44.55,
16139,2017-10-20,13.0,98.89,37.22,
16140,2017-10-20,14.0,84.38,32.5,
16141,2017-10-20,15.0,67.0,,
16142,2017-10-20,16.0,94.44,,
16143,2017-10-20,17.0,125.0,,
16144,2017-10-20,18.0,45.5,27.5,
16151,2017-10-21,8.0,30.0,10.0,
16152,2017-10-21,9.0,50.91,22.5,
16153,2017-10-21,10.0,69.44,36.67,
16154,2017-10-21,11.0,81.67,50.0,
16155,2017-10-21,12.0,104.44,49.5,
16156,2017-10-21,13.0,123.33,51.82,
16157,2017-10-21,14.0,116.67,49.44,
16158,2017-10-21,15.0,105.0,63.89,
16159,2017-10-21,16.0,80.0,60.0,
16160,2017-10-21,17.0,150.0,58.5,
16161,2017-10-21,18.0,112.5,51.25,
16162,2017-10-21,19.0,130.0,48.5,
16163,2017-10-21,20.0,91.25,29.44,
16164,2017-10-21,21.0,61.82,20.91,
16165,2017-10-21,22.0,90.0,27.22,
16168,2017-10-22,8.0,50.38,9.0,
16169,2017-10-22,9.0,46.67,11.25,
16170,2017-10-22,10.0,44.44,25.45,
16171,2017-10-22,11.0,75.0,28.33,
16172,2017-10-22,12.0,123.33,28.89,
16173,2017-10-22,13.0,88.75,34.38,
16174,2017-10-22,14.0,68.64,23.0,
16175,2017-10-22,15.0,73.64,22.78,
16176,2017-10-22,16.0,98.89,18.0,
16177,2017-10-22,17.0,62.0,19.5,
16178,2017-10-22,18.0,58.5,13.0,
16185,2017-10-23,9.0,51.0,11.11,
16186,2017-10-23,10.0,80.0,25.0,
16187,2017-10-23,11.0,88.0,42.27,
16188,2017-10-23,12.0,93.33,50.0,
16189,2017-10-23,13.0,114.44,51.11,
16190,2017-10-23,14.0,137.0,40.45,
16191,2017-10-23,15.0,121.43,48.33,
16192,2017-10-23,16.0,90.0,47.5,
16193,2017-10-23,17.0,67.78,58.75,
16194,2017-10-23,18.0,98.89,60.0,
16195,2017-10-23,19.0,108.75,27.22,
16196,2017-10-23,20.0,71.82,30.0,
16197,2017-10-23,21.0,46.5,11.11,
16198,2017-10-23,22.0,57.78,5.56,
16201,2017-10-24,9.0,43.12,13.5,
16215,2017-10-24,10.0,,47.0,
16202,2017-10-24,11.0,75.0,33.33,
16203,2017-10-24,12.0,78.89,22.0,
16204,2017-10-24,13.0,107.0,22.22,
16205,2017-10-24,14.0,91.11,15.56,
16206,2017-10-24,15.0,70.0,23.75,
16207,2017-10-24,16.0,104.0,18.75,
16208,2017-10-24,17.0,98.0,,
16209,2017-10-24,18.0,53.89,12.0,
16217,2017-10-25,9.0,49.29,11.67,
16218,2017-10-25,10.0,85.0,38.12,
16219,2017-10-25,11.0,91.0,44.0,
16220,2017-10-25,12.0,99.44,50.0,
16221,2017-10-25,13.0,93.33,45.56,
16222,2017-10-25,14.0,126.67,42.78,
16223,2017-10-25,15.0,144.44,51.67,
16224,2017-10-25,16.0,154.44,48.89,
16225,2017-10-25,17.0,107.5,51.25,
16226,2017-10-25,18.0,66.0,38.89,
16227,2017-10-25,19.0,94.5,41.36,
16228,2017-10-25,20.0,116.67,18.5,
16229,2017-10-25,21.0,52.0,20.56,
16230,2017-10-25,22.0,66.67,24.5,
16235,2017-10-26,9.0,45.42,10.0,
16236,2017-10-26,10.0,65.56,31.0,
16237,2017-10-26,11.0,94.0,51.67,
16238,2017-10-26,12.0,113.0,55.62,
16239,2017-10-26,13.0,85.0,47.73,
16240,2017-10-26,14.0,52.5,45.0,
16241,2017-10-26,15.0,81.0,48.0,
16242,2017-10-26,16.0,96.67,48.33,
16243,2017-10-26,17.0,60.0,32.22,
16244,2017-10-26,18.0,64.0,21.5,
16253,2017-10-27,8.0,45.0,5.62,
16254,2017-10-27,9.0,45.0,19.58,
16255,2017-10-27,10.0,57.5,46.88,
16256,2017-10-27,11.0,87.5,35.91,
16257,2017-10-27,12.0,102.22,36.11,
16258,2017-10-27,13.0,64.44,34.44,
16259,2017-10-27,14.0,67.78,33.89,
16260,2017-10-27,15.0,96.67,31.0,
16261,2017-10-27,16.0,108.75,37.78,
16262,2017-10-27,17.0,42.73,31.36,
16263,2017-10-27,18.0,59.38,18.75,
16269,2017-10-28,8.0,45.0,7.5,
16270,2017-10-28,9.0,45.0,11.5,
16271,2017-10-28,10.0,57.73,25.77,
16272,2017-10-28,11.0,86.5,40.0,
16273,2017-10-28,12.0,91.0,33.89,
16274,2017-10-28,13.0,117.78,51.11,
16275,2017-10-28,14.0,151.0,45.56,
16276,2017-10-28,15.0,157.5,60.0,
16277,2017-10-28,16.0,156.0,52.27,
16278,2017-10-28,17.0,95.56,50.0,
16279,2017-10-28,18.0,66.25,44.38,
16280,2017-10-28,19.0,83.64,36.0,
16281,2017-10-28,20.0,106.67,24.44,
16282,2017-10-28,21.0,52.0,13.33,
16283,2017-10-28,22.0,51.11,18.33,
16286,2017-10-29,8.0,30.0,13.33,
16287,2017-10-29,9.0,46.36,27.31,
16288,2017-10-29,10.0,67.27,33.0,
16289,2017-10-29,11.0,93.33,28.89,
16290,2017-10-29,12.0,104.0,32.5,
16291,2017-10-29,13.0,70.0,27.0,
16292,2017-10-29,14.0,64.44,25.56,
16293,2017-10-29,15.0,99.0,30.56,
16294,2017-10-29,16.0,116.67,30.56,
16295,2017-10-29,17.0,74.44,25.5,
16296,2017-10-29,18.0,40.0,20.0,
16303,2017-10-30,9.0,120.0,15.5,
16304,2017-10-30,10.0,110.0,31.11,
16305,2017-10-30,11.0,83.89,42.0,
16306,2017-10-30,12.0,92.22,50.56,
16307,2017-10-30,13.0,118.75,53.75,
16308,2017-10-30,14.0,132.22,37.78,
16309,2017-10-30,15.0,116.0,41.36,
16310,2017-10-30,16.0,120.0,57.27,
16311,2017-10-30,17.0,73.33,44.44,
16312,2017-10-30,18.0,90.0,45.71,
16313,2017-10-30,19.0,110.0,43.89,
16314,2017-10-30,20.0,103.89,20.56,
16319,2017-10-31,9.0,34.5,5.0,
16320,2017-10-31,10.0,53.33,21.82,
16321,2017-10-31,11.0,66.67,25.0,
16322,2017-10-31,12.0,88.75,21.43,
16323,2017-10-31,13.0,114.29,26.88,
16324,2017-10-31,14.0,96.36,24.58,
16325,2017-10-31,15.0,53.33,21.11,
16326,2017-10-31,16.0,73.33,25.56,
16327,2017-10-31,17.0,67.5,28.75,
16328,2017-10-31,18.0,25.0,12.22,
16335,2017-11-01,9.0,45.0,7.5,
16336,2017-11-01,10.0,45.45,33.33,
16337,2017-11-01,11.0,63.75,17.5,
16338,2017-11-01,12.0,38.0,24.0,
16339,2017-11-01,13.0,64.0,15.5,
16340,2017-11-01,14.0,82.0,15.0,
16341,2017-11-01,15.0,80.0,21.67,
16342,2017-11-01,16.0,62.22,15.0,
16343,2017-11-01,17.0,40.0,18.33,
16344,2017-11-01,18.0,51.11,27.22,
16351,2017-11-02,9.0,68.89,17.22,
16352,2017-11-02,10.0,52.78,23.64,
16353,2017-11-02,11.0,67.5,36.0,
16354,2017-11-02,12.0,87.0,39.0,
16355,2017-11-02,13.0,88.89,39.44,
16356,2017-11-02,14.0,78.0,32.5,
16357,2017-11-02,15.0,85.0,35.56,
16358,2017-11-02,16.0,106.0,39.0,
16359,2017-11-02,17.0,115.56,33.33,
16360,2017-11-02,18.0,51.67,22.78,
16361,2017-11-02,19.0,62.22,28.89,
16362,2017-11-02,20.0,90.0,11.5,
16365,2017-11-03,9.0,56.67,16.67,
16366,2017-11-03,10.0,63.75,23.12,
16367,2017-11-03,11.0,90.0,32.27,
16368,2017-11-03,12.0,102.0,36.11,
16369,2017-11-03,13.0,101.11,33.5,
16370,2017-11-03,14.0,73.33,28.89,
16371,2017-11-03,15.0,67.5,40.62,
16372,2017-11-03,16.0,104.44,38.33,
16373,2017-11-03,17.0,102.73,28.0,
16374,2017-11-03,18.0,56.11,22.0,
16375,2017-11-03,19.0,70.91,21.82,
16376,2017-11-03,20.0,94.44,21.5,
16377,2017-11-03,21.0,45.56,10.0,
16379,2017-11-04,9.0,38.18,11.25,
16380,2017-11-04,10.0,90.0,33.85,
16381,2017-11-04,11.0,94.38,36.25,
16382,2017-11-04,12.0,90.0,49.0,
16383,2017-11-04,13.0,99.0,55.0,
16384,2017-11-04,14.0,132.22,38.0,
16385,2017-11-04,15.0,128.89,49.0,
16386,2017-11-04,16.0,107.78,48.5,
16387,2017-11-04,17.0,80.0,41.11,
16388,2017-11-04,18.0,85.0,33.12,
16389,2017-11-04,19.0,98.0,39.0,
16390,2017-11-04,20.0,96.67,21.67,
16391,2017-11-04,21.0,51.67,15.0,
16392,2017-11-04,22.0,68.0,11.67,
16394,2017-11-05,9.0,75.0,8.5,
16395,2017-11-05,10.0,89.0,23.08,
16396,2017-11-05,11.0,85.56,43.0,
16397,2017-11-05,12.0,70.0,48.33,
16398,2017-11-05,13.0,92.5,46.25,
16399,2017-11-05,14.0,128.0,36.36,
16400,2017-11-05,15.0,120.56,42.0,
16401,2017-11-05,16.0,77.78,37.22,
16402,2017-11-05,17.0,82.22,36.0,
16403,2017-11-05,18.0,103.33,35.0,
16404,2017-11-05,19.0,88.0,20.0,
16405,2017-11-05,20.0,43.0,10.0,
16406,2017-11-05,21.0,43.33,11.5,
16407,2017-11-05,22.0,45.0,7.22,
16408,2017-11-06,8.0,30.0,7.5,
16409,2017-11-06,9.0,53.18,11.0,
16410,2017-11-06,10.0,88.0,38.0,
16411,2017-11-06,11.0,90.0,48.75,
16412,2017-11-06,12.0,103.64,48.33,
16413,2017-11-06,13.0,110.45,54.0,
16414,2017-11-06,14.0,93.33,41.5,
16415,2017-11-06,15.0,97.78,40.0,
16416,2017-11-06,16.0,106.0,37.5,
16417,2017-11-06,17.0,100.0,49.44,
16418,2017-11-06,18.0,72.0,33.89,
16419,2017-11-06,19.0,63.33,,
16420,2017-11-06,20.0,85.56,15.5,
16421,2017-11-06,21.0,90.0,13.0,
16422,2017-11-06,22.0,90.0,11.11,
16423,2017-11-07,8.0,49.58,5.0,
16424,2017-11-07,9.0,60.0,8.33,
16425,2017-11-07,10.0,90.0,41.54,
16426,2017-11-07,11.0,120.0,63.33,
16427,2017-11-07,12.0,100.0,63.12,
16428,2017-11-07,13.0,88.89,45.56,
16429,2017-11-07,14.0,90.0,40.5,
16430,2017-11-07,15.0,120.0,40.71,
16431,2017-11-07,16.0,123.75,45.0,
16432,2017-11-07,17.0,92.0,44.5,
16433,2017-11-07,18.0,81.11,21.11,
16434,2017-11-07,19.0,93.33,26.88,
16435,2017-11-07,20.0,85.0,17.5,
16436,2017-11-07,21.0,47.22,13.33,
16437,2017-11-07,22.0,53.33,7.22,
16440,2017-11-08,8.0,45.0,8.33,
16441,2017-11-08,9.0,61.5,17.73,
16442,2017-11-08,10.0,79.44,31.5,
16443,2017-11-08,11.0,102.0,46.67,
16444,2017-11-08,12.0,112.22,53.33,
16445,2017-11-08,13.0,142.22,40.5,
16446,2017-11-08,14.0,133.33,35.0,
16447,2017-11-08,15.0,65.56,,
16448,2017-11-08,16.0,74.44,25.0,
16449,2017-11-08,17.0,111.25,41.25,
16450,2017-11-08,18.0,102.22,43.0,
16451,2017-11-08,19.0,53.0,40.5,
16452,2017-11-08,20.0,62.22,33.12,
16453,2017-11-08,21.0,73.0,19.0,
16454,2017-11-08,22.0,75.0,28.33,
16455,2017-11-09,8.0,39.09,8.89,
16456,2017-11-09,9.0,58.75,19.5,
16457,2017-11-09,10.0,50.0,31.0,
16458,2017-11-09,11.0,64.44,32.0,
16459,2017-11-09,12.0,107.78,,
16460,2017-11-09,13.0,120.0,,
16461,2017-11-09,14.0,54.44,26.67,
16462,2017-11-09,15.0,80.0,37.0,
16463,2017-11-09,16.0,107.78,38.89,
16464,2017-11-09,17.0,97.5,30.0,
16474,2017-11-10,8.0,55.91,13.33,
16475,2017-11-10,9.0,60.0,15.91,
16476,2017-11-10,10.0,61.11,25.62,
16477,2017-11-10,11.0,75.45,35.5,
16478,2017-11-10,12.0,110.0,41.67,
16479,2017-11-10,13.0,100.83,40.56,
16480,2017-11-10,14.0,55.56,43.33,
16481,2017-11-10,15.0,81.11,40.0,
16482,2017-11-10,16.0,118.89,41.0,
16483,2017-11-10,17.0,145.56,31.67,
16491,2017-11-11,8.0,48.33,5.0,
16492,2017-11-11,9.0,72.5,12.0,
16493,2017-11-11,10.0,62.22,29.5,
16494,2017-11-11,11.0,94.44,53.33,
16495,2017-11-11,12.0,120.0,53.33,
16496,2017-11-11,13.0,131.43,52.5,
16497,2017-11-11,14.0,162.0,49.55,
16498,2017-11-11,15.0,170.45,55.0,
16499,2017-11-11,16.0,148.12,56.67,
16500,2017-11-11,17.0,93.0,54.55,
16501,2017-11-11,18.0,120.0,70.0,
16502,2017-11-11,19.0,130.0,48.5,
16503,2017-11-11,20.0,157.0,37.22,
16504,2017-11-11,21.0,91.0,23.5,
16505,2017-11-11,22.0,83.33,37.92,
16511,2017-11-12,8.0,37.5,,
16512,2017-11-12,9.0,45.0,11.67,
16513,2017-11-12,10.0,60.5,22.5,
16514,2017-11-12,11.0,92.5,26.0,
16515,2017-11-12,12.0,116.36,37.73,
16516,2017-11-12,13.0,94.44,37.22,
16517,2017-11-12,14.0,48.89,34.0,
16518,2017-11-12,15.0,81.11,32.5,
16519,2017-11-12,16.0,110.0,24.5,
16520,2017-11-12,17.0,90.0,27.5,
16528,2017-11-13,9.0,30.0,16.67,
16529,2017-11-13,10.0,104.5,46.82,
16530,2017-11-13,11.0,106.67,53.89,
16531,2017-11-13,12.0,117.78,51.67,
16532,2017-11-13,13.0,115.56,53.33,
16533,2017-11-13,14.0,95.0,60.62,
16534,2017-11-13,15.0,97.73,52.5,
16535,2017-11-13,16.0,125.0,53.33,
16536,2017-11-13,17.0,144.44,43.89,
16537,2017-11-13,18.0,77.78,38.0,
16538,2017-11-13,19.0,81.88,32.5,
16539,2017-11-13,20.0,98.0,21.36,
16540,2017-11-13,21.0,80.56,13.5,
16541,2017-11-13,22.0,52.5,8.89,
16544,2017-11-14,8.0,43.33,7.5,
16545,2017-11-14,9.0,47.0,15.0,
16546,2017-11-14,10.0,81.5,23.57,
16547,2017-11-14,11.0,71.67,21.67,
16548,2017-11-14,12.0,55.56,22.0,
16549,2017-11-14,13.0,56.25,21.88,
16550,2017-11-14,14.0,81.0,16.0,
16551,2017-11-14,15.0,74.44,12.78,
16552,2017-11-14,16.0,41.11,12.22,
16553,2017-11-14,17.0,68.89,12.5,
16561,2017-11-15,9.0,58.33,15.0,
16562,2017-11-15,10.0,72.78,30.0,
16563,2017-11-15,11.0,93.12,43.33,
16575,2017-11-15,12.0,,43.5,
16564,2017-11-15,13.0,20.0,43.33,
16565,2017-11-15,14.0,92.0,41.0,
16566,2017-11-15,15.0,125.56,46.43,
16567,2017-11-15,16.0,161.67,56.88,
16568,2017-11-15,17.0,173.0,54.5,
16569,2017-11-15,18.0,132.78,38.33,
16570,2017-11-15,19.0,76.25,44.44,
16571,2017-11-15,20.0,82.73,24.55,
16572,2017-11-15,21.0,65.56,16.67,
16577,2017-11-16,8.0,50.45,5.0,
16578,2017-11-16,9.0,45.0,10.71,
16579,2017-11-16,10.0,49.09,16.0,
16580,2017-11-16,11.0,75.56,18.64,
16581,2017-11-16,12.0,72.22,18.64,
16582,2017-11-16,13.0,61.0,15.0,
16583,2017-11-16,14.0,76.67,17.22,
16584,2017-11-16,15.0,65.56,15.0,
16585,2017-11-16,16.0,61.11,14.0,
16586,2017-11-16,17.0,54.44,14.38,
16595,2017-11-17,8.0,57.0,15.0,5.0
16596,2017-11-17,9.0,63.75,11.25,32.5
16597,2017-11-17,10.0,46.5,17.27,63.0
16598,2017-11-17,11.0,72.22,24.44,61.67
16599,2017-11-17,12.0,91.25,29.38,53.12
16600,2017-11-17,13.0,83.0,19.0,68.5
16601,2017-11-17,14.0,51.67,17.22,60.56
16602,2017-11-17,15.0,65.56,17.22,47.0
16603,2017-11-17,16.0,98.89,18.33,41.67
16604,2017-11-17,17.0,90.0,20.62,30.62
16626,2017-11-18,8.0,,5.56,6.88
16627,2017-11-18,9.0,,11.67,32.78
16612,2017-11-18,10.0,95.0,30.71,51.0
16613,2017-11-18,11.0,100.0,53.5,68.89
16614,2017-11-18,12.0,112.22,63.5,
16615,2017-11-18,13.0,135.56,53.0,68.33
16616,2017-11-18,14.0,146.67,43.89,80.0
16617,2017-11-18,15.0,156.67,55.0,87.0
16618,2017-11-18,16.0,130.0,58.33,75.56
16619,2017-11-18,17.0,111.11,46.11,60.56
16620,2017-11-18,18.0,112.22,42.78,56.67
16621,2017-11-18,19.0,123.33,43.89,37.22
16622,2017-11-18,20.0,105.56,40.56,50.56
16623,2017-11-18,21.0,110.0,30.5,20.0
16624,2017-11-18,22.0,76.25,15.0,18.12
16629,2017-11-19,8.0,62.22,9.44,10.0
16630,2017-11-19,9.0,66.67,19.44,23.33
16631,2017-11-19,10.0,70.0,44.44,50.56
16632,2017-11-19,11.0,87.22,43.33,65.0
16633,2017-11-19,12.0,115.56,58.12,90.56
16634,2017-11-19,13.0,157.78,60.0,66.11
16635,2017-11-19,14.0,193.33,50.0,57.22
16636,2017-11-19,15.0,181.11,60.0,65.0
16637,2017-11-19,16.0,138.75,,60.0
16638,2017-11-19,17.0,116.67,,52.22
16639,2017-11-19,18.0,97.5,40.56,37.5
16640,2017-11-19,19.0,112.78,40.5,27.78
16641,2017-11-19,20.0,110.0,38.12,27.5
16642,2017-11-19,21.0,90.0,26.0,13.0
16643,2017-11-19,22.0,61.67,10.0,9.44
16646,2017-11-20,8.0,67.5,14.0,
16647,2017-11-20,9.0,83.33,21.67,25.0
16648,2017-11-20,10.0,127.5,53.0,57.0
16649,2017-11-20,11.0,136.67,66.0,88.89
16650,2017-11-20,12.0,152.22,68.89,103.89
16651,2017-11-20,13.0,160.0,73.33,90.0
16652,2017-11-20,14.0,142.22,76.5,81.67
16653,2017-11-20,15.0,183.33,72.22,83.33
16654,2017-11-20,16.0,158.33,58.89,84.5
16655,2017-11-20,17.0,158.33,70.56,66.67
16656,2017-11-20,18.0,171.43,66.36,43.89
16657,2017-11-20,19.0,170.0,62.78,35.0
16658,2017-11-20,20.0,172.22,54.0,
16659,2017-11-20,21.0,160.0,29.44,17.14
16660,2017-11-20,22.0,71.11,22.22,21.67
16663,2017-11-21,8.0,70.0,9.17,
16664,2017-11-21,9.0,88.5,20.42,23.85
16665,2017-11-21,10.0,118.5,47.5,50.5
16666,2017-11-21,11.0,107.5,45.0,72.5
16667,2017-11-21,12.0,103.75,60.62,72.5
16668,2017-11-21,13.0,118.89,61.11,61.67
16669,2017-11-21,14.0,149.09,58.0,62.27
16670,2017-11-21,15.0,183.0,51.5,65.0
16671,2017-11-21,16.0,130.0,49.38,60.0
16672,2017-11-21,17.0,125.0,45.5,64.0
16673,2017-11-21,18.0,103.89,29.44,53.33
16674,2017-11-21,19.0,113.33,32.78,42.78
16675,2017-11-21,20.0,106.25,29.38,45.0
16676,2017-11-21,21.0,61.82,15.5,
16677,2017-11-21,22.0,56.67,8.89,17.86
16680,2017-11-22,8.0,70.0,5.62,10.62
16681,2017-11-22,9.0,85.0,19.0,31.11
16682,2017-11-22,10.0,121.88,44.44,57.78
16683,2017-11-22,11.0,159.0,56.5,75.0
16684,2017-11-22,12.0,146.67,69.44,115.0
16685,2017-11-22,13.0,147.73,75.0,123.75
16686,2017-11-22,14.0,125.0,50.45,81.0
16687,2017-11-22,15.0,134.5,56.11,83.89
16688,2017-11-22,16.0,145.0,48.33,85.0
16689,2017-11-22,17.0,137.78,46.67,86.11
16690,2017-11-22,18.0,124.44,45.0,84.44
16691,2017-11-22,19.0,120.0,47.5,66.11
16692,2017-11-22,20.0,120.0,53.0,55.56
16693,2017-11-22,21.0,125.62,40.62,43.75
16694,2017-11-22,22.0,107.5,22.5,29.55
16699,2017-11-23,8.0,47.5,6.67,8.0
16700,2017-11-23,9.0,80.0,14.55,29.5
16701,2017-11-23,10.0,90.0,37.22,41.67
16702,2017-11-23,11.0,123.33,48.33,60.62
16703,2017-11-23,12.0,162.5,46.5,53.0
16704,2017-11-23,13.0,152.22,,68.89
16705,2017-11-23,14.0,123.89,,59.44
16706,2017-11-23,15.0,180.0,42.14,58.89
16707,2017-11-23,16.0,90.0,60.56,70.0
16708,2017-11-23,17.0,104.44,53.89,65.0
16709,2017-11-23,18.0,122.22,36.11,52.22
16710,2017-11-23,19.0,144.44,42.22,51.43
16711,2017-11-23,20.0,111.11,32.22,
16712,2017-11-23,21.0,97.78,24.44,35.0
16713,2017-11-23,22.0,66.25,11.88,
16718,2017-11-24,8.0,55.0,10.0,10.0
16719,2017-11-24,9.0,77.78,17.78,20.0
16720,2017-11-24,10.0,79.44,45.0,36.67
16721,2017-11-24,11.0,100.56,46.11,34.0
16722,2017-11-24,12.0,111.11,47.78,53.89
16723,2017-11-24,13.0,128.0,49.44,60.0
16724,2017-11-24,14.0,123.33,50.45,41.67
16725,2017-11-24,15.0,113.0,63.33,59.44
16726,2017-11-24,16.0,141.0,62.5,73.33
16727,2017-11-24,17.0,146.67,54.38,45.0
16728,2017-11-24,18.0,128.89,61.67,29.44
16729,2017-11-24,19.0,108.5,45.0,37.0
16730,2017-11-24,20.0,122.22,39.0,33.89
16731,2017-11-24,21.0,113.33,26.36,31.88
16732,2017-11-24,22.0,56.25,19.5,16.5
16747,2017-11-25,8.0,,5.71,5.62
16748,2017-11-25,9.0,,13.33,7.0
16734,2017-11-25,10.0,84.29,31.43,18.0
16735,2017-11-25,11.0,121.11,35.5,39.5
16749,2017-11-25,12.0,,63.5,82.22
16736,2017-11-25,13.0,105.0,55.62,76.25
16737,2017-11-25,14.0,120.0,51.0,60.0
16738,2017-11-25,15.0,150.0,50.56,65.0
16739,2017-11-25,16.0,151.11,53.89,71.67
16740,2017-11-25,17.0,158.89,51.11,67.78
16741,2017-11-25,18.0,120.0,53.57,45.56
16742,2017-11-25,19.0,87.0,,37.78
16743,2017-11-25,20.0,96.0,29.0,26.11
16744,2017-11-25,21.0,112.0,26.0,13.5
16745,2017-11-25,22.0,76.67,19.17,10.56
16752,2017-11-26,8.0,34.38,5.0,5.0
16753,2017-11-26,9.0,41.36,8.12,6.67
16754,2017-11-26,10.0,55.0,20.45,15.71
16767,2017-11-26,11.0,,28.89,31.67
16755,2017-11-26,12.0,101.5,33.33,33.33
16756,2017-11-26,13.0,105.56,23.89,23.0
16757,2017-11-26,14.0,92.5,22.22,21.88
16758,2017-11-26,15.0,103.18,24.23,31.0
16759,2017-11-26,16.0,83.33,30.56,25.0
16760,2017-11-26,17.0,70.56,31.11,23.5
16769,2017-11-27,9.0,80.62,15.0,8.75
16770,2017-11-27,10.0,88.75,40.62,35.62
16771,2017-11-27,11.0,99.5,54.5,62.5
16772,2017-11-27,12.0,121.67,68.57,63.0
16773,2017-11-27,13.0,123.33,53.33,68.89
16774,2017-11-27,14.0,89.44,51.11,61.11
16775,2017-11-27,15.0,109.44,60.0,72.22
16776,2017-11-27,16.0,130.0,52.22,59.44
16777,2017-11-27,17.0,121.11,48.89,66.67
16778,2017-11-27,18.0,74.44,50.56,53.89
16779,2017-11-27,19.0,103.89,42.22,36.0
16780,2017-11-27,20.0,148.89,37.22,22.0
16781,2017-11-27,21.0,97.78,17.78,10.56
16785,2017-11-28,8.0,40.0,5.0,9.38
16786,2017-11-28,9.0,45.0,15.42,10.56
16787,2017-11-28,10.0,51.67,17.31,20.0
16788,2017-11-28,11.0,80.0,13.33,27.0
16789,2017-11-28,12.0,98.0,14.5,28.89
16790,2017-11-28,13.0,66.67,16.36,
16791,2017-11-28,14.0,53.12,10.62,
16792,2017-11-28,15.0,66.5,12.22,
16793,2017-11-28,16.0,57.78,15.83,26.67
16800,2017-11-28,17.0,,14.44,
16802,2017-11-29,9.0,53.89,14.44,5.0
16803,2017-11-29,10.0,80.0,24.44,
16804,2017-11-29,11.0,86.11,43.89,50.0
16805,2017-11-29,12.0,78.33,35.91,68.33
16806,2017-11-29,13.0,82.5,49.38,75.62
16807,2017-11-29,14.0,91.0,25.45,53.64
16808,2017-11-29,15.0,94.5,44.44,50.5
16809,2017-11-29,16.0,92.5,38.12,57.5
16810,2017-11-29,17.0,94.0,33.18,68.0
16811,2017-11-29,18.0,110.0,24.44,48.89
16812,2017-11-29,19.0,91.0,22.78,32.22
16813,2017-11-29,20.0,46.0,13.89,17.27
16814,2017-11-29,21.0,40.0,5.0,9.44
16816,2017-11-30,8.0,26.82,10.0,10.0
16817,2017-11-30,9.0,40.0,10.0,11.36
16818,2017-11-30,10.0,59.0,14.09,15.0
16819,2017-11-30,11.0,73.0,16.11,28.18
16820,2017-11-30,12.0,38.33,10.56,28.89
16821,2017-11-30,13.0,72.0,18.33,24.58
16822,2017-11-30,14.0,90.56,12.78,20.0
16823,2017-11-30,15.0,56.11,10.0,22.22
16827,2017-12-01,8.0,45.0,10.0,5.0
16828,2017-12-01,9.0,45.0,12.73,22.0
16829,2017-12-01,10.0,63.64,22.22,37.22
16830,2017-12-01,11.0,82.0,34.5,48.89
16831,2017-12-01,12.0,67.0,37.78,47.78
16832,2017-12-01,13.0,70.0,36.67,38.33
16833,2017-12-01,14.0,98.0,23.5,61.0
16834,2017-12-01,15.0,67.0,25.71,42.22
16835,2017-12-01,16.0,57.5,40.0,70.0
16836,2017-12-01,17.0,70.0,27.22,48.33
16844,2017-12-02,8.0,45.0,5.0,5.0
16845,2017-12-02,9.0,57.0,5.0,14.09
16846,2017-12-02,10.0,72.27,38.5,60.56
16847,2017-12-02,11.0,91.11,48.0,75.0
16848,2017-12-02,12.0,100.0,49.17,80.0
16849,2017-12-02,13.0,120.0,51.67,74.44
16850,2017-12-02,14.0,141.11,47.22,66.67
16851,2017-12-02,15.0,110.56,58.33,92.22
16852,2017-12-02,16.0,112.0,68.33,80.56
16853,2017-12-02,17.0,123.0,60.0,86.11
16854,2017-12-02,18.0,167.78,53.5,76.11
16855,2017-12-02,19.0,181.11,50.0,49.44
16856,2017-12-02,20.0,72.0,36.11,37.22
16857,2017-12-02,21.0,75.0,26.25,30.62
16858,2017-12-02,22.0,95.5,27.73,39.0
16861,2017-12-03,8.0,39.55,10.0,5.0
16862,2017-12-03,9.0,53.33,15.0,7.78
16863,2017-12-03,10.0,58.89,23.18,27.78
16864,2017-12-03,11.0,67.5,37.78,36.25
16865,2017-12-03,12.0,90.0,41.67,
16866,2017-12-03,13.0,103.75,32.5,44.38
16867,2017-12-03,14.0,66.5,39.0,63.0
16868,2017-12-03,15.0,70.0,29.38,58.75
16869,2017-12-03,16.0,95.0,31.11,57.0
16870,2017-12-03,17.0,60.0,31.0,30.0
16877,2017-12-04,9.0,70.0,14.38,18.75
16878,2017-12-04,10.0,72.78,32.5,42.5
16879,2017-12-04,11.0,95.5,47.78,45.0
16880,2017-12-04,12.0,109.5,53.5,62.31
16881,2017-12-04,13.0,108.75,60.0,65.0
16882,2017-12-04,14.0,72.0,46.36,66.5
16883,2017-12-04,15.0,110.0,55.56,88.33
16884,2017-12-04,16.0,124.0,58.0,75.5
16885,2017-12-04,17.0,108.89,20.0,66.88
16886,2017-12-04,18.0,88.0,44.44,71.11
16887,2017-12-04,19.0,92.0,47.78,38.33
16888,2017-12-04,20.0,77.78,,23.89
16889,2017-12-04,21.0,47.78,20.56,11.43
16890,2017-12-04,22.0,60.0,25.0,20.0
16892,2017-12-05,8.0,43.33,10.0,8.33
16893,2017-12-05,9.0,48.64,10.0,15.0
16894,2017-12-05,10.0,56.67,15.0,35.0
16895,2017-12-05,11.0,58.0,31.67,
16896,2017-12-05,12.0,78.89,35.0,
16897,2017-12-05,13.0,73.33,33.0,
16898,2017-12-05,14.0,56.67,29.0,
16899,2017-12-05,15.0,70.62,23.33,42.78
16900,2017-12-05,16.0,92.22,27.5,53.64
16901,2017-12-05,17.0,44.0,13.75,59.0
16909,2017-12-06,9.0,66.0,13.75,6.25
16910,2017-12-06,10.0,67.92,27.27,40.56
16911,2017-12-06,11.0,65.0,45.0,61.11
16912,2017-12-06,12.0,82.0,48.33,69.0
16913,2017-12-06,13.0,113.33,58.89,72.22
16914,2017-12-06,14.0,126.0,50.5,75.0
16915,2017-12-06,15.0,103.33,50.56,63.33
16916,2017-12-06,16.0,86.25,44.38,65.0
16917,2017-12-06,17.0,79.0,45.5,70.5
16918,2017-12-06,18.0,92.0,34.0,47.22
16919,2017-12-06,19.0,118.89,38.89,37.78
16920,2017-12-06,20.0,117.78,29.44,23.89
16921,2017-12-06,21.0,86.82,15.0,21.67
16922,2017-12-06,22.0,88.33,22.5,29.0
16927,2017-12-07,8.0,30.0,5.0,5.0
16928,2017-12-07,9.0,42.5,5.0,5.56
16929,2017-12-07,10.0,55.0,9.09,12.5
16930,2017-12-07,11.0,70.0,20.0,17.78
16931,2017-12-07,12.0,62.5,21.25,28.12
16932,2017-12-07,13.0,63.0,21.43,23.5
16933,2017-12-07,14.0,60.0,16.25,16.11
16934,2017-12-07,15.0,65.0,20.56,19.5
16935,2017-12-07,16.0,98.75,26.25,16.25
16936,2017-12-07,17.0,47.27,19.09,11.5
16946,2017-12-08,8.0,46.5,6.67,5.0
16947,2017-12-08,9.0,53.89,6.88,5.0
16948,2017-12-08,10.0,72.73,22.31,13.18
16949,2017-12-08,11.0,64.44,37.22,34.55
16950,2017-12-08,12.0,67.0,26.5,42.5
16951,2017-12-08,13.0,81.25,30.0,45.0
16952,2017-12-08,14.0,76.0,23.33,43.89
16953,2017-12-08,15.0,61.0,26.67,48.18
16954,2017-12-08,16.0,101.11,27.22,41.67
16955,2017-12-08,17.0,77.78,16.67,34.5
16976,2017-12-09,8.0,,5.0,5.0
16963,2017-12-09,9.0,80.0,5.62,5.0
16964,2017-12-09,10.0,37.69,22.27,5.0
16965,2017-12-09,11.0,78.5,47.22,13.33
16966,2017-12-09,12.0,109.0,38.33,15.0
16967,2017-12-09,13.0,120.0,55.0,5.0
16968,2017-12-09,14.0,150.0,45.56,5.0
16969,2017-12-09,15.0,106.11,57.78,
16970,2017-12-09,16.0,117.78,43.33,13.12
16971,2017-12-09,17.0,120.0,51.25,11.88
16972,2017-12-09,18.0,157.0,52.5,5.0
16973,2017-12-09,19.0,143.33,47.22,5.0
16974,2017-12-09,20.0,90.5,33.18,5.0
16975,2017-12-09,21.0,80.56,18.89,5.0
16977,2017-12-09,22.0,,17.5,5.0
16979,2017-12-10,8.0,30.0,5.0,5.0
16980,2017-12-10,9.0,50.0,10.83,6.67
16981,2017-12-10,10.0,64.0,24.17,5.0
16982,2017-12-10,11.0,64.55,29.55,5.0
16983,2017-12-10,12.0,67.78,35.56,7.78
16984,2017-12-10,13.0,102.78,40.83,7.22
16985,2017-12-10,14.0,119.09,35.0,9.44
16986,2017-12-10,15.0,70.0,44.0,21.25
16987,2017-12-10,16.0,67.5,38.75,8.33
16988,2017-12-10,17.0,104.0,36.25,6.5
16996,2017-12-11,11.0,96.5,43.75,33.57
16997,2017-12-11,12.0,147.0,53.0,48.0
16998,2017-12-11,13.0,172.73,56.5,47.22
16999,2017-12-11,14.0,190.0,50.5,39.44
17000,2017-12-11,15.0,77.5,63.12,62.22
17001,2017-12-11,16.0,108.33,43.33,62.22
17002,2017-12-11,17.0,111.0,48.57,
17003,2017-12-11,18.0,155.0,40.71,10.0
17004,2017-12-11,19.0,182.22,45.0,10.0
17005,2017-12-11,20.0,144.55,32.27,6.82
17006,2017-12-11,21.0,49.0,7.5,5.0
17008,2017-12-12,8.0,39.0,5.0,5.0
17009,2017-12-12,9.0,44.5,9.0,7.5
17010,2017-12-12,10.0,75.71,10.83,8.33
17011,2017-12-12,11.0,99.44,22.0,22.78
17012,2017-12-12,12.0,116.11,23.0,21.0
17013,2017-12-12,13.0,114.5,25.0,14.5
17014,2017-12-12,14.0,66.67,19.0,12.22
17015,2017-12-12,15.0,82.22,26.67,15.83
17016,2017-12-12,16.0,99.44,15.0,13.33
17017,2017-12-12,17.0,116.25,17.5,8.33
17025,2017-12-13,9.0,60.0,,5.0
17026,2017-12-13,10.0,65.91,,8.33
17027,2017-12-13,11.0,91.0,34.17,22.22
17028,2017-12-13,12.0,116.36,50.0,40.5
17029,2017-12-13,13.0,125.45,27.5,38.89
17030,2017-12-13,14.0,116.11,58.0,30.56
17031,2017-12-13,15.0,106.11,60.5,45.0
17032,2017-12-13,16.0,120.0,84.5,43.89
17033,2017-12-13,17.0,143.75,51.82,36.88
17034,2017-12-13,18.0,152.5,53.64,8.18
17035,2017-12-13,19.0,139.44,47.5,5.0
17036,2017-12-13,20.0,72.86,36.36,5.0
17037,2017-12-13,21.0,60.0,14.0,5.0
17041,2017-12-14,8.0,43.33,5.0,5.0
17042,2017-12-14,9.0,56.54,9.17,5.0
17043,2017-12-14,10.0,65.38,10.0,12.69
17044,2017-12-14,11.0,80.0,22.78,33.89
17045,2017-12-14,12.0,68.75,23.89,36.88
17046,2017-12-14,13.0,74.0,22.27,31.36
17047,2017-12-14,14.0,95.0,15.42,15.0
17048,2017-12-14,15.0,112.22,27.78,21.0
17049,2017-12-14,16.0,73.33,24.09,23.18
17050,2017-12-14,17.0,60.0,25.0,20.0
17057,2017-12-15,8.0,65.0,5.0,5.0
17058,2017-12-15,9.0,56.25,8.18,6.82
17059,2017-12-15,10.0,59.09,25.5,20.5
17060,2017-12-15,11.0,90.91,32.22,35.56
17061,2017-12-15,12.0,114.0,31.11,37.0
17062,2017-12-15,13.0,106.67,30.0,37.0
17063,2017-12-15,14.0,85.45,22.0,35.56
17064,2017-12-15,15.0,88.89,28.33,31.11
17065,2017-12-15,16.0,102.22,41.25,28.75
17066,2017-12-15,17.0,82.0,26.25,16.0
17074,2017-12-16,8.0,42.0,5.0,5.0
17075,2017-12-16,9.0,62.73,15.5,17.0
17076,2017-12-16,10.0,90.0,44.55,36.25
17077,2017-12-16,11.0,115.0,50.42,46.82
17078,2017-12-16,12.0,126.25,60.62,64.44
17079,2017-12-16,13.0,114.0,55.5,68.0
17080,2017-12-16,14.0,125.0,46.67,63.0
17081,2017-12-16,15.0,145.62,68.12,86.88
17082,2017-12-16,16.0,166.5,62.73,90.0
17083,2017-12-16,17.0,176.67,66.88,70.0
17084,2017-12-16,18.0,117.0,60.0,46.0
17085,2017-12-16,19.0,105.56,59.44,46.11
17086,2017-12-16,20.0,120.0,39.5,42.0
17087,2017-12-16,21.0,91.67,24.55,25.5
17088,2017-12-16,22.0,90.0,33.33,30.5
17091,2017-12-17,8.0,72.22,7.5,5.0
17092,2017-12-17,9.0,74.29,16.0,7.27
17106,2017-12-17,10.0,,34.55,43.75
17093,2017-12-17,11.0,130.0,50.0,53.64
17094,2017-12-17,12.0,80.0,44.29,85.0
17095,2017-12-17,13.0,115.0,46.36,71.5
17096,2017-12-17,14.0,130.0,37.5,53.12
17097,2017-12-17,15.0,130.91,37.5,66.67
17098,2017-12-17,16.0,129.09,39.0,55.0
17099,2017-12-17,17.0,77.78,29.09,64.44
17108,2017-12-18,9.0,54.0,,10.56
17122,2017-12-18,10.0,,,60.77
17109,2017-12-18,11.0,125.62,30.0,102.5
17110,2017-12-18,12.0,153.33,55.0,122.22
17111,2017-12-18,13.0,180.0,,150.0
17112,2017-12-18,14.0,177.5,,
17113,2017-12-18,15.0,200.0,93.18,
17114,2017-12-18,16.0,209.5,101.0,95.0
17115,2017-12-18,17.0,117.5,71.88,129.38
17116,2017-12-18,18.0,118.0,77.5,140.91
17117,2017-12-18,19.0,132.5,69.44,175.0
17118,2017-12-18,20.0,142.5,37.5,65.62
17119,2017-12-18,21.0,94.5,26.82,32.5
17120,2017-12-18,22.0,97.5,37.78,38.89
17124,2017-12-19,8.0,53.08,5.0,5.0
17125,2017-12-19,9.0,59.58,9.09,13.46
17126,2017-12-19,10.0,78.89,25.5,46.0
17127,2017-12-19,11.0,83.0,41.5,56.67
17128,2017-12-19,12.0,98.0,33.33,61.11
17129,2017-12-19,13.0,87.5,34.44,65.62
17130,2017-12-19,14.0,68.89,30.5,52.78
17131,2017-12-19,15.0,84.0,34.0,50.83
17132,2017-12-19,16.0,111.0,33.33,70.0
17133,2017-12-19,17.0,113.0,32.27,60.0
17140,2017-12-20,12.0,157.5,87.5,135.0
17141,2017-12-20,13.0,176.67,81.67,131.67
17142,2017-12-20,14.0,176.25,56.25,96.25
17143,2017-12-20,15.0,151.67,65.5,109.5
17144,2017-12-20,16.0,166.0,73.0,115.5
17145,2017-12-20,17.0,145.56,74.44,111.11
17146,2017-12-20,18.0,136.0,58.0,110.0
17147,2017-12-20,19.0,110.83,50.45,101.0
17148,2017-12-20,20.0,83.33,35.0,65.0
17149,2017-12-20,21.0,107.5,24.5,44.44
17150,2017-12-20,22.0,,45.0,57.22
17152,2017-12-21,8.0,39.0,,5.0
17153,2017-12-21,9.0,50.91,10.0,7.22
17154,2017-12-21,10.0,116.67,19.5,30.0
17155,2017-12-21,11.0,105.0,33.12,34.38
17156,2017-12-21,12.0,98.89,36.5,70.0
17157,2017-12-21,13.0,92.0,32.08,57.73
17158,2017-12-21,14.0,95.0,21.88,50.62
17159,2017-12-21,15.0,95.56,27.78,57.22
17160,2017-12-21,16.0,100.0,30.5,46.5
17161,2017-12-21,17.0,90.0,21.5,40.5
17172,2017-12-22,8.0,77.0,11.5,10.0
17173,2017-12-22,9.0,59.0,25.45,10.0
17174,2017-12-22,10.0,79.5,33.0,13.89
17175,2017-12-22,11.0,96.67,30.0,42.5
17176,2017-12-22,12.0,109.0,33.33,37.78
17177,2017-12-22,13.0,111.11,31.11,35.0
17178,2017-12-22,14.0,107.27,23.33,36.11
17179,2017-12-22,15.0,107.22,40.56,52.78
17180,2017-12-22,16.0,90.0,31.11,57.22
17181,2017-12-22,17.0,97.0,27.22,45.0
17190,2017-12-23,8.0,52.22,13.33,6.11
17191,2017-12-23,9.0,50.0,17.22,26.67
17192,2017-12-23,10.0,100.0,40.45,45.0
17193,2017-12-23,11.0,97.78,53.33,62.22
17194,2017-12-23,12.0,117.5,53.75,60.0
17195,2017-12-23,13.0,138.0,54.0,89.0
17196,2017-12-23,14.0,161.25,49.44,88.12
17197,2017-12-23,15.0,160.0,40.0,83.5
17198,2017-12-23,16.0,143.33,55.0,80.56
17199,2017-12-23,17.0,148.89,51.11,79.44
17200,2017-12-23,18.0,153.33,50.91,80.0
17201,2017-12-23,19.0,155.0,48.12,
17202,2017-12-23,20.0,100.91,31.67,46.43
17203,2017-12-23,21.0,70.0,17.78,25.56
17204,2017-12-23,22.0,90.0,18.33,32.22
17208,2017-12-24,8.0,84.0,18.12,6.88
17209,2017-12-24,9.0,104.19,25.0,
17210,2017-12-24,10.0,102.38,35.0,65.0
17211,2017-12-24,11.0,157.0,60.45,77.27
17212,2017-12-24,12.0,161.11,47.5,84.5
17213,2017-12-24,13.0,167.78,55.0,115.0
17214,2017-12-24,14.0,133.33,59.44,102.78
17215,2017-12-24,15.0,136.67,53.33,99.44
17216,2017-12-24,16.0,150.0,52.78,110.0
17217,2017-12-24,17.0,177.0,61.0,116.67
17218,2017-12-24,18.0,142.78,61.11,114.5
17219,2017-12-24,19.0,125.0,35.0,91.11
17220,2017-12-24,20.0,97.22,24.44,61.0
17221,2017-12-24,21.0,96.67,13.33,21.11
17222,2017-12-24,22.0,83.33,16.67,51.11
17226,2017-12-25,8.0,98.33,14.0,7.73
17227,2017-12-25,9.0,102.73,31.5,24.44
17228,2017-12-25,10.0,138.33,49.44,75.0
17229,2017-12-25,11.0,166.67,59.44,74.5
17230,2017-12-25,12.0,167.78,55.0,88.89
17231,2017-12-25,13.0,195.0,75.0,113.33
17232,2017-12-25,14.0,191.5,65.0,123.33
17233,2017-12-25,15.0,200.56,58.89,125.0
17234,2017-12-25,16.0,186.25,61.25,120.0
17235,2017-12-25,17.0,174.44,70.83,115.0
17236,2017-12-25,18.0,152.0,60.0,81.0
17237,2017-12-25,19.0,132.22,43.33,53.33
17238,2017-12-25,20.0,115.0,26.11,13.89
17239,2017-12-25,21.0,120.62,13.75,8.12
17240,2017-12-25,22.0,122.22,9.44,7.0
17244,2017-12-26,8.0,59.0,7.78,5.0
17245,2017-12-26,9.0,103.33,26.11,23.5
17246,2017-12-26,10.0,113.0,50.5,47.0
17247,2017-12-26,11.0,120.56,48.33,64.44
17248,2017-12-26,12.0,120.0,43.75,84.38
17249,2017-12-26,13.0,152.73,59.5,77.5
17250,2017-12-26,14.0,172.5,54.38,76.25
17251,2017-12-26,15.0,181.11,43.5,76.67
17252,2017-12-26,16.0,190.0,67.78,68.89
17253,2017-12-26,17.0,193.0,59.0,59.5
17254,2017-12-26,18.0,78.75,63.75,57.5
17255,2017-12-26,19.0,98.0,33.5,40.5
17256,2017-12-26,20.0,81.11,25.56,31.11
17257,2017-12-26,21.0,60.0,12.78,10.56
17258,2017-12-26,22.0,60.0,10.0,16.25
17262,2017-12-27,8.0,79.5,10.0,10.56
17263,2017-12-27,9.0,108.0,38.5,39.0
17264,2017-12-27,10.0,133.12,60.0,71.5
17265,2017-12-27,11.0,135.0,17.5,94.55
17266,2017-12-27,12.0,166.67,57.22,100.56
17267,2017-12-27,13.0,148.33,70.0,103.33
17268,2017-12-27,14.0,179.44,77.78,115.0
17269,2017-12-27,15.0,152.22,82.78,106.11
17270,2017-12-27,16.0,161.67,92.78,110.0
17271,2017-12-27,17.0,168.33,94.44,
17272,2017-12-27,18.0,163.89,70.0,48.33
17273,2017-12-27,19.0,154.44,62.78,59.44
17274,2017-12-27,20.0,110.0,55.62,32.78
17275,2017-12-27,21.0,87.78,33.12,20.62
17276,2017-12-27,22.0,86.67,35.56,18.89
17279,2017-12-28,8.0,85.0,9.38,11.25
17280,2017-12-28,9.0,94.09,34.0,17.5
17281,2017-12-28,10.0,113.85,53.33,43.0
17282,2017-12-28,11.0,121.88,64.44,55.62
17283,2017-12-28,12.0,137.5,71.0,73.0
17284,2017-12-28,13.0,185.0,70.0,84.44
17285,2017-12-28,14.0,166.11,66.67,81.67
17286,2017-12-28,15.0,157.78,70.0,75.56
17287,2017-12-28,16.0,165.0,68.33,61.11
17288,2017-12-28,17.0,164.44,61.11,63.33
17289,2017-12-28,18.0,140.62,62.14,52.5
17290,2017-12-28,19.0,111.0,50.45,30.5
17291,2017-12-28,20.0,100.0,30.0,37.78
17292,2017-12-28,21.0,93.75,17.5,15.0
17293,2017-12-28,22.0,81.11,28.33,18.33
17298,2017-12-29,8.0,99.0,13.33,5.62
17299,2017-12-29,9.0,108.75,37.78,7.5
17300,2017-12-29,10.0,109.09,47.27,28.0
17301,2017-12-29,11.0,123.75,55.0,32.5
17302,2017-12-29,12.0,154.0,58.5,24.5
17303,2017-12-29,13.0,176.67,60.0,26.25
17304,2017-12-29,14.0,152.0,77.78,20.0
17305,2017-12-29,15.0,148.89,59.44,12.5
17306,2017-12-29,16.0,180.0,66.88,31.25
17307,2017-12-29,17.0,186.0,59.0,26.0
17308,2017-12-29,18.0,107.22,44.44,26.11
17309,2017-12-29,19.0,121.11,40.56,11.67
17310,2017-12-29,20.0,96.67,28.33,5.0
17311,2017-12-29,21.0,90.0,17.0,5.0
17312,2017-12-29,22.0,90.0,11.88,5.0
17316,2017-12-30,8.0,95.0,12.5,5.0
17317,2017-12-30,9.0,116.25,29.0,8.89
17318,2017-12-30,10.0,156.0,38.64,27.5
17319,2017-12-30,11.0,196.67,52.78,52.5
17320,2017-12-30,12.0,189.0,59.58,60.0
17321,2017-12-30,13.0,190.0,52.78,85.0
17322,2017-12-30,14.0,193.33,72.27,77.22
17323,2017-12-30,15.0,172.0,54.44,75.56
17324,2017-12-30,16.0,150.0,79.38,74.38
17325,2017-12-30,17.0,153.0,66.5,73.0
17326,2017-12-30,18.0,154.44,42.78,51.67
17327,2017-12-30,19.0,150.0,48.33,26.67
17328,2017-12-30,20.0,135.56,46.11,41.0
17329,2017-12-30,21.0,130.0,42.22,16.25
17330,2017-12-30,22.0,125.0,34.5,10.5
17335,2017-12-31,8.0,54.55,19.5,10.0
17336,2017-12-31,9.0,86.11,40.0,19.0
17337,2017-12-31,10.0,196.67,66.5,70.5
17338,2017-12-31,11.0,210.0,86.67,92.78
17339,2017-12-31,12.0,200.0,79.5,125.56
17340,2017-12-31,13.0,210.0,87.92,143.33
17341,2017-12-31,14.0,210.0,88.75,154.38
17342,2017-12-31,15.0,217.0,69.5,131.5
17343,2017-12-31,16.0,235.0,88.33,117.22
17344,2017-12-31,17.0,221.11,82.22,118.89
17345,2017-12-31,18.0,220.0,40.56,92.78
17346,2017-12-31,19.0,140.0,52.78,73.33
17347,2017-12-31,20.0,142.22,62.78,59.44
17348,2017-12-31,21.0,156.67,33.89,49.44
17349,2017-12-31,22.0,150.0,27.5,33.12
17354,2018-01-01,8.0,50.45,6.11,5.0
17355,2018-01-01,9.0,60.0,8.64,7.92
17356,2018-01-01,10.0,59.09,14.09,8.12
17357,2018-01-01,11.0,90.0,21.82,28.5
17358,2018-01-01,12.0,89.0,39.44,31.11
17359,2018-01-01,13.0,77.78,40.0,10.0
17360,2018-01-01,14.0,77.5,23.89,6.67
17361,2018-01-01,15.0,78.75,19.44,6.25
17362,2018-01-01,16.0,87.0,15.83,10.0
17363,2018-01-01,17.0,77.78,28.33,5.0
17364,2018-01-01,18.0,65.56,13.89,5.0
17365,2018-01-01,19.0,64.44,7.78,5.0
17366,2018-01-01,20.0,42.0,5.0,5.0
17367,2018-01-01,21.0,39.55,5.56,5.0
17368,2018-01-01,22.0,36.25,5.0,5.0
17385,2018-01-02,8.0,,5.0,
17370,2018-01-02,9.0,60.0,7.78,5.0
17371,2018-01-02,10.0,91.88,28.89,17.5
17372,2018-01-02,11.0,159.0,45.0,16.5
17373,2018-01-02,12.0,148.89,46.67,26.36
17374,2018-01-02,13.0,176.67,52.0,32.22
17375,2018-01-02,14.0,173.33,60.0,45.56
17376,2018-01-02,15.0,171.82,50.45,26.36
17377,2018-01-02,16.0,142.22,65.62,33.5
17378,2018-01-02,17.0,150.0,51.67,28.5
17379,2018-01-02,18.0,152.22,56.67,9.44
17380,2018-01-02,19.0,155.56,38.0,5.0
17381,2018-01-02,20.0,87.78,31.11,5.0
17382,2018-01-02,21.0,63.75,13.89,10.0
17383,2018-01-02,22.0,89.38,16.11,6.25
17387,2018-01-03,8.0,60.0,5.0,5.0
17388,2018-01-03,9.0,60.0,5.0,6.36
17402,2018-01-03,10.0,,6.0,5.0
17389,2018-01-03,11.0,47.22,10.0,5.0
17390,2018-01-03,12.0,51.11,15.0,5.0
17391,2018-01-03,13.0,77.5,10.0,5.0
17392,2018-01-03,14.0,107.5,24.38,7.5
17393,2018-01-03,15.0,140.0,23.18,25.91
17394,2018-01-03,16.0,143.0,31.67,32.22
17395,2018-01-03,17.0,217.78,35.56,20.0
17396,2018-01-03,18.0,204.44,35.0,7.78
17397,2018-01-03,19.0,95.56,29.44,5.0
17398,2018-01-03,20.0,63.75,21.25,5.0
17399,2018-01-03,21.0,74.5,10.91,
17400,2018-01-03,22.0,117.5,10.56,5.0
17406,2018-01-04,8.0,52.5,5.0,5.0
17407,2018-01-04,9.0,68.89,8.0,6.11
17408,2018-01-04,10.0,75.0,35.0,10.0
17409,2018-01-04,11.0,132.22,44.5,29.44
17410,2018-01-04,12.0,146.25,60.62,60.83
17411,2018-01-04,13.0,165.45,69.0,
17412,2018-01-04,14.0,190.0,66.11,27.5
17413,2018-01-04,15.0,243.0,68.5,59.44
17414,2018-01-04,16.0,262.5,101.88,102.5
17415,2018-01-04,17.0,250.0,74.0,65.0
17416,2018-01-04,18.0,222.5,52.5,26.25
17417,2018-01-04,19.0,88.0,46.0,18.64
17418,2018-01-04,20.0,90.0,28.33,11.67
17419,2018-01-04,21.0,97.78,20.0,5.0
17420,2018-01-04,22.0,90.0,24.38,5.62
17423,2018-01-05,9.0,70.56,7.22,5.0
17424,2018-01-05,10.0,113.89,28.89,5.0
17425,2018-01-05,11.0,140.0,52.5,10.56
17426,2018-01-05,12.0,138.33,60.0,18.33
17427,2018-01-05,13.0,138.0,55.0,29.55
17428,2018-01-05,14.0,157.78,58.75,36.88
17429,2018-01-05,15.0,164.55,47.5,21.0
17430,2018-01-05,16.0,175.56,68.33,25.0
17431,2018-01-05,17.0,189.09,67.0,21.0
17432,2018-01-05,18.0,173.0,40.0,12.22
17433,2018-01-05,19.0,94.38,31.67,6.25
17434,2018-01-05,20.0,73.5,31.0,6.5
17435,2018-01-05,21.0,85.0,12.5,5.0
17436,2018-01-05,22.0,75.0,20.5,5.0
17439,2018-01-06,9.0,33.33,5.0,5.0
17440,2018-01-06,10.0,69.44,7.0,5.0
17441,2018-01-06,11.0,58.33,21.11,5.56
17442,2018-01-06,12.0,88.33,33.89,15.0
17443,2018-01-06,13.0,117.0,50.0,25.0
17444,2018-01-06,14.0,134.0,47.22,37.5
17445,2018-01-06,15.0,134.0,44.55,23.5
17446,2018-01-06,16.0,140.0,56.67,30.56
17447,2018-01-06,17.0,163.75,41.25,23.89
17448,2018-01-06,18.0,178.0,39.55,7.5
17449,2018-01-06,19.0,86.67,31.0,5.0
17450,2018-01-06,20.0,85.0,27.22,5.0
17451,2018-01-06,21.0,62.5,10.0,5.0
17452,2018-01-06,22.0,67.78,6.11,5.0
17454,2018-01-07,9.0,46.36,5.0,5.0
17455,2018-01-07,10.0,69.44,15.0,11.36
17456,2018-01-07,11.0,65.0,26.88,38.33
17457,2018-01-07,12.0,86.5,32.5,36.11
17458,2018-01-07,13.0,116.67,34.17,40.0
17459,2018-01-07,14.0,119.44,34.55,34.0
17460,2018-01-07,15.0,89.0,38.33,41.67
17461,2018-01-07,16.0,110.0,38.33,41.67
17462,2018-01-07,17.0,123.33,51.67,41.11
17463,2018-01-07,18.0,154.44,30.56,12.22
17464,2018-01-07,19.0,86.67,14.5,10.0
17465,2018-01-07,20.0,38.89,5.91,9.44
17467,2018-01-08,9.0,69.55,15.0,
17468,2018-01-08,10.0,71.5,27.5,
17469,2018-01-08,11.0,94.55,50.0,
17470,2018-01-08,12.0,113.33,46.5,
17471,2018-01-08,13.0,136.67,50.5,
17472,2018-01-08,14.0,124.44,45.56,
17473,2018-01-08,15.0,123.75,39.44,
17474,2018-01-08,16.0,118.0,64.0,
17475,2018-01-08,17.0,123.0,54.0,
17476,2018-01-08,18.0,136.0,43.89,
17477,2018-01-08,19.0,131.67,16.67,
17480,2018-01-09,9.0,64.29,16.11,
17481,2018-01-09,10.0,75.0,33.0,
17482,2018-01-09,11.0,165.0,33.33,
17483,2018-01-09,12.0,150.0,55.0,
17484,2018-01-09,13.0,117.0,60.0,
17485,2018-01-09,14.0,78.89,,
17486,2018-01-09,15.0,94.5,,
17487,2018-01-09,16.0,126.67,25.83,
17488,2018-01-09,17.0,111.0,51.67,
17489,2018-01-09,18.0,53.33,43.89,
17490,2018-01-09,19.0,91.25,23.89,
17492,2018-01-10,9.0,74.29,5.0,
17493,2018-01-10,10.0,85.45,38.64,
17494,2018-01-10,11.0,81.36,51.67,
17495,2018-01-10,12.0,85.56,50.5,
17496,2018-01-10,13.0,102.78,42.0,
17497,2018-01-10,14.0,100.0,40.0,
17498,2018-01-10,15.0,91.25,35.0,
17505,2018-01-10,16.0,,39.44,
17499,2018-01-10,17.0,100.62,34.0,
17500,2018-01-10,18.0,92.22,38.0,
17501,2018-01-10,19.0,69.17,16.5,
17506,2018-01-11,9.0,61.67,11.5,
17507,2018-01-11,10.0,75.0,39.55,
17508,2018-01-11,11.0,88.5,43.12,
17509,2018-01-11,12.0,98.0,57.78,
17510,2018-01-11,13.0,110.0,40.91,
17511,2018-01-11,14.0,108.33,41.0,
17512,2018-01-11,15.0,91.67,32.78,
17513,2018-01-11,16.0,110.56,40.56,
17514,2018-01-11,17.0,116.11,,
17515,2018-01-11,18.0,106.67,30.0,
17516,2018-01-11,19.0,98.89,23.89,
17519,2018-01-12,9.0,79.29,,
17520,2018-01-12,10.0,115.5,,
17521,2018-01-12,11.0,128.33,39.44,
17522,2018-01-12,12.0,113.33,46.5,
17523,2018-01-12,13.0,75.56,58.89,
17524,2018-01-12,14.0,102.92,37.78,
17525,2018-01-12,15.0,120.0,46.11,
17526,2018-01-12,16.0,137.78,41.67,
17527,2018-01-12,17.0,84.44,40.0,
17528,2018-01-12,18.0,88.89,38.64,
17529,2018-01-12,19.0,80.0,19.44,
17530,2018-01-12,20.0,55.56,22.22,
17531,2018-01-12,21.0,71.11,23.0,
17532,2018-01-12,22.0,51.43,16.67,
17535,2018-01-13,8.0,42.0,7.78,
17536,2018-01-13,9.0,60.0,14.09,
17537,2018-01-13,10.0,92.73,30.5,
17538,2018-01-13,11.0,106.67,46.11,
17539,2018-01-13,12.0,113.33,56.11,
17540,2018-01-13,13.0,107.78,58.89,
17541,2018-01-13,14.0,137.78,59.44,
17542,2018-01-13,15.0,154.44,53.5,
17543,2018-01-13,16.0,188.0,57.78,
17544,2018-01-13,17.0,210.0,53.89,
17545,2018-01-13,18.0,132.22,41.67,
17546,2018-01-13,19.0,53.33,23.89,
17547,2018-01-13,20.0,67.78,19.44,
17548,2018-01-13,21.0,80.0,31.67,
17549,2018-01-13,22.0,85.45,39.55,
17552,2018-01-14,8.0,36.0,5.0,
17553,2018-01-14,9.0,76.67,7.0,
17554,2018-01-14,10.0,91.67,33.0,
17555,2018-01-14,11.0,91.67,42.78,
17556,2018-01-14,12.0,106.11,53.89,
17557,2018-01-14,13.0,131.11,46.67,
17558,2018-01-14,14.0,145.56,51.11,
17559,2018-01-14,15.0,150.0,45.0,
17560,2018-01-14,16.0,130.0,51.0,
17561,2018-01-14,17.0,147.78,47.22,
17562,2018-01-14,18.0,120.0,40.0,
17563,2018-01-14,19.0,70.0,23.89,
17564,2018-01-14,20.0,86.67,9.44,
17565,2018-01-14,21.0,106.67,13.64,
17566,2018-01-14,22.0,57.78,13.89,
17569,2018-01-15,9.0,65.0,10.0,
17570,2018-01-15,10.0,74.44,26.54,
17571,2018-01-15,11.0,108.0,33.33,
17572,2018-01-15,12.0,130.0,40.0,
17573,2018-01-15,13.0,142.22,42.0,
17574,2018-01-15,14.0,116.0,43.5,
17575,2018-01-15,15.0,106.11,41.5,
17576,2018-01-15,16.0,110.0,34.44,
17577,2018-01-15,17.0,100.0,38.0,
17578,2018-01-15,18.0,80.0,32.78,
17579,2018-01-15,19.0,50.0,18.89,
17580,2018-01-15,20.0,37.5,5.0,
17581,2018-01-15,21.0,46.0,5.0,
17584,2018-01-16,9.0,65.0,10.0,
17585,2018-01-16,10.0,105.56,20.56,
17586,2018-01-16,11.0,105.56,41.11,
17587,2018-01-16,12.0,141.11,49.0,
17588,2018-01-16,13.0,115.0,46.11,
17589,2018-01-16,14.0,106.67,40.0,
17590,2018-01-16,15.0,97.0,34.44,
17591,2018-01-16,16.0,130.0,35.56,
17592,2018-01-16,17.0,126.67,30.5,
17593,2018-01-16,18.0,120.0,32.22,
17594,2018-01-16,19.0,92.78,13.89,
17596,2018-01-17,9.0,50.0,11.88,
17597,2018-01-17,10.0,98.33,29.44,
17598,2018-01-17,11.0,117.27,41.0,
17599,2018-01-17,12.0,96.67,41.88,
17600,2018-01-17,13.0,104.0,46.67,
17601,2018-01-17,14.0,116.67,35.56,
17602,2018-01-17,15.0,126.0,27.5,
17603,2018-01-17,16.0,126.67,39.0,
17604,2018-01-17,17.0,102.78,31.0,
17605,2018-01-17,18.0,93.18,23.89,
17606,2018-01-17,19.0,67.78,,
17610,2018-01-18,9.0,73.33,14.38,
17611,2018-01-18,10.0,78.89,20.5,
17612,2018-01-18,11.0,71.11,32.22,
17613,2018-01-18,12.0,85.56,28.5,
17614,2018-01-18,13.0,117.78,36.11,
17615,2018-01-18,14.0,130.0,29.44,
17616,2018-01-18,15.0,168.89,20.0,
17617,2018-01-18,16.0,137.78,30.56,
17618,2018-01-18,17.0,78.33,22.0,
17619,2018-01-18,18.0,100.0,18.33,
17620,2018-01-18,19.0,,7.78,
17623,2018-01-19,9.0,75.0,17.27,
17624,2018-01-19,10.0,60.0,37.5,
17625,2018-01-19,11.0,103.5,40.56,
17626,2018-01-19,12.0,102.78,46.0,
17627,2018-01-19,13.0,124.44,48.5,
17628,2018-01-19,14.0,137.78,45.56,
17629,2018-01-19,15.0,157.27,47.14,
17630,2018-01-19,16.0,125.0,40.56,
17631,2018-01-19,17.0,108.89,42.22,
17632,2018-01-19,18.0,101.11,41.25,
17633,2018-01-19,19.0,81.11,15.0,
17635,2018-01-20,8.0,58.0,,
17636,2018-01-20,9.0,60.0,,
17637,2018-01-20,10.0,80.0,25.0,
17638,2018-01-20,11.0,105.56,45.56,
17639,2018-01-20,12.0,124.44,61.25,
17640,2018-01-20,13.0,135.56,63.89,
17641,2018-01-20,14.0,143.33,67.78,
17642,2018-01-20,15.0,133.33,59.44,
17643,2018-01-20,16.0,115.0,70.0,
17644,2018-01-20,17.0,122.78,62.0,
17645,2018-01-20,18.0,163.33,56.67,
17646,2018-01-20,19.0,176.11,39.44,
17647,2018-01-20,20.0,101.67,25.56,
17648,2018-01-20,21.0,77.78,41.11,
17649,2018-01-20,22.0,100.56,28.89,
17654,2018-01-21,9.0,58.33,17.5,
17655,2018-01-21,10.0,106.5,31.79,
17656,2018-01-21,11.0,104.44,53.33,
17657,2018-01-21,12.0,105.56,38.0,
17658,2018-01-21,13.0,126.11,50.83,
17659,2018-01-21,14.0,123.33,45.0,
17660,2018-01-21,15.0,83.0,45.56,
17661,2018-01-21,16.0,122.22,48.89,
17662,2018-01-21,17.0,135.45,42.78,
17663,2018-01-21,18.0,81.11,40.56,
17664,2018-01-21,19.0,63.33,22.22,
17665,2018-01-21,20.0,68.33,10.56,
17667,2018-01-22,9.0,67.5,21.67,
17668,2018-01-22,10.0,81.67,34.44,
17669,2018-01-22,11.0,109.44,45.5,
17670,2018-01-22,12.0,113.33,58.33,
17671,2018-01-22,13.0,119.44,48.33,
17672,2018-01-22,14.0,131.0,46.67,
17673,2018-01-22,15.0,121.11,41.67,
17674,2018-01-22,16.0,118.89,58.57,
17675,2018-01-22,17.0,122.22,41.67,
17676,2018-01-22,18.0,138.0,36.0,
17677,2018-01-22,19.0,84.0,23.89,
17680,2018-01-23,9.0,61.5,,
17681,2018-01-23,10.0,111.67,,
17682,2018-01-23,11.0,100.0,27.5,
17683,2018-01-23,12.0,95.0,51.67,
17684,2018-01-23,13.0,120.0,53.33,
17685,2018-01-23,14.0,120.0,43.89,
17686,2018-01-23,15.0,90.0,35.0,
17687,2018-01-23,16.0,120.0,39.44,
17688,2018-01-23,17.0,96.67,33.75,
17689,2018-01-23,18.0,85.0,27.78,
17690,2018-01-23,19.0,,18.57,
17705,2018-01-24,9.0,,10.0,
17692,2018-01-24,10.0,89.29,13.33,
17693,2018-01-24,11.0,126.67,,
17694,2018-01-24,12.0,118.33,49.38,
17695,2018-01-24,13.0,103.33,63.33,
17696,2018-01-24,14.0,137.78,49.5,
17697,2018-01-24,15.0,131.11,54.0,
17698,2018-01-24,16.0,148.89,58.33,
17699,2018-01-24,17.0,141.11,55.56,
17700,2018-01-24,18.0,127.0,44.5,
17701,2018-01-24,19.0,82.22,21.67,
17706,2018-01-25,9.0,60.0,17.5,
17707,2018-01-25,10.0,75.0,42.5,
17708,2018-01-25,11.0,107.78,51.5,
17709,2018-01-25,12.0,124.44,38.33,
17710,2018-01-25,13.0,130.0,43.5,
17711,2018-01-25,14.0,93.33,45.56,
17712,2018-01-25,15.0,88.89,39.5,
17713,2018-01-25,16.0,121.11,41.11,
17714,2018-01-25,17.0,147.78,33.89,
17715,2018-01-25,18.0,134.44,32.78,
17716,2018-01-25,19.0,51.88,14.5,
17720,2018-01-26,9.0,88.33,27.27,
17721,2018-01-26,10.0,85.5,40.0,
17722,2018-01-26,11.0,82.0,48.89,
17723,2018-01-26,12.0,115.56,47.73,
17724,2018-01-26,13.0,120.0,44.0,
17725,2018-01-26,14.0,122.0,41.67,
17726,2018-01-26,15.0,99.0,46.0,
17727,2018-01-26,16.0,114.44,50.56,
17728,2018-01-26,17.0,137.78,43.33,
17729,2018-01-26,18.0,165.56,28.33,
17730,2018-01-26,19.0,120.0,12.78,
17732,2018-01-27,8.0,43.57,5.0,
17733,2018-01-27,9.0,65.42,10.56,
17734,2018-01-27,10.0,79.0,35.56,
17735,2018-01-27,11.0,101.11,45.5,
17736,2018-01-27,12.0,150.0,47.27,
17737,2018-01-27,13.0,142.22,56.11,
17738,2018-01-27,14.0,140.0,47.73,
17739,2018-01-27,15.0,132.22,47.0,
17740,2018-01-27,16.0,140.0,57.5,
17741,2018-01-27,17.0,158.89,54.44,
17742,2018-01-27,18.0,157.0,53.89,
17743,2018-01-27,19.0,174.55,32.73,
17744,2018-01-27,20.0,103.75,26.67,
17746,2018-01-27,21.0,,38.33,
17747,2018-01-27,22.0,,25.5,
17751,2018-01-28,9.0,72.78,10.0,
17752,2018-01-28,10.0,73.64,21.67,
17753,2018-01-28,11.0,77.78,43.12,
17754,2018-01-28,12.0,111.0,33.0,
17755,2018-01-28,13.0,132.22,30.0,
17756,2018-01-28,14.0,87.78,28.33,
17757,2018-01-28,15.0,75.45,35.0,
17758,2018-01-28,16.0,88.89,27.22,
17759,2018-01-28,17.0,116.0,19.55,
17760,2018-01-28,18.0,53.89,16.11,
17761,2018-01-28,19.0,46.11,21.67,
17763,2018-01-29,9.0,72.0,12.22,
17764,2018-01-29,10.0,120.0,36.15,
17765,2018-01-29,11.0,128.0,40.45,
17766,2018-01-29,12.0,105.56,41.36,
17767,2018-01-29,13.0,90.0,36.5,
17768,2018-01-29,14.0,103.0,30.5,
17769,2018-01-29,15.0,120.0,26.5,
17770,2018-01-29,16.0,120.0,36.67,
17771,2018-01-29,17.0,112.0,31.67,
17772,2018-01-29,18.0,83.33,20.0,
17773,2018-01-29,19.0,80.0,10.0,
17775,2018-01-30,9.0,75.0,5.0,
17776,2018-01-30,10.0,99.55,29.29,
17777,2018-01-30,11.0,102.0,49.44,
17778,2018-01-30,12.0,113.33,48.33,
17779,2018-01-30,13.0,116.67,44.5,
17780,2018-01-30,14.0,158.0,40.56,
17781,2018-01-30,15.0,133.33,39.09,
17782,2018-01-30,16.0,120.0,37.5,
17783,2018-01-30,17.0,150.0,40.56,
17784,2018-01-30,18.0,150.0,37.78,
17785,2018-01-30,19.0,88.89,12.22,
17787,2018-01-31,9.0,79.44,17.5,
17788,2018-01-31,10.0,105.56,35.56,
17789,2018-01-31,11.0,111.11,37.78,
17790,2018-01-31,12.0,101.36,37.78,
17791,2018-01-31,13.0,106.67,40.45,
17792,2018-01-31,14.0,112.22,35.0,
17793,2018-01-31,15.0,103.33,20.0,
17794,2018-01-31,16.0,97.0,41.67,
17795,2018-01-31,17.0,140.0,30.45,
17796,2018-01-31,18.0,107.78,26.67,
17797,2018-01-31,19.0,148.89,10.0,
17801,2018-02-01,9.0,82.92,20.0,
17802,2018-02-01,10.0,72.5,38.5,
17803,2018-02-01,11.0,100.0,36.5,
17804,2018-02-01,12.0,118.33,34.17,
17805,2018-02-01,13.0,124.44,43.5,
17806,2018-02-01,14.0,130.0,31.67,
17807,2018-02-01,15.0,100.0,30.45,
17808,2018-02-01,16.0,91.11,30.5,
17809,2018-02-01,17.0,115.83,31.11,
17810,2018-02-01,18.0,147.78,24.44,
17811,2018-02-01,19.0,88.89,11.11,
17813,2018-02-02,9.0,85.0,25.0,25.45
17814,2018-02-02,10.0,96.0,34.0,61.67
17815,2018-02-02,11.0,123.33,38.0,76.36
17816,2018-02-02,12.0,142.22,49.44,77.78
17817,2018-02-02,13.0,125.0,47.78,76.11
17818,2018-02-02,14.0,99.09,43.33,88.5
17819,2018-02-02,15.0,125.56,36.67,90.56
17820,2018-02-02,16.0,124.44,42.78,77.22
17821,2018-02-02,17.0,126.67,42.22,65.0
17822,2018-02-02,18.0,98.89,37.22,90.0
17823,2018-02-02,19.0,66.67,23.89,39.44
17824,2018-02-02,20.0,72.0,14.5,11.67
17825,2018-02-02,21.0,70.91,8.33,22.22
17829,2018-02-03,9.0,71.5,10.0,16.25
17830,2018-02-03,10.0,91.11,32.78,33.0
17831,2018-02-03,11.0,102.22,53.33,50.0
17832,2018-02-03,12.0,113.33,52.78,56.67
17833,2018-02-03,13.0,133.0,52.22,70.0
17834,2018-02-03,14.0,156.67,53.89,52.22
17835,2018-02-03,15.0,165.56,55.45,48.89
17836,2018-02-03,16.0,137.78,62.22,53.89
17837,2018-02-03,17.0,120.0,50.56,45.0
17838,2018-02-03,18.0,176.67,48.5,48.89
17839,2018-02-03,19.0,131.0,27.78,27.78
17840,2018-02-03,20.0,89.44,25.45,10.0
17841,2018-02-03,21.0,100.0,41.0,30.0
17842,2018-02-03,22.0,93.64,26.36,40.42
17847,2018-02-04,9.0,74.29,6.88,5.0
17848,2018-02-04,10.0,90.0,18.64,39.44
17849,2018-02-04,11.0,94.44,38.5,40.0
17850,2018-02-04,12.0,81.11,37.22,38.89
17851,2018-02-04,13.0,98.0,38.89,41.5
17852,2018-02-04,14.0,126.67,33.33,37.78
17853,2018-02-04,15.0,86.0,24.5,24.5
17854,2018-02-04,16.0,78.0,32.78,30.56
17855,2018-02-04,17.0,87.78,10.56,19.44
17856,2018-02-04,18.0,43.33,8.33,5.0
17857,2018-02-04,19.0,39.44,5.0,5.0
17858,2018-02-04,20.0,28.33,5.0,5.0
17860,2018-02-05,9.0,48.0,10.56,10.0
17861,2018-02-05,10.0,75.0,28.0,33.0
17862,2018-02-05,11.0,116.67,42.33,42.0
17863,2018-02-05,12.0,126.67,43.0,65.5
17864,2018-02-05,13.0,126.0,49.44,67.22
17865,2018-02-05,14.0,124.44,37.22,72.5
17866,2018-02-05,15.0,104.44,45.0,
17867,2018-02-05,16.0,106.67,40.56,57.0
17868,2018-02-05,17.0,120.0,33.33,70.0
17869,2018-02-05,18.0,133.33,28.89,50.56
17870,2018-02-05,19.0,100.0,13.33,22.78
17871,2018-02-05,20.0,44.5,8.0,11.0
17875,2018-02-06,9.0,64.55,21.0,
17876,2018-02-06,10.0,91.67,40.0,
17877,2018-02-06,11.0,108.89,46.67,
17878,2018-02-06,12.0,119.0,,38.33
17879,2018-02-06,13.0,92.22,30.0,77.73
17880,2018-02-06,14.0,100.0,52.5,93.33
17881,2018-02-06,15.0,101.11,50.0,95.77
17882,2018-02-06,16.0,97.78,46.11,62.0
17883,2018-02-06,17.0,102.22,46.5,73.89
17884,2018-02-06,18.0,94.55,43.89,61.67
17885,2018-02-06,19.0,80.0,19.0,13.33
17887,2018-02-07,9.0,75.0,9.38,14.0
17888,2018-02-07,10.0,77.78,17.22,39.38
17889,2018-02-07,11.0,84.44,41.67,30.0
17890,2018-02-07,12.0,117.0,42.78,61.82
17891,2018-02-07,13.0,126.67,38.33,71.5
17892,2018-02-07,14.0,123.33,33.33,58.89
17893,2018-02-07,15.0,66.67,26.67,46.67
17894,2018-02-07,16.0,105.0,38.0,52.78
17895,2018-02-07,17.0,107.78,29.0,57.5
17896,2018-02-07,18.0,89.0,36.0,39.44
17897,2018-02-07,19.0,65.0,20.56,36.11
17901,2018-02-08,9.0,73.33,13.12,5.0
17902,2018-02-08,10.0,76.5,35.56,25.56
17903,2018-02-08,11.0,111.11,45.0,60.0
17904,2018-02-08,12.0,122.78,40.56,52.78
17905,2018-02-08,13.0,108.75,36.67,82.22
17906,2018-02-08,14.0,147.5,35.56,93.33
17907,2018-02-08,15.0,114.44,33.89,58.89
17908,2018-02-08,16.0,97.0,38.89,58.89
17909,2018-02-08,17.0,128.0,55.0,32.78
17910,2018-02-08,18.0,124.5,30.0,53.0
17911,2018-02-08,19.0,63.33,13.64,
17915,2018-02-09,9.0,75.0,6.25,15.0
17916,2018-02-09,10.0,63.89,21.36,50.0
17917,2018-02-09,11.0,86.67,38.89,50.0
17918,2018-02-09,12.0,93.89,45.0,90.0
17919,2018-02-09,13.0,118.89,50.0,101.67
17920,2018-02-09,14.0,120.0,45.56,85.0
17921,2018-02-09,15.0,110.0,47.22,76.11
17922,2018-02-09,16.0,131.67,48.89,89.44
17923,2018-02-09,17.0,145.0,44.44,86.67
17924,2018-02-09,18.0,100.56,32.78,100.0
17925,2018-02-09,19.0,88.33,28.5,68.33
17926,2018-02-09,20.0,76.0,18.0,36.0
17927,2018-02-09,21.0,73.33,24.5,45.56
17929,2018-02-10,8.0,42.78,5.0,5.0
17930,2018-02-10,9.0,66.67,6.67,7.5
17931,2018-02-10,10.0,80.0,24.5,
17932,2018-02-10,11.0,120.0,35.5,
17933,2018-02-10,12.0,118.0,49.44,60.0
17934,2018-02-10,13.0,105.56,57.14,81.11
17935,2018-02-10,14.0,116.67,48.33,94.44
17936,2018-02-10,15.0,130.0,49.44,111.67
17937,2018-02-10,16.0,115.56,50.0,95.0
17938,2018-02-10,17.0,93.33,57.22,80.56
17939,2018-02-10,18.0,130.0,45.56,86.67
17940,2018-02-10,19.0,135.56,25.5,83.33
17941,2018-02-10,20.0,80.0,22.0,60.0
17942,2018-02-10,21.0,113.33,40.56,53.89
17943,2018-02-10,22.0,90.0,29.5,53.33
17948,2018-02-11,9.0,63.33,20.0,5.0
17949,2018-02-11,10.0,75.0,29.0,54.23
17950,2018-02-11,11.0,108.33,41.11,104.44
17951,2018-02-11,12.0,138.89,47.78,77.78
17952,2018-02-11,13.0,142.22,59.0,73.89
17953,2018-02-11,14.0,106.67,48.75,81.11
17954,2018-02-11,15.0,101.67,47.22,67.5
17955,2018-02-11,16.0,126.67,44.44,
17956,2018-02-11,17.0,132.22,52.5,60.0
17957,2018-02-11,18.0,88.89,29.44,77.78
17958,2018-02-11,19.0,60.0,22.22,61.67
17959,2018-02-11,20.0,61.67,17.5,49.44
17960,2018-02-11,21.0,57.78,10.91,45.56
17962,2018-02-12,8.0,43.5,5.62,10.62
17963,2018-02-12,9.0,65.0,10.56,15.5
17964,2018-02-12,10.0,90.0,22.14,47.22
17965,2018-02-12,11.0,110.0,38.12,71.67
17966,2018-02-12,12.0,113.33,45.0,77.78
17967,2018-02-12,13.0,126.0,40.56,101.67
17968,2018-02-12,14.0,114.44,36.11,115.0
17969,2018-02-12,15.0,94.44,32.78,71.67
17970,2018-02-12,16.0,101.11,36.11,65.56
17971,2018-02-12,17.0,99.0,12.22,64.44
17975,2018-02-13,9.0,63.89,12.78,24.5
17976,2018-02-13,10.0,111.67,38.33,53.75
17977,2018-02-13,11.0,116.11,51.67,90.5
17978,2018-02-13,12.0,126.67,65.0,97.22
17979,2018-02-13,13.0,160.0,56.67,100.56
17980,2018-02-13,14.0,173.89,58.89,83.33
17981,2018-02-13,15.0,155.0,49.09,
17982,2018-02-13,16.0,123.89,60.0,85.62
17983,2018-02-13,17.0,122.78,50.0,102.78
17984,2018-02-13,18.0,156.11,,89.44
17985,2018-02-13,19.0,165.0,,75.56
17986,2018-02-13,20.0,66.67,,32.22
17988,2018-02-14,9.0,73.12,11.25,7.5
17989,2018-02-14,10.0,106.67,29.44,37.22
17990,2018-02-14,11.0,115.0,54.5,80.5
17991,2018-02-14,12.0,100.0,48.33,81.11
17992,2018-02-14,13.0,117.22,52.78,75.0
17993,2018-02-14,14.0,158.89,44.5,93.33
17994,2018-02-14,15.0,167.78,44.0,87.5
17995,2018-02-14,16.0,206.0,45.56,75.0
17996,2018-02-14,17.0,158.89,46.67,75.56
17997,2018-02-14,18.0,97.78,43.89,78.33
17998,2018-02-14,19.0,113.0,23.33,88.33
17999,2018-02-14,20.0,74.0,13.33,46.67
18003,2018-02-15,9.0,78.33,30.0,
18004,2018-02-15,10.0,118.64,73.89,48.33
18005,2018-02-15,11.0,150.56,55.0,51.67
18006,2018-02-15,12.0,156.11,44.5,100.56
18007,2018-02-15,13.0,136.67,46.67,120.56
18008,2018-02-15,14.0,106.67,52.78,139.44
18009,2018-02-15,15.0,138.89,45.0,140.56
18010,2018-02-15,16.0,150.0,50.56,112.22
18011,2018-02-15,17.0,142.22,45.56,100.0
18012,2018-02-15,18.0,98.33,38.33,98.89
18013,2018-02-15,19.0,110.0,23.33,87.22
18014,2018-02-15,20.0,85.0,10.56,30.56
18018,2018-02-16,9.0,90.0,36.67,
18019,2018-02-16,10.0,108.0,45.0,
18020,2018-02-16,11.0,173.33,70.0,65.0
18021,2018-02-16,12.0,173.33,50.56,108.89
18022,2018-02-16,13.0,129.5,67.78,171.67
18023,2018-02-16,14.0,135.56,55.56,171.11
18024,2018-02-16,15.0,117.78,56.0,126.67
18025,2018-02-16,16.0,137.78,53.33,117.78
18026,2018-02-16,17.0,168.89,40.56,115.71
18027,2018-02-16,18.0,109.44,43.33,
18028,2018-02-16,19.0,94.0,26.11,37.5
18029,2018-02-16,20.0,94.55,8.33,48.33
18030,2018-02-16,21.0,80.0,18.0,50.56
18031,2018-02-16,22.0,84.44,23.89,31.0
18034,2018-02-17,8.0,41.11,6.25,5.62
18035,2018-02-17,9.0,71.82,14.44,13.33
18036,2018-02-17,10.0,110.0,45.56,90.56
18037,2018-02-17,11.0,110.0,54.44,110.56
18038,2018-02-17,12.0,110.0,56.67,111.67
18039,2018-02-17,13.0,127.78,60.56,121.11
18040,2018-02-17,14.0,176.67,61.25,126.67
18041,2018-02-17,15.0,190.0,65.56,132.22
18042,2018-02-17,16.0,160.0,61.67,146.67
18043,2018-02-17,17.0,156.67,58.89,120.0
18044,2018-02-17,18.0,130.0,61.67,93.89
18045,2018-02-17,19.0,92.22,37.22,83.89
18046,2018-02-17,20.0,113.33,32.22,68.89
18047,2018-02-17,21.0,120.0,33.33,56.0
18048,2018-02-17,22.0,120.0,27.22,43.33
18052,2018-02-18,8.0,57.22,5.56,9.17
18053,2018-02-18,9.0,65.0,17.5,40.45
18054,2018-02-18,10.0,81.67,39.09,141.11
18055,2018-02-18,11.0,124.44,53.33,80.0
18056,2018-02-18,12.0,150.0,66.67,100.0
18057,2018-02-18,13.0,156.11,59.38,101.67
18058,2018-02-18,14.0,120.0,57.5,96.67
18059,2018-02-18,15.0,127.78,44.0,113.89
18060,2018-02-18,16.0,92.22,42.22,105.56
18061,2018-02-18,17.0,146.67,47.22,87.5
18062,2018-02-18,18.0,130.0,46.67,
18063,2018-02-18,19.0,123.0,29.44,59.38
18064,2018-02-18,20.0,103.33,21.5,35.0
18065,2018-02-18,21.0,95.56,29.44,53.5
18066,2018-02-18,22.0,59.44,17.78,19.44
18069,2018-02-19,9.0,76.67,20.0,24.38
18070,2018-02-19,10.0,109.55,33.33,62.78
18071,2018-02-19,11.0,115.0,45.0,84.0
18072,2018-02-19,12.0,127.78,47.78,100.5
18073,2018-02-19,13.0,140.0,53.89,103.89
18074,2018-02-19,14.0,132.22,42.22,100.0
18075,2018-02-19,15.0,108.33,41.11,91.11
18076,2018-02-19,16.0,89.44,47.5,96.11
18077,2018-02-19,17.0,84.44,40.56,89.44
18078,2018-02-19,18.0,81.11,34.44,90.56
18079,2018-02-19,19.0,97.78,17.78,65.56
18080,2018-02-19,20.0,66.67,12.78,25.56
18081,2018-02-19,21.0,62.22,10.56,41.11
18082,2018-02-19,22.0,51.11,9.44,28.33
18086,2018-02-20,9.0,57.5,11.88,5.0
18087,2018-02-20,10.0,127.78,42.5,51.25
18088,2018-02-20,11.0,136.11,46.67,71.11
18089,2018-02-20,12.0,162.22,61.11,98.89
18090,2018-02-20,13.0,137.78,61.11,105.0
18091,2018-02-20,14.0,88.89,68.33,108.33
18092,2018-02-20,15.0,120.0,56.67,108.89
18093,2018-02-20,16.0,123.89,47.78,96.67
18094,2018-02-20,17.0,107.78,46.0,103.0
18095,2018-02-20,18.0,90.0,47.78,81.11
18096,2018-02-20,19.0,83.33,16.11,64.44
18097,2018-02-20,20.0,76.67,12.5,38.5
18098,2018-02-20,21.0,76.0,10.0,43.89
18100,2018-02-21,9.0,30.0,32.78,
18101,2018-02-21,10.0,141.43,52.22,
18102,2018-02-21,11.0,176.67,52.22,91.67
18103,2018-02-21,12.0,161.82,65.0,109.44
18104,2018-02-21,13.0,130.0,60.0,105.0
18105,2018-02-21,14.0,132.22,55.0,97.08
18106,2018-02-21,15.0,130.0,47.0,131.11
18107,2018-02-21,16.0,130.0,55.0,116.67
18108,2018-02-21,17.0,140.0,44.5,102.78
18109,2018-02-21,18.0,138.33,44.44,80.56
18110,2018-02-21,19.0,91.11,27.78,60.0
18111,2018-02-21,20.0,76.11,20.0,38.33
18112,2018-02-21,21.0,111.11,26.11,58.89
18117,2018-02-22,9.0,59.5,12.0,
18118,2018-02-22,10.0,115.0,27.5,
18119,2018-02-22,11.0,122.22,57.78,
18120,2018-02-22,12.0,138.0,72.0,
18121,2018-02-22,13.0,155.0,61.11,
18128,2018-02-22,14.0,,66.11,
18129,2018-02-22,15.0,,52.78,
18130,2018-02-22,16.0,,48.89,
18122,2018-02-22,17.0,200.0,62.78,
18123,2018-02-22,18.0,200.0,42.22,
18124,2018-02-22,19.0,92.22,32.78,
18125,2018-02-22,20.0,83.33,18.33,64.38
18126,2018-02-22,21.0,108.89,12.78,73.57
18132,2018-02-23,9.0,86.11,16.25,36.0
18133,2018-02-23,10.0,72.22,33.33,47.0
18134,2018-02-23,11.0,81.11,47.0,75.0
18135,2018-02-23,12.0,119.0,43.33,85.56
18136,2018-02-23,13.0,109.44,53.33,89.44
18137,2018-02-23,14.0,100.0,40.56,77.22
18138,2018-02-23,15.0,90.0,39.44,98.89
18139,2018-02-23,16.0,110.0,45.56,105.0
18140,2018-02-23,17.0,120.0,41.5,91.67
18141,2018-02-23,18.0,100.0,27.5,69.44
18142,2018-02-23,19.0,93.33,26.36,38.33
18143,2018-02-23,20.0,67.27,14.44,28.64
18144,2018-02-23,21.0,80.0,11.67,22.22
18145,2018-02-23,22.0,62.22,13.89,16.67
18148,2018-02-24,8.0,43.33,5.0,5.0
18149,2018-02-24,9.0,78.33,11.82,15.5
18150,2018-02-24,10.0,67.5,27.22,43.89
18151,2018-02-24,11.0,92.78,45.0,53.33
18152,2018-02-24,12.0,108.89,47.0,64.09
18153,2018-02-24,13.0,120.0,52.78,62.22
18154,2018-02-24,14.0,132.22,56.11,73.33
18155,2018-02-24,15.0,114.44,48.33,76.0
18156,2018-02-24,16.0,90.0,47.0,85.0
18157,2018-02-24,17.0,106.67,52.78,70.0
18158,2018-02-24,18.0,126.67,45.56,79.44
18159,2018-02-24,19.0,92.22,30.56,63.89
18160,2018-02-24,20.0,77.78,20.56,34.44
18161,2018-02-24,21.0,60.0,23.0,30.62
18162,2018-02-24,22.0,57.78,14.5,15.0
18164,2018-02-25,9.0,38.75,6.11,8.64
18165,2018-02-25,10.0,77.78,14.09,21.11
18166,2018-02-25,11.0,81.11,33.33,46.67
18167,2018-02-25,12.0,99.0,50.56,61.67
18168,2018-02-25,13.0,112.22,48.0,55.0
18169,2018-02-25,14.0,88.0,42.22,74.0
18170,2018-02-25,15.0,73.33,36.67,66.67
18171,2018-02-25,16.0,114.44,38.64,49.5
18172,2018-02-25,17.0,118.0,42.0,48.89
18176,2018-02-25,18.0,,,53.33
18173,2018-02-25,19.0,140.0,17.5,43.5
18174,2018-02-25,20.0,48.5,17.78,12.78
18177,2018-02-26,9.0,75.0,,10.91
18178,2018-02-26,10.0,101.67,,43.75
18179,2018-02-26,11.0,115.0,,59.44
18180,2018-02-26,12.0,129.44,,76.11
18181,2018-02-26,13.0,132.0,,83.33
18182,2018-02-26,14.0,123.0,,78.5
18183,2018-02-26,15.0,97.22,,65.56
18184,2018-02-26,16.0,94.5,,52.78
18185,2018-02-26,17.0,93.33,,71.67
18186,2018-02-26,18.0,87.0,,83.89
18187,2018-02-26,19.0,68.89,,26.11
18188,2018-02-26,20.0,71.11,,20.0
18189,2018-02-26,21.0,57.78,,16.11
18193,2018-02-27,9.0,69.17,,14.5
18194,2018-02-27,10.0,91.0,,58.64
18195,2018-02-27,11.0,123.89,,52.78
18196,2018-02-27,12.0,141.11,,57.0
18197,2018-02-27,13.0,155.56,,73.33
18198,2018-02-27,14.0,124.0,,80.56
18199,2018-02-27,15.0,117.78,,51.0
18200,2018-02-27,16.0,106.11,,56.5
18201,2018-02-27,17.0,111.11,,53.89
18202,2018-02-27,18.0,98.89,,39.0
18203,2018-02-27,19.0,60.0,,25.0
18204,2018-02-27,20.0,60.0,,19.0
18205,2018-02-27,21.0,47.22,,10.56
18207,2018-02-28,9.0,110.0,,13.12
18208,2018-02-28,10.0,98.5,,62.5
18209,2018-02-28,11.0,83.33,,74.5
18210,2018-02-28,12.0,83.0,,57.73
18211,2018-02-28,13.0,100.56,,79.44
18212,2018-02-28,14.0,88.0,,52.0
18213,2018-02-28,15.0,74.0,,53.33
18214,2018-02-28,16.0,89.0,,77.78
18215,2018-02-28,17.0,111.11,,57.22
18216,2018-02-28,18.0,61.11,,53.0
18217,2018-02-28,19.0,69.0,,35.0
18218,2018-02-28,20.0,61.67,,20.0
18223,2018-03-01,9.0,68.33,,8.89
18224,2018-03-01,10.0,77.22,,35.0
18225,2018-03-01,11.0,85.56,,45.38
18226,2018-03-01,12.0,98.33,,49.5
18227,2018-03-01,13.0,94.44,,51.67
18228,2018-03-01,14.0,96.67,,51.11
18229,2018-03-01,15.0,81.11,,45.0
18230,2018-03-01,16.0,93.33,,51.11
18231,2018-03-01,17.0,88.5,,51.67
18232,2018-03-01,18.0,66.67,,51.11
18233,2018-03-01,19.0,60.0,,26.67
18234,2018-03-01,20.0,50.5,,5.0
18237,2018-03-02,9.0,61.11,,16.25
18238,2018-03-02,10.0,67.78,,40.56
18239,2018-03-02,11.0,100.0,,48.89
18240,2018-03-02,12.0,112.22,,70.0
18241,2018-03-02,13.0,85.0,,57.22
18242,2018-03-02,14.0,98.33,,53.89
18243,2018-03-02,15.0,99.44,,53.33
18244,2018-03-02,16.0,77.78,,65.56
18245,2018-03-02,17.0,93.33,,66.11
18246,2018-03-02,18.0,109.0,,63.89
18247,2018-03-02,19.0,82.0,,32.78
18248,2018-03-02,20.0,64.44,,24.44
18249,2018-03-02,21.0,69.44,,26.0
18252,2018-03-03,9.0,43.89,,
18253,2018-03-03,10.0,112.73,,25.0
18254,2018-03-03,11.0,97.78,,44.5
18255,2018-03-03,12.0,93.33,,88.89
18256,2018-03-03,13.0,117.22,,95.0
18257,2018-03-03,14.0,123.33,,108.33
18258,2018-03-03,15.0,132.22,,108.75
18259,2018-03-03,16.0,151.11,,
18260,2018-03-03,17.0,169.5,,
18261,2018-03-03,18.0,110.56,,58.33
18262,2018-03-03,19.0,78.5,,33.0
18263,2018-03-03,20.0,58.0,,29.44
18264,2018-03-03,21.0,111.11,,31.5
18265,2018-03-03,22.0,75.56,,12.22
18269,2018-03-04,9.0,71.5,,
18270,2018-03-04,10.0,87.5,,
18271,2018-03-04,11.0,120.0,,35.0
18272,2018-03-04,12.0,126.67,,81.82
18273,2018-03-04,13.0,103.89,,112.78
18274,2018-03-04,14.0,101.0,,91.67
18275,2018-03-04,15.0,108.89,,65.0
18276,2018-03-04,16.0,118.89,,68.89
18277,2018-03-04,17.0,116.67,,80.0
18278,2018-03-04,18.0,86.11,,35.0
18279,2018-03-04,19.0,70.0,,10.56
18280,2018-03-04,20.0,50.56,,9.44
18281,2018-03-04,21.0,58.33,,5.0
18283,2018-03-05,9.0,60.0,,8.12
18284,2018-03-05,10.0,99.44,,35.56
18285,2018-03-05,11.0,112.78,,64.29
18286,2018-03-05,12.0,114.44,,
18287,2018-03-05,13.0,103.33,,57.5
18288,2018-03-05,14.0,117.78,,89.44
18289,2018-03-05,15.0,117.78,,83.75
18290,2018-03-05,16.0,123.33,,120.0
18295,2018-03-05,17.0,,,72.86
18291,2018-03-05,18.0,111.0,,86.11
18292,2018-03-05,19.0,108.89,,74.44
18293,2018-03-05,20.0,47.0,,16.11
18298,2018-03-06,9.0,67.22,,8.33
18299,2018-03-06,10.0,99.0,,46.67
18300,2018-03-06,11.0,104.44,,63.0
18301,2018-03-06,12.0,82.22,,62.0
18302,2018-03-06,13.0,99.44,,74.09
18303,2018-03-06,14.0,108.75,,77.22
18304,2018-03-06,15.0,114.44,,73.33
18305,2018-03-06,16.0,96.67,,61.67
18306,2018-03-06,17.0,88.89,,68.33
18307,2018-03-06,18.0,87.5,,61.11
18308,2018-03-06,19.0,70.0,,13.89
18309,2018-03-06,20.0,55.0,,10.0
18311,2018-03-07,9.0,120.0,,9.38
18312,2018-03-07,10.0,120.0,,22.78
18313,2018-03-07,11.0,111.0,,36.5
18314,2018-03-07,12.0,90.0,,45.45
18315,2018-03-07,13.0,94.44,,48.5
18316,2018-03-07,14.0,110.0,,58.33
18317,2018-03-07,15.0,125.56,,50.56
18318,2018-03-07,16.0,110.0,,54.44
18319,2018-03-07,17.0,86.67,,42.22
18320,2018-03-07,18.0,77.0,,20.0
18321,2018-03-07,19.0,87.22,,25.0
18322,2018-03-07,20.0,59.0,,18.75
18326,2018-03-08,9.0,54.0,,5.0
18327,2018-03-08,10.0,93.5,,
18328,2018-03-08,11.0,107.78,,12.5
18329,2018-03-08,12.0,111.11,,48.33
18330,2018-03-08,13.0,123.33,,72.5
18331,2018-03-08,14.0,117.78,,56.0
18332,2018-03-08,15.0,113.33,,51.11
18333,2018-03-08,16.0,125.56,,41.11
18334,2018-03-08,17.0,115.56,,34.5
18335,2018-03-08,18.0,91.11,,13.18
18336,2018-03-08,19.0,79.44,,10.0
18337,2018-03-08,20.0,57.22,,10.0
18341,2018-03-09,9.0,86.0,,8.75
18342,2018-03-09,10.0,91.11,,38.89
18343,2018-03-09,11.0,108.33,,51.67
18344,2018-03-09,12.0,113.33,,60.5
18345,2018-03-09,13.0,130.0,,47.5
18346,2018-03-09,14.0,113.33,,64.44
18347,2018-03-09,15.0,116.0,,80.0
18348,2018-03-09,16.0,138.89,,84.0
18349,2018-03-09,17.0,136.67,,61.67
18350,2018-03-09,18.0,97.0,,61.67
18351,2018-03-09,19.0,90.0,,17.22
18352,2018-03-09,20.0,88.0,,18.5
18353,2018-03-09,21.0,90.0,,14.44
18354,2018-03-09,22.0,74.44,,6.67
18356,2018-03-10,8.0,30.0,,5.0
18357,2018-03-10,9.0,120.0,,15.5
18358,2018-03-10,10.0,133.33,,47.5
18359,2018-03-10,11.0,121.67,,87.5
18360,2018-03-10,12.0,96.11,,78.33
18361,2018-03-10,13.0,131.11,,70.56
18362,2018-03-10,14.0,155.56,,82.78
18363,2018-03-10,15.0,170.0,,70.0
18364,2018-03-10,16.0,121.11,,72.78
18365,2018-03-10,17.0,126.67,,66.11
18366,2018-03-10,18.0,133.33,,70.0
18367,2018-03-10,19.0,125.56,,59.44
18368,2018-03-10,20.0,106.67,,28.33
18369,2018-03-10,21.0,98.33,,45.56
18370,2018-03-10,22.0,80.0,,26.67
18374,2018-03-11,8.0,64.62,,6.67
18375,2018-03-11,9.0,91.67,,19.5
18376,2018-03-11,10.0,101.36,,58.18
18377,2018-03-11,11.0,104.0,,95.42
18378,2018-03-11,12.0,111.11,,113.89
18379,2018-03-11,13.0,112.22,,126.67
18380,2018-03-11,14.0,121.11,,135.56
18381,2018-03-11,15.0,131.0,,79.44
18382,2018-03-11,16.0,123.0,,88.33
18383,2018-03-11,17.0,96.67,,86.0
18384,2018-03-11,18.0,97.78,,95.56
18385,2018-03-11,19.0,105.0,,75.56
18386,2018-03-11,20.0,76.67,,43.33
18387,2018-03-11,21.0,67.78,,14.17
18388,2018-03-11,22.0,53.33,,
18390,2018-03-12,8.0,56.67,,5.0
18391,2018-03-12,9.0,68.33,,11.11
18392,2018-03-12,10.0,115.5,,37.22
18393,2018-03-12,11.0,114.44,,73.5
18394,2018-03-12,12.0,102.22,,53.33
18395,2018-03-12,13.0,135.56,,63.18
18396,2018-03-12,14.0,150.0,,95.0
18397,2018-03-12,15.0,147.78,,86.67
18398,2018-03-12,16.0,151.11,,78.33
18399,2018-03-12,17.0,134.44,,73.33
18400,2018-03-12,18.0,112.22,,63.33
18401,2018-03-12,19.0,86.67,,38.33
18402,2018-03-12,20.0,82.22,,16.11
18403,2018-03-12,21.0,68.33,,12.22
18404,2018-03-12,22.0,62.22,,10.56
18407,2018-03-13,8.0,68.33,,8.89
18408,2018-03-13,9.0,75.0,,6.11
18409,2018-03-13,10.0,114.0,,27.27
18410,2018-03-13,11.0,137.78,,50.0
18411,2018-03-13,12.0,170.0,,72.14
18412,2018-03-13,13.0,177.78,,
18413,2018-03-13,14.0,190.0,,48.75
18414,2018-03-13,15.0,210.0,,72.78
18415,2018-03-13,16.0,210.0,,148.89
18416,2018-03-13,17.0,154.44,,134.44
18417,2018-03-13,18.0,105.56,,106.67
18418,2018-03-13,19.0,168.89,,103.89
18419,2018-03-13,20.0,121.11,,56.11
18420,2018-03-13,21.0,120.0,,16.88
18421,2018-03-13,22.0,109.44,,
18424,2018-03-14,8.0,70.0,,5.0
18425,2018-03-14,9.0,90.0,,8.0
18426,2018-03-14,10.0,104.0,,46.15
18427,2018-03-14,11.0,115.56,,52.22
18428,2018-03-14,12.0,124.44,,85.0
18429,2018-03-14,13.0,150.56,,93.89
18430,2018-03-14,14.0,184.0,,92.78
18431,2018-03-14,15.0,186.67,,85.5
18432,2018-03-14,16.0,196.11,,84.0
18433,2018-03-14,17.0,97.78,,102.5
18434,2018-03-14,18.0,127.22,,107.22
18435,2018-03-14,19.0,140.0,,87.22
18436,2018-03-14,20.0,105.0,,35.0
18437,2018-03-14,21.0,97.78,,16.67
18438,2018-03-14,22.0,93.33,,16.11
18442,2018-03-15,8.0,61.11,,10.0
18443,2018-03-15,9.0,111.67,,11.0
18444,2018-03-15,10.0,110.0,,47.0
18445,2018-03-15,11.0,126.67,,70.56
18446,2018-03-15,12.0,145.0,,85.5
18447,2018-03-15,13.0,154.44,,115.56
18448,2018-03-15,14.0,190.0,,123.33
18449,2018-03-15,15.0,164.38,,112.22
18450,2018-03-15,16.0,160.56,,116.11
18451,2018-03-15,17.0,165.0,,117.78
18452,2018-03-15,18.0,172.78,,130.56
18453,2018-03-15,19.0,161.67,,101.67
18454,2018-03-15,20.0,91.11,,27.22
18455,2018-03-15,21.0,105.0,,20.0
18456,2018-03-15,22.0,109.44,,36.11
18460,2018-03-16,8.0,60.0,,5.0
18461,2018-03-16,9.0,60.0,,7.78
18462,2018-03-16,10.0,95.56,,42.78
18463,2018-03-16,11.0,127.78,,65.56
18464,2018-03-16,12.0,120.0,,89.44
18465,2018-03-16,13.0,116.67,,90.0
18466,2018-03-16,14.0,123.33,,90.0
18467,2018-03-16,15.0,120.0,,94.44
18468,2018-03-16,16.0,128.33,,98.89
18469,2018-03-16,17.0,130.0,,120.0
18470,2018-03-16,18.0,106.67,,121.11
18471,2018-03-16,19.0,93.33,,75.0
18472,2018-03-16,20.0,92.5,,39.44
18473,2018-03-16,21.0,100.56,,30.0
18474,2018-03-16,22.0,85.0,,23.33
18478,2018-03-17,8.0,45.0,,5.0
18479,2018-03-17,9.0,58.33,,5.0
18480,2018-03-17,10.0,75.0,,37.5
18481,2018-03-17,11.0,102.22,,75.45
18482,2018-03-17,12.0,117.22,,100.0
18483,2018-03-17,13.0,114.44,,103.89
18484,2018-03-17,14.0,110.0,,96.11
18485,2018-03-17,15.0,117.78,,71.67
18486,2018-03-17,16.0,116.67,,91.67
18487,2018-03-17,17.0,106.67,,87.78
18488,2018-03-17,18.0,97.78,,101.67
18489,2018-03-17,19.0,85.0,,82.22
18490,2018-03-17,20.0,84.0,,51.82
18491,2018-03-17,21.0,81.0,,26.67
18492,2018-03-17,22.0,71.11,,31.67
18497,2018-03-18,9.0,73.33,,6.67
18498,2018-03-18,10.0,76.11,,23.18
18499,2018-03-18,11.0,67.78,,51.11
18500,2018-03-18,12.0,100.0,,67.78
18501,2018-03-18,13.0,115.56,,59.44
18502,2018-03-18,14.0,93.33,,58.0
18503,2018-03-18,15.0,78.89,,56.11
18504,2018-03-18,16.0,102.78,,61.67
18505,2018-03-18,17.0,95.91,,63.33
18506,2018-03-18,18.0,77.22,,43.89
18507,2018-03-18,19.0,101.67,,45.5
18508,2018-03-18,20.0,69.44,,36.11
18509,2018-03-18,21.0,58.0,,10.5
18511,2018-03-19,9.0,77.78,11.67,10.62
18512,2018-03-19,10.0,94.44,33.57,32.27
18513,2018-03-19,11.0,107.78,46.5,37.5
18514,2018-03-19,12.0,127.78,51.43,61.11
18515,2018-03-19,13.0,143.33,15.0,121.0
18516,2018-03-19,14.0,97.78,50.56,119.5
18517,2018-03-19,15.0,110.56,54.44,108.89
18518,2018-03-19,16.0,102.0,55.0,67.22
18519,2018-03-19,17.0,81.67,43.18,77.78
18520,2018-03-19,18.0,90.56,40.0,52.78
18521,2018-03-19,19.0,78.89,38.12,40.0
18522,2018-03-19,20.0,54.44,,21.11
18523,2018-03-19,21.0,48.18,20.62,10.56
18524,2018-03-19,22.0,50.0,23.5,12.22
18542,2018-03-20,9.0,,17.5,10.0
18528,2018-03-20,10.0,97.0,32.5,35.45
18529,2018-03-20,11.0,120.0,37.86,42.08
18530,2018-03-20,12.0,109.5,31.11,41.11
18531,2018-03-20,13.0,92.78,33.33,40.0
18532,2018-03-20,14.0,95.0,43.89,37.5
18533,2018-03-20,15.0,120.0,33.33,10.0
18534,2018-03-20,16.0,93.89,16.11,22.22
18535,2018-03-20,17.0,88.75,25.0,28.75
18536,2018-03-20,18.0,92.27,12.22,13.75
18537,2018-03-20,19.0,90.56,10.0,12.78
18538,2018-03-20,20.0,42.22,7.22,8.33
18539,2018-03-20,21.0,51.5,5.0,5.0
18540,2018-03-20,22.0,32.22,5.0,5.0
18543,2018-03-21,9.0,70.56,36.82,9.44
18544,2018-03-21,10.0,79.0,36.5,15.5
18545,2018-03-21,11.0,94.17,47.73,26.11
18546,2018-03-21,12.0,120.0,45.0,53.0
18547,2018-03-21,13.0,126.67,52.22,53.0
18548,2018-03-21,14.0,140.0,64.0,55.5
18549,2018-03-21,15.0,117.78,51.67,63.0
18550,2018-03-21,16.0,112.22,57.22,68.89
18551,2018-03-21,17.0,113.0,58.12,51.0
18552,2018-03-21,18.0,104.44,45.56,42.22
18553,2018-03-21,19.0,97.27,41.67,26.0
18554,2018-03-21,20.0,85.56,32.22,15.56
18555,2018-03-21,21.0,80.0,26.15,11.67
18556,2018-03-21,22.0,68.33,24.55,7.5
18560,2018-03-22,9.0,88.12,13.5,5.0
18561,2018-03-22,10.0,85.5,30.5,14.44
18562,2018-03-22,11.0,100.0,41.0,37.27
18563,2018-03-22,12.0,91.0,60.56,56.67
18564,2018-03-22,13.0,110.0,50.0,63.89
18565,2018-03-22,14.0,126.0,54.44,46.67
18566,2018-03-22,15.0,133.89,45.0,68.89
18567,2018-03-22,16.0,108.89,52.22,75.56
18568,2018-03-22,17.0,111.11,51.0,70.0
18569,2018-03-22,18.0,104.44,40.62,61.11
18570,2018-03-22,19.0,96.67,42.22,40.56
18571,2018-03-22,20.0,87.78,30.0,27.22
18572,2018-03-22,21.0,50.0,10.91,8.89
18573,2018-03-22,22.0,57.78,7.78,7.22
18576,2018-03-23,8.0,67.78,14.38,6.25
18577,2018-03-23,9.0,66.67,20.0,
18578,2018-03-23,10.0,86.67,36.0,40.0
18579,2018-03-23,11.0,108.89,52.78,59.44
18580,2018-03-23,12.0,130.0,51.11,68.33
18581,2018-03-23,13.0,150.0,58.89,87.22
18582,2018-03-23,14.0,154.0,53.33,80.0
18583,2018-03-23,15.0,125.56,49.0,100.0
18584,2018-03-23,16.0,134.44,63.0,68.33
18585,2018-03-23,17.0,160.0,55.0,85.56
18586,2018-03-23,18.0,118.33,46.67,96.11
18587,2018-03-23,19.0,117.78,38.5,78.89
18588,2018-03-23,20.0,138.89,29.55,48.33
18589,2018-03-23,21.0,62.22,18.33,22.78
18590,2018-03-23,22.0,62.22,25.5,26.11
18593,2018-03-24,8.0,54.5,5.0,5.0
18594,2018-03-24,9.0,65.0,15.5,11.11
18595,2018-03-24,10.0,78.89,28.33,38.33
18596,2018-03-24,11.0,109.44,46.11,51.67
18597,2018-03-24,12.0,106.11,53.89,76.11
18598,2018-03-24,13.0,111.67,56.5,84.44
18599,2018-03-24,14.0,122.22,56.0,70.0
18600,2018-03-24,15.0,119.44,45.56,77.0
18601,2018-03-24,16.0,123.33,48.33,81.11
18602,2018-03-24,17.0,110.0,46.11,82.78
18603,2018-03-24,18.0,107.78,45.56,80.0
18604,2018-03-24,19.0,100.56,32.22,67.78
18605,2018-03-24,20.0,92.22,24.44,50.0
18606,2018-03-24,21.0,60.0,10.56,25.0
18607,2018-03-24,22.0,63.33,17.78,38.33
18611,2018-03-25,9.0,95.0,17.5,15.5
18612,2018-03-25,10.0,92.0,39.5,62.0
18613,2018-03-25,11.0,116.88,60.56,92.78
18614,2018-03-25,12.0,144.44,45.91,73.5
18615,2018-03-25,13.0,136.11,56.0,102.22
18616,2018-03-25,14.0,125.0,59.5,117.22
18617,2018-03-25,15.0,120.0,46.11,95.56
18618,2018-03-25,16.0,131.11,59.44,92.22
18619,2018-03-25,17.0,112.22,45.56,86.11
18620,2018-03-25,18.0,96.11,33.0,88.5
18621,2018-03-25,19.0,102.78,30.0,84.5
18622,2018-03-25,20.0,75.0,25.71,49.0
18623,2018-03-25,21.0,55.0,,27.22
18626,2018-03-26,8.0,61.67,6.67,5.56
18627,2018-03-26,9.0,115.5,15.0,24.0
18628,2018-03-26,10.0,120.0,51.0,72.22
18629,2018-03-26,11.0,117.78,66.67,89.44
18630,2018-03-26,12.0,157.22,61.11,117.78
18631,2018-03-26,13.0,167.5,85.0,148.89
18632,2018-03-26,14.0,175.0,76.11,150.56
18633,2018-03-26,15.0,162.22,60.0,124.44
18634,2018-03-26,16.0,164.44,75.0,91.11
18635,2018-03-26,17.0,158.0,61.67,105.0
18636,2018-03-26,18.0,160.0,57.0,97.78
18637,2018-03-26,19.0,174.0,46.67,83.89
18638,2018-03-26,20.0,145.56,30.0,57.78
18639,2018-03-26,21.0,75.56,18.0,23.0
18640,2018-03-26,22.0,86.67,17.22,30.0
18643,2018-03-27,8.0,88.33,5.62,10.0
18644,2018-03-27,9.0,93.33,25.56,35.45
18645,2018-03-27,10.0,136.67,51.67,85.56
18646,2018-03-27,11.0,156.0,62.22,115.0
18647,2018-03-27,12.0,164.44,76.11,
18648,2018-03-27,13.0,171.11,80.0,101.25
18649,2018-03-27,14.0,156.67,76.67,157.22
18650,2018-03-27,15.0,144.44,62.22,136.67
18651,2018-03-27,16.0,148.89,68.89,145.56
18652,2018-03-27,17.0,180.0,53.89,133.33
18653,2018-03-27,18.0,180.0,56.11,133.89
18654,2018-03-27,19.0,135.56,49.44,109.44
18655,2018-03-27,20.0,103.33,38.33,125.0
18656,2018-03-27,21.0,81.67,17.22,72.78
18657,2018-03-27,22.0,95.56,14.44,36.11
18660,2018-03-28,8.0,75.0,9.38,7.86
18661,2018-03-28,9.0,97.78,33.33,43.5
18662,2018-03-28,10.0,118.89,58.33,55.0
18663,2018-03-28,11.0,150.0,59.44,91.11
18664,2018-03-28,12.0,171.0,58.33,135.0
18665,2018-03-28,13.0,187.78,68.0,149.44
18666,2018-03-28,14.0,173.33,68.89,164.44
18667,2018-03-28,15.0,153.33,61.11,152.22
18668,2018-03-28,16.0,144.44,57.78,143.12
18669,2018-03-28,17.0,145.56,63.89,150.0
18670,2018-03-28,18.0,137.5,55.0,125.0
18671,2018-03-28,19.0,118.89,48.89,92.22
18672,2018-03-28,20.0,95.56,37.22,85.0
18673,2018-03-28,21.0,111.67,24.55,68.89
18674,2018-03-28,22.0,93.89,31.36,73.89
18680,2018-03-29,8.0,95.91,5.56,11.43
18681,2018-03-29,9.0,85.5,27.08,35.0
18682,2018-03-29,10.0,110.0,39.5,70.45
18683,2018-03-29,11.0,148.89,61.67,108.89
18684,2018-03-29,12.0,136.0,59.5,103.33
18685,2018-03-29,13.0,140.0,60.56,125.56
18686,2018-03-29,14.0,149.44,56.67,127.78
18687,2018-03-29,15.0,143.5,55.56,129.5
18688,2018-03-29,16.0,131.0,50.0,118.33
18689,2018-03-29,17.0,147.78,52.5,131.67
18690,2018-03-29,18.0,154.0,50.5,124.09
18691,2018-03-29,19.0,114.44,35.56,102.78
18692,2018-03-29,20.0,80.0,33.89,88.5
18693,2018-03-29,21.0,96.67,16.67,55.62
18694,2018-03-29,22.0,86.67,15.0,59.44
18698,2018-03-30,8.0,86.11,11.25,25.71
18699,2018-03-30,9.0,84.0,20.5,45.0
18700,2018-03-30,10.0,105.56,45.0,75.5
18701,2018-03-30,11.0,104.0,51.67,102.78
18702,2018-03-30,12.0,127.78,47.22,97.78
18703,2018-03-30,13.0,167.22,39.44,112.78
18704,2018-03-30,14.0,165.56,51.67,123.5
18705,2018-03-30,15.0,146.67,41.11,115.56
18706,2018-03-30,16.0,151.11,43.33,98.33
18707,2018-03-30,17.0,139.44,42.5,81.11
18708,2018-03-30,18.0,125.0,37.22,83.89
18709,2018-03-30,19.0,108.33,31.11,73.33
18710,2018-03-30,20.0,115.0,24.44,55.0
18711,2018-03-30,21.0,83.33,12.78,39.0
18712,2018-03-30,22.0,78.5,11.11,44.5
18715,2018-03-31,8.0,72.5,9.5,5.0
18716,2018-03-31,9.0,75.0,12.0,17.78
18717,2018-03-31,10.0,86.11,30.56,46.67
18718,2018-03-31,11.0,130.0,39.44,41.67
18719,2018-03-31,12.0,146.0,48.33,47.22
18720,2018-03-31,13.0,168.89,49.5,55.5
18721,2018-03-31,14.0,167.78,50.56,71.11
18722,2018-03-31,15.0,170.0,45.0,67.0
18723,2018-03-31,16.0,194.44,45.5,77.78
18724,2018-03-31,17.0,158.89,48.33,70.56
18725,2018-03-31,18.0,118.89,33.33,84.44
18726,2018-03-31,19.0,111.67,22.5,85.0
18727,2018-03-31,20.0,125.0,28.33,67.22
18728,2018-03-31,21.0,70.56,13.89,36.11
18729,2018-03-31,22.0,89.09,13.33,23.89
18732,2018-04-01,8.0,81.92,5.0,6.67
18733,2018-04-01,9.0,98.5,19.09,33.08
18734,2018-04-01,10.0,111.82,39.0,67.5
18735,2018-04-01,11.0,134.44,42.5,93.33
18736,2018-04-01,12.0,137.78,36.11,88.5
18737,2018-04-01,13.0,113.89,48.0,101.67
18738,2018-04-01,14.0,130.0,47.22,100.56
18739,2018-04-01,15.0,151.67,37.5,101.67
18740,2018-04-01,16.0,122.22,37.5,105.5
18741,2018-04-01,17.0,107.78,34.58,94.44
18742,2018-04-01,18.0,93.46,27.78,90.56
18743,2018-04-01,19.0,115.56,29.17,66.11
18744,2018-04-01,20.0,96.0,23.89,51.67
18745,2018-04-01,21.0,68.89,12.22,23.75
18746,2018-04-01,22.0,59.44,7.0,32.22
18748,2018-04-02,8.0,78.0,10.0,11.25
18749,2018-04-02,9.0,120.0,19.0,44.44
18750,2018-04-02,10.0,133.5,45.0,72.22
18751,2018-04-02,11.0,126.11,72.78,96.11
18752,2018-04-02,12.0,147.78,56.11,101.11
18753,2018-04-02,13.0,173.33,57.22,103.33
18754,2018-04-02,14.0,178.89,67.22,109.44
18755,2018-04-02,15.0,172.22,61.67,158.89
18756,2018-04-02,16.0,122.22,,131.67
18757,2018-04-02,17.0,133.33,35.0,116.67
18758,2018-04-02,18.0,147.78,53.89,105.0
18759,2018-04-02,19.0,138.89,49.44,75.56
18760,2018-04-02,20.0,90.5,33.89,77.22
18761,2018-04-02,21.0,95.0,17.78,38.5
18762,2018-04-02,22.0,95.0,8.89,35.56
18765,2018-04-03,8.0,79.09,11.88,11.67
18766,2018-04-03,9.0,100.56,25.0,43.5
18767,2018-04-03,10.0,153.33,48.33,76.11
18768,2018-04-03,11.0,226.67,,146.67
18769,2018-04-03,12.0,236.67,25.0,134.0
18770,2018-04-03,13.0,221.11,79.5,135.5
18771,2018-04-03,14.0,218.89,101.11,172.78
18772,2018-04-03,15.0,169.44,71.11,160.56
18773,2018-04-03,16.0,157.78,79.5,155.56
18774,2018-04-03,17.0,180.0,67.22,130.0
18775,2018-04-03,18.0,180.0,54.44,110.56
18776,2018-04-03,19.0,176.67,63.33,104.0
18777,2018-04-03,20.0,116.67,38.33,80.0
18778,2018-04-03,21.0,113.33,21.0,63.5
18779,2018-04-03,22.0,98.33,24.5,61.11
18796,2018-04-04,8.0,,5.0,15.56
18782,2018-04-04,9.0,120.0,31.92,69.0
18783,2018-04-04,10.0,140.56,61.67,133.89
18784,2018-04-04,11.0,184.38,75.0,144.09
18785,2018-04-04,12.0,178.89,81.67,145.5
18786,2018-04-04,13.0,193.33,62.78,151.11
18787,2018-04-04,14.0,168.89,77.78,142.78
18788,2018-04-04,15.0,157.0,82.78,142.5
18789,2018-04-04,16.0,180.0,80.91,
18797,2018-04-04,17.0,,73.89,116.43
18790,2018-04-04,18.0,193.12,54.5,114.44
18791,2018-04-04,19.0,179.44,51.67,131.67
18792,2018-04-04,20.0,120.0,35.83,127.78
18793,2018-04-04,21.0,122.78,30.45,88.89
18794,2018-04-04,22.0,123.33,38.0,105.56
18801,2018-04-05,8.0,88.33,5.0,7.78
18802,2018-04-05,9.0,113.33,20.5,31.67
18803,2018-04-05,10.0,140.0,59.44,102.0
18804,2018-04-05,11.0,148.89,65.0,95.56
18805,2018-04-05,12.0,161.67,76.25,126.11
18806,2018-04-05,13.0,177.78,68.33,130.56
18807,2018-04-05,14.0,198.0,58.89,126.5
18808,2018-04-05,15.0,205.56,76.11,126.11
18809,2018-04-05,16.0,156.67,51.67,125.0
18810,2018-04-05,17.0,121.0,56.67,131.0
18811,2018-04-05,18.0,135.0,51.11,126.67
18812,2018-04-05,19.0,145.5,44.44,127.78
18813,2018-04-05,20.0,153.0,25.0,93.0
18814,2018-04-05,21.0,94.44,20.0,57.22
18815,2018-04-05,22.0,103.89,25.0,61.67
18819,2018-04-06,8.0,90.0,5.83,23.89
18820,2018-04-06,9.0,86.36,18.33,51.67
18821,2018-04-06,10.0,88.89,39.44,89.44
18822,2018-04-06,11.0,130.0,42.22,90.0
18823,2018-04-06,12.0,133.89,43.12,107.22
18824,2018-04-06,13.0,146.67,26.67,108.33
18825,2018-04-06,14.0,172.78,52.22,95.71
18826,2018-04-06,15.0,132.78,44.44,82.78
18827,2018-04-06,16.0,118.33,37.78,108.89
18828,2018-04-06,17.0,130.56,35.5,91.0
18829,2018-04-06,18.0,133.0,39.5,102.78
18830,2018-04-06,19.0,107.22,32.22,102.78
18831,2018-04-06,20.0,83.33,22.5,96.67
18832,2018-04-06,21.0,90.56,13.33,44.44
18833,2018-04-06,22.0,83.33,11.5,57.78
18837,2018-04-07,8.0,62.0,5.0,5.0
18838,2018-04-07,9.0,70.0,9.09,18.0
18839,2018-04-07,10.0,96.0,28.12,59.0
18840,2018-04-07,11.0,105.56,53.0,72.22
18841,2018-04-07,12.0,130.0,61.0,87.78
18842,2018-04-07,13.0,138.33,56.67,112.22
18843,2018-04-07,14.0,145.0,50.56,74.0
18844,2018-04-07,15.0,145.0,43.89,67.22
18845,2018-04-07,16.0,145.0,42.78,90.56
18846,2018-04-07,17.0,142.78,43.89,73.89
18847,2018-04-07,18.0,118.0,35.0,73.33
18848,2018-04-07,19.0,106.67,35.56,76.67
18849,2018-04-07,20.0,80.0,20.0,23.12
18850,2018-04-07,21.0,71.11,10.0,13.89
18851,2018-04-07,22.0,55.56,8.33,13.89
18855,2018-04-08,9.0,75.0,6.67,10.71
18856,2018-04-08,10.0,90.0,17.08,24.23
18857,2018-04-08,11.0,80.0,28.18,52.5
18858,2018-04-08,12.0,109.5,29.44,54.44
18859,2018-04-08,13.0,102.78,30.5,46.82
18860,2018-04-08,14.0,77.78,31.0,41.15
18861,2018-04-08,15.0,93.5,23.89,42.5
18862,2018-04-08,16.0,102.78,26.82,51.0
18863,2018-04-08,17.0,83.89,23.33,44.44
18864,2018-04-08,18.0,85.0,23.0,30.56
18865,2018-04-08,19.0,86.11,22.22,19.44
18866,2018-04-08,20.0,49.44,6.67,6.11
18867,2018-04-08,21.0,45.56,5.0,7.5
18868,2018-04-08,22.0,48.0,5.0,5.0
18870,2018-04-09,9.0,60.0,10.0,6.25
18871,2018-04-09,10.0,69.44,19.0,31.67
18872,2018-04-09,11.0,108.75,32.78,69.5
18873,2018-04-09,12.0,110.0,30.5,61.67
18874,2018-04-09,13.0,94.0,34.5,55.0
18875,2018-04-09,14.0,88.33,35.0,82.0
18876,2018-04-09,15.0,67.78,20.5,51.11
18877,2018-04-09,16.0,98.0,23.33,66.11
18878,2018-04-09,17.0,122.22,17.78,58.89
18879,2018-04-09,18.0,114.44,13.89,56.11
18880,2018-04-09,19.0,53.64,10.0,36.67
18881,2018-04-09,20.0,66.11,6.0,28.89
18882,2018-04-09,21.0,52.78,,13.33
18883,2018-04-09,22.0,46.67,5.0,11.11
18887,2018-04-10,9.0,48.33,5.0,5.0
18888,2018-04-10,10.0,60.0,21.67,10.0
18898,2018-04-10,11.0,,28.33,
18899,2018-04-10,12.0,,11.11,13.0
18889,2018-04-10,13.0,60.0,10.0,26.67
18890,2018-04-10,14.0,101.67,5.56,11.67
18891,2018-04-10,15.0,98.75,5.91,13.89
18900,2018-04-10,16.0,,5.56,15.56
18892,2018-04-10,17.0,50.0,5.0,9.44
18893,2018-04-10,18.0,103.33,7.78,5.0
18894,2018-04-10,19.0,62.22,10.0,5.0
18895,2018-04-10,20.0,53.0,5.56,5.0
18896,2018-04-10,21.0,32.0,5.0,5.0
18901,2018-04-11,9.0,95.62,11.67,5.0
18902,2018-04-11,10.0,105.0,15.56,26.11
18903,2018-04-11,11.0,83.33,38.75,48.89
18904,2018-04-11,12.0,95.0,50.56,51.25
18905,2018-04-11,13.0,95.0,43.89,65.0
18906,2018-04-11,14.0,121.11,45.0,65.56
18907,2018-04-11,15.0,136.67,35.5,73.33
18908,2018-04-11,16.0,121.5,40.0,67.0
18909,2018-04-11,17.0,83.33,33.0,66.11
18910,2018-04-11,18.0,100.0,30.5,55.56
18911,2018-04-11,19.0,94.0,31.88,52.22
18912,2018-04-11,20.0,55.0,28.33,26.11
18913,2018-04-11,21.0,54.55,12.5,13.33
18917,2018-04-12,9.0,75.0,,9.38
18918,2018-04-12,10.0,76.67,,39.5
18919,2018-04-12,11.0,80.0,31.25,37.22
18920,2018-04-12,12.0,98.33,50.0,57.78
18921,2018-04-12,13.0,125.56,46.67,54.0
18922,2018-04-12,14.0,91.0,42.0,62.22
18923,2018-04-12,15.0,95.56,31.67,57.22
18924,2018-04-12,16.0,90.5,29.44,62.22
18925,2018-04-12,17.0,83.33,35.62,50.0
18926,2018-04-12,18.0,78.89,33.33,41.67
18927,2018-04-12,19.0,72.73,20.56,40.0
18928,2018-04-12,20.0,62.22,23.33,15.56
18929,2018-04-12,21.0,47.78,5.56,10.0
18932,2018-04-13,9.0,70.56,8.33,19.09
18933,2018-04-13,10.0,83.89,33.33,45.45
18934,2018-04-13,11.0,108.33,33.33,54.44
18935,2018-04-13,12.0,110.0,36.5,65.56
18936,2018-04-13,13.0,92.78,43.33,68.33
18937,2018-04-13,14.0,91.11,31.67,64.44
18938,2018-04-13,15.0,99.44,34.55,51.25
18939,2018-04-13,16.0,96.11,36.11,
18940,2018-04-13,17.0,73.89,27.22,59.29
18941,2018-04-13,18.0,93.33,17.22,75.56
18942,2018-04-13,19.0,85.0,25.0,67.78
18943,2018-04-13,20.0,62.22,22.78,35.56
18944,2018-04-13,21.0,46.67,10.0,12.22
18947,2018-04-14,8.0,40.83,5.0,5.0
18948,2018-04-14,9.0,57.5,5.0,10.56
18949,2018-04-14,10.0,64.44,23.18,38.89
18950,2018-04-14,11.0,113.33,51.11,66.5
18951,2018-04-14,12.0,121.11,45.56,87.0
18952,2018-04-14,13.0,97.78,50.56,87.22
18953,2018-04-14,14.0,111.11,43.89,88.33
18954,2018-04-14,15.0,117.0,38.89,73.89
18955,2018-04-14,16.0,120.0,50.0,93.89
18956,2018-04-14,17.0,98.89,39.5,81.67
18957,2018-04-14,18.0,95.56,41.67,92.78
18958,2018-04-14,19.0,96.11,29.44,68.33
18959,2018-04-14,20.0,85.0,25.56,61.11
18960,2018-04-14,21.0,86.0,19.44,31.67
18961,2018-04-14,22.0,55.56,18.33,39.44
18966,2018-04-15,9.0,77.08,15.56,18.75
18967,2018-04-15,10.0,73.33,27.73,32.22
18968,2018-04-15,11.0,101.0,33.18,61.0
18969,2018-04-15,12.0,82.78,35.56,75.5
18970,2018-04-15,13.0,74.44,34.09,78.89
18971,2018-04-15,14.0,74.44,27.78,61.11
18972,2018-04-15,15.0,80.0,23.0,43.89
18973,2018-04-15,16.0,68.89,13.89,24.44
18974,2018-04-15,17.0,38.33,11.11,23.89
18975,2018-04-15,18.0,65.0,7.22,12.22
18976,2018-04-15,19.0,49.44,5.0,9.5
18977,2018-04-15,20.0,45.0,5.0,8.33
18978,2018-04-15,21.0,37.0,5.0,5.0
18979,2018-04-15,22.0,28.64,5.0,5.0
18982,2018-04-16,9.0,86.11,5.0,5.0
18983,2018-04-16,10.0,76.5,,25.0
18984,2018-04-16,11.0,87.22,25.0,23.18
18985,2018-04-16,12.0,105.0,62.0,32.22
18986,2018-04-16,13.0,105.0,59.0,40.0
18987,2018-04-16,14.0,98.33,46.67,50.56
18988,2018-04-16,15.0,103.89,44.5,46.67
18989,2018-04-16,16.0,108.5,49.44,56.67
18990,2018-04-16,17.0,104.44,42.22,50.56
18991,2018-04-16,18.0,101.11,35.0,41.67
18992,2018-04-16,19.0,83.89,32.78,16.11
18993,2018-04-16,20.0,61.11,26.11,5.0
18994,2018-04-16,21.0,66.0,8.33,5.0
18996,2018-04-17,9.0,72.78,5.0,
18997,2018-04-17,10.0,84.44,,36.0
18998,2018-04-17,11.0,94.5,31.67,46.11
18999,2018-04-17,12.0,91.11,56.11,56.5
19000,2018-04-17,13.0,110.0,50.0,67.22
19001,2018-04-17,14.0,104.44,50.5,56.11
19002,2018-04-17,15.0,78.89,41.5,48.33
19003,2018-04-17,16.0,115.0,40.56,68.89
19004,2018-04-17,17.0,98.33,41.11,67.22
19005,2018-04-17,18.0,70.0,23.0,51.67
19006,2018-04-17,19.0,80.0,27.78,40.56
19007,2018-04-17,20.0,77.5,17.22,21.11
19008,2018-04-17,21.0,75.0,5.56,7.78
19010,2018-04-18,9.0,91.25,16.88,13.75
19011,2018-04-18,10.0,75.91,18.08,36.67
19012,2018-04-18,11.0,69.5,44.55,49.55
19013,2018-04-18,12.0,71.11,37.22,75.0
19014,2018-04-18,13.0,96.67,34.44,67.0
19015,2018-04-18,14.0,92.0,30.56,50.0
19016,2018-04-18,15.0,64.44,25.0,40.5
19017,2018-04-18,16.0,95.45,23.33,60.5
19018,2018-04-18,17.0,51.11,29.44,68.33
19019,2018-04-18,18.0,79.09,22.92,69.44
19020,2018-04-18,19.0,61.36,19.0,53.0
19021,2018-04-18,20.0,51.11,17.78,31.11
19022,2018-04-18,21.0,57.0,12.5,20.56
19026,2018-04-19,9.0,60.0,7.5,7.14
19027,2018-04-19,10.0,71.82,14.55,30.0
19028,2018-04-19,11.0,66.67,33.0,52.0
19029,2018-04-19,12.0,68.33,34.44,52.73
19030,2018-04-19,13.0,93.5,37.73,59.0
19031,2018-04-19,14.0,91.5,43.33,51.67
19032,2018-04-19,15.0,65.0,46.67,48.89
19033,2018-04-19,16.0,82.78,42.22,79.0
19034,2018-04-19,17.0,76.67,34.44,53.33
19035,2018-04-19,18.0,69.0,26.67,71.11
19036,2018-04-19,19.0,60.0,23.33,71.67
19037,2018-04-19,20.0,60.0,12.5,15.5
19038,2018-04-19,21.0,39.5,7.22,7.78
19041,2018-04-20,9.0,61.11,14.55,17.86
19042,2018-04-20,10.0,73.89,23.18,35.5
19043,2018-04-20,11.0,102.22,43.5,58.5
19044,2018-04-20,12.0,116.67,50.0,85.0
19045,2018-04-20,13.0,84.44,45.56,66.11
19046,2018-04-20,14.0,80.56,41.11,75.56
19047,2018-04-20,15.0,100.56,38.89,61.11
19048,2018-04-20,16.0,123.33,39.09,70.0
19053,2018-04-20,17.0,,37.78,65.56
19054,2018-04-20,18.0,,34.5,76.5
19049,2018-04-20,19.0,109.29,29.5,82.78
19050,2018-04-20,20.0,110.0,28.75,41.11
19051,2018-04-20,21.0,66.36,15.0,6.67
19056,2018-04-21,8.0,43.64,5.0,8.33
19057,2018-04-21,9.0,52.0,5.5,9.55
19058,2018-04-21,10.0,96.0,31.11,40.56
19059,2018-04-21,11.0,81.67,40.0,69.44
19060,2018-04-21,12.0,107.0,31.67,69.44
19061,2018-04-21,13.0,116.11,52.5,72.78
19062,2018-04-21,14.0,109.44,55.5,83.64
19063,2018-04-21,15.0,99.5,45.0,65.91
19064,2018-04-21,16.0,115.56,48.5,71.11
19065,2018-04-21,17.0,109.5,47.22,66.67
19066,2018-04-21,18.0,101.5,56.88,71.67
19067,2018-04-21,19.0,102.22,40.42,77.78
19068,2018-04-21,20.0,87.22,27.22,47.22
19069,2018-04-21,21.0,73.33,21.11,20.0
19070,2018-04-21,22.0,72.22,16.67,19.44
19073,2018-04-22,9.0,56.0,10.56,9.44
19074,2018-04-22,10.0,83.33,23.33,31.5
19075,2018-04-22,11.0,80.0,38.89,44.5
19076,2018-04-22,12.0,73.33,44.44,56.11
19077,2018-04-22,13.0,90.56,36.11,62.22
19078,2018-04-22,14.0,92.22,35.0,37.22
19079,2018-04-22,15.0,76.11,27.78,54.44
19080,2018-04-22,16.0,85.0,37.5,57.22
19081,2018-04-22,17.0,72.78,32.5,48.33
19082,2018-04-22,18.0,52.27,23.5,35.56
19083,2018-04-22,19.0,57.5,18.0,28.89
19084,2018-04-22,20.0,63.33,12.78,10.56
19085,2018-04-22,21.0,56.0,5.56,7.22
19103,2018-04-23,9.0,,7.5,7.5
19089,2018-04-23,10.0,92.5,22.22,27.92
19090,2018-04-23,11.0,108.18,43.89,38.89
19091,2018-04-23,12.0,66.67,37.22,49.5
19092,2018-04-23,13.0,75.56,42.08,47.5
19093,2018-04-23,14.0,113.33,50.0,36.11
19094,2018-04-23,15.0,88.89,26.11,26.11
19095,2018-04-23,16.0,120.0,33.89,37.0
19096,2018-04-23,17.0,68.33,18.33,44.44
19097,2018-04-23,18.0,64.44,8.33,53.89
19098,2018-04-23,19.0,71.67,7.78,28.33
19099,2018-04-23,20.0,71.67,8.33,18.33
19100,2018-04-23,21.0,45.56,5.0,5.56
19101,2018-04-23,22.0,43.89,5.0,5.0
19106,2018-04-24,9.0,74.44,,7.78
19107,2018-04-24,10.0,78.0,31.43,35.5
19108,2018-04-24,11.0,72.78,42.78,40.5
19109,2018-04-24,12.0,76.67,41.67,45.0
19110,2018-04-24,13.0,84.44,49.5,60.0
19111,2018-04-24,14.0,88.89,56.5,64.44
19112,2018-04-24,15.0,67.78,38.89,48.89
19113,2018-04-24,16.0,84.44,32.22,49.44
19114,2018-04-24,17.0,80.0,41.0,57.78
19115,2018-04-24,18.0,60.0,37.22,61.67
19116,2018-04-24,19.0,72.78,19.44,31.11
19117,2018-04-24,20.0,82.22,13.33,11.11
19118,2018-04-24,21.0,50.0,5.0,6.11
19120,2018-04-25,9.0,58.33,11.88,
19121,2018-04-25,10.0,69.44,21.67,34.29
19122,2018-04-25,11.0,86.11,35.5,42.22
19123,2018-04-25,12.0,86.11,38.89,39.44
19124,2018-04-25,13.0,71.11,38.33,61.11
19125,2018-04-25,14.0,81.11,33.33,71.11
19126,2018-04-25,15.0,93.89,26.67,40.0
19127,2018-04-25,16.0,71.11,31.11,59.44
19128,2018-04-25,17.0,68.33,36.67,55.0
19129,2018-04-25,18.0,60.56,28.89,40.0
19130,2018-04-25,19.0,57.78,18.33,50.0
19131,2018-04-25,20.0,62.22,16.11,29.44
19132,2018-04-25,21.0,55.0,5.0,8.33
19134,2018-04-26,9.0,73.12,7.5,5.0
19135,2018-04-26,10.0,65.0,27.5,
19136,2018-04-26,11.0,64.44,43.5,50.0
19137,2018-04-26,12.0,86.67,41.0,64.44
19138,2018-04-26,13.0,95.0,37.22,60.0
19139,2018-04-26,14.0,90.0,34.44,58.33
19140,2018-04-26,15.0,72.22,36.0,52.78
19141,2018-04-26,16.0,96.67,31.67,67.22
19142,2018-04-26,17.0,73.89,30.56,73.89
19143,2018-04-26,18.0,74.44,23.89,66.67
19144,2018-04-26,19.0,80.0,19.5,60.56
19145,2018-04-26,20.0,92.22,14.44,34.44
19146,2018-04-26,21.0,45.0,9.44,16.67
19149,2018-04-27,9.0,58.89,5.0,22.22
19150,2018-04-27,10.0,70.0,26.25,40.0
19151,2018-04-27,11.0,77.5,39.5,56.11
19152,2018-04-27,12.0,87.78,43.89,
19153,2018-04-27,13.0,90.5,43.89,47.5
19154,2018-04-27,14.0,102.5,44.44,74.5
19155,2018-04-27,15.0,88.33,38.33,73.89
19163,2018-04-27,16.0,,50.0,81.36
19156,2018-04-27,17.0,108.33,45.5,82.78
19157,2018-04-27,18.0,94.44,36.0,90.56
19158,2018-04-27,19.0,84.5,25.0,70.45
19159,2018-04-27,20.0,87.22,19.44,54.5
19160,2018-04-27,21.0,52.5,10.5,23.89
19161,2018-04-27,22.0,64.0,20.0,30.0
19164,2018-04-28,8.0,45.0,,5.0
19165,2018-04-28,9.0,60.0,5.0,10.0
19166,2018-04-28,10.0,71.11,28.18,31.11
19167,2018-04-28,11.0,82.78,58.33,52.78
19168,2018-04-28,12.0,101.67,43.89,60.0
19169,2018-04-28,13.0,98.33,48.33,64.44
19170,2018-04-28,14.0,100.0,55.56,71.67
19171,2018-04-28,15.0,110.0,48.33,63.33
19172,2018-04-28,16.0,106.11,51.67,73.89
19173,2018-04-28,17.0,83.89,46.11,69.44
19174,2018-04-28,18.0,93.5,48.33,81.11
19175,2018-04-28,19.0,112.78,46.11,69.44
19176,2018-04-28,20.0,93.89,37.5,50.5
19177,2018-04-28,21.0,80.0,21.5,39.44
19178,2018-04-28,22.0,80.0,36.11,38.89
19183,2018-04-29,9.0,67.08,6.5,9.5
19184,2018-04-29,10.0,66.5,21.82,41.36
19185,2018-04-29,11.0,71.11,40.5,48.5
19186,2018-04-29,12.0,90.0,32.78,40.5
19187,2018-04-29,13.0,88.33,41.11,65.0
19188,2018-04-29,14.0,71.67,37.78,56.11
19189,2018-04-29,15.0,63.89,21.25,59.17
19190,2018-04-29,16.0,85.5,,
19191,2018-04-29,17.0,85.56,,60.0
19192,2018-04-29,18.0,57.78,20.0,77.0
19193,2018-04-29,19.0,61.67,35.56,43.33
19194,2018-04-29,20.0,77.5,17.78,20.56
19195,2018-04-29,21.0,55.56,16.67,5.56
19198,2018-04-30,9.0,66.67,7.73,5.0
19199,2018-04-30,10.0,71.5,17.0,39.44
19200,2018-04-30,11.0,68.5,42.78,56.67
19201,2018-04-30,12.0,92.22,44.0,70.0
19202,2018-04-30,13.0,96.67,38.89,63.89
19203,2018-04-30,14.0,90.0,49.44,77.5
19204,2018-04-30,15.0,77.78,29.44,51.67
19205,2018-04-30,16.0,75.56,36.11,63.89
19206,2018-04-30,17.0,85.56,32.78,74.44
19207,2018-04-30,18.0,71.11,24.44,55.56
19208,2018-04-30,19.0,76.67,20.0,41.11
19209,2018-04-30,20.0,68.89,15.0,33.33
19210,2018-04-30,21.0,45.56,6.67,8.33
19214,2018-05-01,9.0,62.78,9.44,10.0
19215,2018-05-01,10.0,76.0,11.5,27.5
19216,2018-05-01,11.0,85.56,38.64,35.56
19217,2018-05-01,12.0,71.11,35.5,54.17
19218,2018-05-01,13.0,80.0,38.0,63.57
19219,2018-05-01,14.0,90.0,35.0,44.44
19220,2018-05-01,15.0,71.11,23.33,48.89
19221,2018-05-01,16.0,71.67,32.78,61.67
19222,2018-05-01,17.0,82.22,24.17,46.67
19223,2018-05-01,18.0,55.0,25.56,38.89
19224,2018-05-01,19.0,64.44,16.11,32.0
19225,2018-05-01,20.0,55.56,12.78,23.89
19226,2018-05-01,21.0,28.89,5.0,7.78
19228,2018-05-02,9.0,73.89,5.0,7.5
19229,2018-05-02,10.0,68.33,,36.82
19230,2018-05-02,11.0,75.0,,53.33
19231,2018-05-02,12.0,72.22,,60.56
19232,2018-05-02,13.0,64.44,,63.0
19233,2018-05-02,14.0,76.67,,74.09
19234,2018-05-02,15.0,91.67,,64.0
19235,2018-05-02,16.0,85.56,,49.55
19236,2018-05-02,17.0,72.5,,55.0
19237,2018-05-02,18.0,77.22,,59.0
19238,2018-05-02,19.0,69.44,,35.0
19239,2018-05-02,20.0,71.11,,27.22
19240,2018-05-02,21.0,44.0,,7.78
19244,2018-05-03,9.0,62.22,10.62,8.89
19245,2018-05-03,10.0,71.67,15.38,21.15
19246,2018-05-03,11.0,90.0,38.18,45.5
19247,2018-05-03,12.0,79.44,46.5,61.11
19248,2018-05-03,13.0,77.5,37.22,63.89
19249,2018-05-03,14.0,95.0,42.78,46.11
19250,2018-05-03,15.0,77.22,28.33,52.22
19251,2018-05-03,16.0,93.33,32.78,47.78
19252,2018-05-03,17.0,81.11,27.22,56.0
19253,2018-05-03,18.0,88.12,29.0,52.78
19254,2018-05-03,19.0,120.0,24.0,29.44
19255,2018-05-03,20.0,64.44,18.89,21.67
19256,2018-05-03,21.0,45.0,7.78,8.33
19259,2018-05-04,9.0,60.0,,19.5
19260,2018-05-04,10.0,47.22,,43.89
19261,2018-05-04,11.0,65.0,,67.78
19262,2018-05-04,12.0,200.0,10.0,81.5
19263,2018-05-04,13.0,138.64,50.42,75.0
19264,2018-05-04,14.0,110.0,52.78,75.56
19265,2018-05-04,15.0,85.0,44.55,76.0
19266,2018-05-04,16.0,90.0,51.67,72.22
19267,2018-05-04,17.0,79.44,46.67,81.67
19268,2018-05-04,18.0,91.0,39.44,62.78
19269,2018-05-04,19.0,75.0,35.56,49.0
19270,2018-05-04,20.0,86.11,33.89,38.33
19271,2018-05-04,21.0,65.56,16.11,21.25
19272,2018-05-04,22.0,70.56,20.0,
19275,2018-05-05,8.0,40.0,5.0,5.0
19276,2018-05-05,9.0,60.0,8.0,9.44
19277,2018-05-05,10.0,59.09,,41.11
19278,2018-05-05,11.0,80.56,27.0,55.5
19279,2018-05-05,12.0,92.0,48.33,77.5
19280,2018-05-05,13.0,89.44,52.78,65.0
19281,2018-05-05,14.0,87.22,67.5,45.0
19282,2018-05-05,15.0,85.0,55.0,40.56
19283,2018-05-05,16.0,86.0,37.0,51.11
19284,2018-05-05,17.0,103.89,37.78,45.0
19285,2018-05-05,18.0,86.11,41.11,49.44
19286,2018-05-05,19.0,100.0,43.33,58.89
19287,2018-05-05,20.0,78.89,28.33,22.78
19288,2018-05-05,21.0,70.0,23.0,17.22
19289,2018-05-05,22.0,70.0,28.33,24.44
19293,2018-05-06,9.0,47.22,8.33,6.67
19294,2018-05-06,10.0,51.11,21.25,13.33
19295,2018-05-06,11.0,66.82,23.89,39.5
19296,2018-05-06,12.0,85.0,33.5,38.64
19297,2018-05-06,13.0,87.22,31.25,46.11
19298,2018-05-06,14.0,72.22,40.5,41.11
19299,2018-05-06,15.0,82.5,35.56,32.78
19300,2018-05-06,16.0,87.22,30.56,30.0
19301,2018-05-06,17.0,79.44,32.0,42.78
19302,2018-05-06,18.0,76.67,29.0,44.44
19303,2018-05-06,19.0,80.0,27.5,28.89
19304,2018-05-06,20.0,69.29,21.67,28.89
19305,2018-05-06,21.0,60.56,28.5,15.0
19306,2018-05-06,22.0,46.5,9.44,19.44
19308,2018-05-07,9.0,50.0,5.0,13.12
19309,2018-05-07,10.0,78.33,20.5,39.44
19310,2018-05-07,11.0,95.0,47.0,70.56
19321,2018-05-07,12.0,,57.22,75.56
19322,2018-05-07,13.0,,51.0,116.0
19311,2018-05-07,14.0,116.0,58.33,131.67
19312,2018-05-07,15.0,109.44,47.78,
19313,2018-05-07,16.0,95.56,43.89,72.5
19314,2018-05-07,17.0,111.67,47.22,91.11
19315,2018-05-07,18.0,113.89,45.0,96.0
19316,2018-05-07,19.0,112.78,42.22,82.22
19317,2018-05-07,20.0,90.5,32.5,43.89
19318,2018-05-07,21.0,72.22,26.67,50.56
19326,2018-05-08,9.0,63.18,11.25,6.25
19327,2018-05-08,10.0,71.25,27.78,26.67
19328,2018-05-08,11.0,96.5,53.18,55.0
19329,2018-05-08,12.0,100.0,51.11,51.0
19330,2018-05-08,13.0,83.33,50.56,
19331,2018-05-08,14.0,112.78,45.5,58.89
19332,2018-05-08,15.0,127.22,25.83,59.44
19333,2018-05-08,16.0,94.44,34.0,64.44
19334,2018-05-08,17.0,84.44,37.22,63.89
19335,2018-05-08,18.0,83.33,51.43,81.11
19336,2018-05-08,19.0,95.0,40.0,71.67
19337,2018-05-08,20.0,87.22,13.33,36.11
19338,2018-05-08,21.0,30.0,10.0,30.0
19339,2018-05-09,9.0,75.0,10.0,5.0
19342,2018-05-09,10.0,,10.0,5.0
19343,2018-05-09,11.0,,20.0,
19344,2018-05-09,12.0,,25.0,
19340,2018-05-09,13.0,75.0,35.0,
19341,2018-05-09,16.0,80.0,20.0,
19346,2018-05-09,18.0,,,70.0
19345,2018-05-09,19.0,,25.0,
19351,2018-05-10,9.0,,7.5,5.0
19353,2018-05-10,10.0,,,31.67
19347,2018-05-10,11.0,70.0,47.5,
19354,2018-05-10,14.0,,,70.0
19348,2018-05-10,15.0,95.0,,80.0
19352,2018-05-10,17.0,,30.0,
19349,2018-05-10,18.0,65.0,27.5,
19350,2018-05-10,19.0,85.0,,
19358,2018-05-11,9.0,,35.0,20.0
19359,2018-05-11,10.0,,30.0,
19361,2018-05-11,11.0,,,55.0
19355,2018-05-11,12.0,120.0,,67.5
19360,2018-05-11,13.0,,45.0,
19362,2018-05-11,16.0,,,45.0
19356,2018-05-11,19.0,77.5,,
19357,2018-05-11,20.0,75.0,,
19363,2018-05-11,21.0,,,25.0
19364,2018-05-12,10.0,110.0,55.0,
19365,2018-05-12,14.0,110.0,,
19372,2018-05-12,15.0,,,62.5
19369,2018-05-12,16.0,,50.0,
19370,2018-05-12,17.0,,47.5,
19366,2018-05-12,18.0,135.0,45.0,
19373,2018-05-12,19.0,,,70.0
19367,2018-05-12,20.0,105.0,,
19368,2018-05-12,21.0,90.0,25.0,35.0
19371,2018-05-12,22.0,,40.0,
19374,2018-05-13,9.0,65.0,15.0,
19375,2018-05-13,10.0,80.0,25.56,25.0
19376,2018-05-13,11.0,70.5,40.0,33.89
19377,2018-05-13,12.0,77.5,40.56,63.85
19378,2018-05-13,13.0,99.44,43.33,89.0
19379,2018-05-13,14.0,102.22,49.5,63.33
19380,2018-05-13,15.0,136.67,36.43,49.44
19381,2018-05-13,16.0,125.62,43.75,50.0
19382,2018-05-13,17.0,64.17,30.0,26.67
19383,2018-05-13,18.0,96.11,25.0,31.11
19384,2018-05-13,19.0,71.67,23.33,28.33
19385,2018-05-13,20.0,67.78,16.67,17.78
19386,2018-05-13,21.0,51.82,5.56,5.56
19387,2018-05-13,22.0,45.0,5.0,5.0
19389,2018-05-14,9.0,60.0,6.5,5.56
19402,2018-05-14,10.0,,11.36,21.0
19390,2018-05-14,11.0,60.0,30.56,21.11
19391,2018-05-14,12.0,70.0,43.89,37.22
19392,2018-05-14,13.0,78.89,32.78,42.5
19393,2018-05-14,14.0,91.36,38.89,45.56
19394,2018-05-14,15.0,138.33,40.56,40.56
19395,2018-05-14,16.0,160.56,28.33,38.0
19396,2018-05-14,17.0,122.78,29.0,36.11
19397,2018-05-14,18.0,56.0,23.89,36.11
19398,2018-05-14,19.0,78.33,17.22,25.5
19399,2018-05-14,20.0,69.44,17.78,13.89
19400,2018-05-14,21.0,53.33,8.89,5.0
19405,2018-05-15,9.0,40.5,7.14,9.38
19406,2018-05-15,10.0,67.73,15.45,28.33
19407,2018-05-15,11.0,97.22,44.5,60.0
19408,2018-05-15,12.0,116.67,56.67,63.33
19409,2018-05-15,13.0,136.67,48.0,91.67
19410,2018-05-15,14.0,121.67,40.56,69.44
19411,2018-05-15,15.0,79.0,50.56,70.0
19412,2018-05-15,16.0,90.0,50.0,44.0
19413,2018-05-15,17.0,83.89,49.44,46.67
19414,2018-05-15,18.0,81.67,31.67,40.0
19415,2018-05-15,19.0,97.22,34.44,20.56
19416,2018-05-15,20.0,96.11,35.0,17.22
19417,2018-05-15,21.0,52.22,8.89,5.0
19419,2018-05-16,9.0,80.62,11.88,6.67
19420,2018-05-16,10.0,85.0,35.56,52.78
19421,2018-05-16,11.0,93.33,49.44,81.11
19422,2018-05-16,12.0,96.11,36.67,63.33
19423,2018-05-16,13.0,107.78,33.33,82.22
19424,2018-05-16,14.0,108.89,45.0,90.56
19425,2018-05-16,15.0,76.11,43.89,63.33
19426,2018-05-16,16.0,95.56,44.44,50.5
19427,2018-05-16,17.0,82.27,38.33,45.5
19428,2018-05-16,18.0,65.0,43.5,57.5
19429,2018-05-16,19.0,87.5,25.56,20.0
19430,2018-05-16,20.0,45.0,12.22,17.5
19433,2018-05-16,21.0,,6.11,15.0
19435,2018-05-17,9.0,72.0,5.0,5.0
19436,2018-05-17,10.0,68.89,13.5,18.89
19437,2018-05-17,11.0,62.78,45.0,37.78
19438,2018-05-17,12.0,93.89,56.11,68.33
19439,2018-05-17,13.0,101.5,41.67,90.0
19440,2018-05-17,14.0,63.33,31.67,46.67
19441,2018-05-17,15.0,64.5,30.0,23.33
19442,2018-05-17,16.0,70.56,21.11,27.22
19443,2018-05-17,17.0,72.0,16.11,28.5
19444,2018-05-17,18.0,70.56,10.0,24.0
19445,2018-05-17,19.0,68.89,8.89,16.5
19446,2018-05-17,20.0,77.73,5.0,10.0
19447,2018-05-17,21.0,36.11,5.0,5.0
19451,2018-05-18,9.0,75.0,19.5,27.31
19452,2018-05-18,10.0,65.0,42.78,55.56
19453,2018-05-18,11.0,73.33,47.78,73.33
19454,2018-05-18,12.0,113.89,48.33,68.33
19455,2018-05-18,13.0,112.22,43.18,72.22
19456,2018-05-18,14.0,107.78,52.22,81.11
19457,2018-05-18,15.0,111.67,40.0,74.44
19458,2018-05-18,16.0,103.33,41.67,73.0
19459,2018-05-18,17.0,90.71,38.89,84.17
19460,2018-05-18,18.0,90.0,44.09,60.0
19461,2018-05-18,19.0,80.0,23.89,43.33
19462,2018-05-18,20.0,65.56,19.44,32.22
19463,2018-05-18,21.0,40.0,10.0,12.78
19465,2018-05-19,8.0,45.0,5.0,5.0
19466,2018-05-19,9.0,62.22,9.17,8.64
19467,2018-05-19,10.0,85.0,22.73,36.11
19468,2018-05-19,11.0,96.5,47.78,76.67
19469,2018-05-19,12.0,105.56,41.67,60.56
19470,2018-05-19,13.0,105.0,46.25,77.5
19478,2018-05-19,14.0,,70.0,
19479,2018-05-19,15.0,,29.0,26.25
19480,2018-05-19,16.0,,49.44,45.0
19471,2018-05-19,17.0,100.0,33.89,32.22
19472,2018-05-19,18.0,70.0,15.56,43.33
19473,2018-05-19,19.0,78.33,13.5,27.0
19474,2018-05-19,20.0,96.5,15.0,8.5
19475,2018-05-19,21.0,58.33,11.11,5.0
19476,2018-05-19,22.0,51.67,16.67,7.5
19497,2018-05-20,9.0,,5.0,5.0
19484,2018-05-20,10.0,95.0,12.5,22.22
19485,2018-05-20,11.0,106.11,25.91,27.5
19486,2018-05-20,12.0,117.78,31.0,29.44
19487,2018-05-20,13.0,101.11,31.11,32.78
19488,2018-05-20,14.0,79.44,36.67,34.0
19489,2018-05-20,15.0,101.67,23.33,28.89
19490,2018-05-20,16.0,116.11,17.22,23.33
19491,2018-05-20,17.0,105.0,12.78,30.0
19492,2018-05-20,18.0,71.11,9.44,28.89
19493,2018-05-20,19.0,78.33,10.0,21.11
19494,2018-05-20,20.0,69.44,6.11,10.56
19495,2018-05-20,21.0,36.0,5.0,5.0
19498,2018-05-21,9.0,61.88,8.75,10.0
19499,2018-05-21,10.0,65.0,31.5,42.0
19500,2018-05-21,11.0,85.56,45.0,51.5
19501,2018-05-21,12.0,97.22,42.22,45.0
19502,2018-05-21,13.0,105.0,46.67,57.5
19503,2018-05-21,14.0,106.11,46.67,68.89
19504,2018-05-21,15.0,100.0,52.22,61.0
19505,2018-05-21,16.0,107.5,31.67,40.0
19506,2018-05-21,17.0,100.0,37.78,48.89
19507,2018-05-21,18.0,83.75,27.5,45.0
19508,2018-05-21,19.0,91.67,26.5,40.56
19509,2018-05-21,20.0,84.0,13.89,32.78
19510,2018-05-21,21.0,51.67,5.0,10.0
19514,2018-05-22,9.0,69.09,,10.0
19515,2018-05-22,10.0,72.22,23.33,37.78
19516,2018-05-22,11.0,65.56,29.0,43.33
19517,2018-05-22,12.0,113.33,50.5,60.56
19518,2018-05-22,13.0,120.0,55.0,58.89
19519,2018-05-22,14.0,87.22,45.0,58.89
19520,2018-05-22,15.0,71.67,41.67,46.67
19521,2018-05-22,16.0,92.22,38.33,61.67
19522,2018-05-22,17.0,99.44,37.22,59.44
19523,2018-05-22,18.0,73.89,47.78,43.89
19524,2018-05-22,19.0,62.22,28.33,35.0
19525,2018-05-22,20.0,61.11,22.78,29.44
19526,2018-05-22,21.0,46.67,5.0,7.78
19528,2018-05-23,9.0,83.33,6.0,15.0
19529,2018-05-23,10.0,95.0,31.36,46.11
19530,2018-05-23,11.0,114.44,45.56,53.5
19531,2018-05-23,12.0,105.0,48.5,76.67
19532,2018-05-23,13.0,86.67,46.11,68.89
19533,2018-05-23,14.0,106.11,42.22,103.33
19534,2018-05-23,15.0,107.78,39.44,92.5
19535,2018-05-23,16.0,115.5,30.5,52.5
19536,2018-05-23,17.0,93.33,36.11,69.5
19537,2018-05-23,18.0,86.11,32.22,79.44
19538,2018-05-23,19.0,101.67,30.0,67.22
19539,2018-05-23,20.0,84.44,28.33,55.5
19540,2018-05-23,21.0,57.0,15.0,43.89
19545,2018-05-24,9.0,80.0,9.5,5.0
19546,2018-05-24,10.0,114.44,23.89,31.11
19547,2018-05-24,11.0,70.56,42.22,42.86
19548,2018-05-24,12.0,91.67,44.44,
19549,2018-05-24,13.0,102.78,44.5,42.5
19550,2018-05-24,14.0,116.11,40.0,56.0
19551,2018-05-24,15.0,105.0,41.11,
19552,2018-05-24,16.0,126.67,33.89,
19553,2018-05-24,17.0,100.0,26.11,61.43
19554,2018-05-24,18.0,82.22,40.0,77.78
19555,2018-05-24,19.0,75.0,17.14,74.44
19556,2018-05-24,20.0,90.0,25.0,62.78
19557,2018-05-24,21.0,58.33,9.38,27.22
19558,2018-05-24,22.0,63.33,6.67,17.78
19561,2018-05-25,9.0,88.0,13.89,20.0
19562,2018-05-25,10.0,100.56,27.5,71.36
19563,2018-05-25,11.0,98.33,40.5,63.33
19564,2018-05-25,12.0,102.22,39.0,65.56
19565,2018-05-25,13.0,87.78,39.44,65.56
19566,2018-05-25,14.0,89.0,41.11,58.33
19567,2018-05-25,15.0,100.0,26.11,50.0
19568,2018-05-25,16.0,113.33,30.56,60.56
19569,2018-05-25,17.0,107.78,32.78,71.11
19570,2018-05-25,18.0,89.23,23.0,57.78
19571,2018-05-25,19.0,85.45,22.78,44.44
19572,2018-05-25,20.0,86.67,13.89,35.56
19573,2018-05-25,21.0,70.0,8.89,17.5
19574,2018-05-25,22.0,47.78,10.0,19.44
19577,2018-05-26,8.0,53.5,5.56,5.56
19578,2018-05-26,9.0,77.0,18.5,17.78
19579,2018-05-26,10.0,57.78,26.5,32.78
19580,2018-05-26,11.0,90.91,43.0,68.89
19581,2018-05-26,12.0,138.33,44.44,90.0
19582,2018-05-26,13.0,118.33,45.56,84.44
19583,2018-05-26,14.0,128.75,45.56,78.33
19592,2018-05-26,15.0,,43.89,68.89
19584,2018-05-26,16.0,110.83,50.56,80.0
19585,2018-05-26,17.0,140.0,45.0,76.11
19586,2018-05-26,18.0,132.78,38.33,66.67
19587,2018-05-26,19.0,139.44,32.78,60.0
19588,2018-05-26,20.0,117.78,28.33,61.67
19589,2018-05-26,21.0,96.67,12.22,25.0
19590,2018-05-26,22.0,91.67,10.56,31.67
19595,2018-05-27,8.0,58.5,5.0,5.0
19596,2018-05-27,9.0,55.0,10.91,13.89
19610,2018-05-27,10.0,,16.67,46.11
19597,2018-05-27,11.0,68.12,26.67,61.67
19598,2018-05-27,12.0,103.89,36.67,55.56
19599,2018-05-27,13.0,120.0,41.11,57.22
19600,2018-05-27,14.0,147.78,46.0,68.33
19601,2018-05-27,15.0,110.0,43.5,58.89
19602,2018-05-27,16.0,120.0,34.44,63.33
19603,2018-05-27,17.0,120.0,33.33,55.56
19604,2018-05-27,18.0,154.5,36.11,47.78
19605,2018-05-27,19.0,133.5,40.56,52.22
19606,2018-05-27,20.0,91.67,27.78,70.56
19607,2018-05-27,21.0,80.0,9.0,65.0
19608,2018-05-27,22.0,100.0,16.67,53.89
19612,2018-05-28,9.0,53.89,11.36,
19613,2018-05-28,10.0,99.44,15.0,63.12
19614,2018-05-28,11.0,82.22,37.78,55.45
19615,2018-05-28,12.0,71.36,31.11,71.11
19616,2018-05-28,13.0,120.0,36.67,79.44
19617,2018-05-28,14.0,101.11,35.0,101.67
19618,2018-05-28,15.0,98.57,25.56,58.89
19619,2018-05-28,16.0,93.0,36.36,72.78
19620,2018-05-28,17.0,113.33,26.0,54.44
19621,2018-05-28,18.0,117.78,22.78,47.22
19622,2018-05-28,19.0,106.67,20.0,41.67
19623,2018-05-28,20.0,75.56,11.0,37.78
19624,2018-05-28,21.0,52.78,5.0,17.78
19625,2018-05-28,22.0,58.89,9.44,23.0
19627,2018-05-29,8.0,78.75,5.0,8.57
19628,2018-05-29,9.0,76.67,10.0,27.92
19640,2018-05-29,10.0,,32.0,64.44
19641,2018-05-29,11.0,,52.22,78.33
19629,2018-05-29,12.0,120.0,45.0,100.56
19630,2018-05-29,13.0,118.33,52.78,140.0
19631,2018-05-29,14.0,120.0,57.0,128.89
19632,2018-05-29,15.0,132.78,38.33,55.0
19633,2018-05-29,16.0,141.5,32.78,66.67
19634,2018-05-29,17.0,103.33,36.11,57.78
19635,2018-05-29,18.0,60.0,28.33,63.12
19642,2018-05-29,19.0,,28.0,56.11
19636,2018-05-29,20.0,80.0,25.0,45.56
19637,2018-05-29,21.0,87.78,6.11,23.33
19638,2018-05-29,22.0,56.11,5.0,21.11
19644,2018-05-30,8.0,30.0,5.0,7.5
19656,2018-05-30,9.0,,10.0,18.89
19657,2018-05-30,10.0,,43.33,
19645,2018-05-30,11.0,162.0,49.44,
19646,2018-05-30,12.0,180.0,63.33,
19647,2018-05-30,13.0,155.0,51.11,50.62
19658,2018-05-30,14.0,,42.78,48.89
19659,2018-05-30,15.0,,27.78,70.56
19648,2018-05-30,16.0,173.33,42.22,72.78
19649,2018-05-30,17.0,144.44,33.33,60.56
19650,2018-05-30,18.0,165.56,55.0,85.0
19651,2018-05-30,19.0,95.5,27.14,90.56
19652,2018-05-30,20.0,124.0,55.0,55.56
19653,2018-05-30,21.0,82.27,20.0,41.11
19654,2018-05-30,22.0,81.67,25.0,55.5
19662,2018-05-31,9.0,110.0,16.25,37.5
19663,2018-05-31,10.0,154.44,36.5,59.44
19664,2018-05-31,11.0,106.11,45.0,78.33
19665,2018-05-31,12.0,96.67,49.44,97.0
19666,2018-05-31,13.0,108.0,46.67,109.0
19667,2018-05-31,14.0,108.57,45.0,87.86
19668,2018-05-31,15.0,113.57,46.11,58.89
19669,2018-05-31,16.0,136.11,37.0,74.44
19670,2018-05-31,17.0,144.5,43.89,82.22
19671,2018-05-31,18.0,109.44,33.89,95.0
19672,2018-05-31,19.0,107.78,37.0,70.0
19673,2018-05-31,20.0,87.73,22.27,47.78
19674,2018-05-31,21.0,55.62,8.0,30.56
19675,2018-05-31,22.0,65.56,8.5,34.44
19679,2018-06-01,8.0,71.0,8.33,15.0
19680,2018-06-01,9.0,58.46,20.83,32.22
19681,2018-06-01,10.0,105.0,30.56,68.33
19682,2018-06-01,11.0,110.56,41.11,67.22
19683,2018-06-01,12.0,105.0,44.0,86.5
19684,2018-06-01,13.0,147.5,45.56,103.89
19685,2018-06-01,14.0,133.89,41.5,102.22
19686,2018-06-01,15.0,110.0,50.5,87.78
19687,2018-06-01,16.0,107.78,42.22,85.0
19688,2018-06-01,17.0,98.89,40.5,81.67
19689,2018-06-01,18.0,82.22,33.33,52.78
19690,2018-06-01,19.0,86.67,31.0,65.0
19691,2018-06-01,20.0,80.5,29.44,59.44
19692,2018-06-01,21.0,63.33,13.89,30.0
19693,2018-06-01,22.0,67.5,11.11,5.0
19696,2018-06-02,8.0,56.36,5.5,5.0
19697,2018-06-02,9.0,55.0,10.45,28.12
19711,2018-06-02,10.0,,30.0,62.78
19698,2018-06-02,11.0,150.71,50.56,79.44
19699,2018-06-02,12.0,95.0,52.78,108.33
19700,2018-06-02,13.0,101.67,50.0,126.67
19701,2018-06-02,14.0,120.0,50.0,95.0
19702,2018-06-02,15.0,143.33,43.89,78.89
19703,2018-06-02,16.0,120.56,40.0,87.78
19704,2018-06-02,17.0,96.11,48.33,78.33
19705,2018-06-02,18.0,110.0,38.33,86.11
19706,2018-06-02,19.0,104.44,38.89,73.0
19707,2018-06-02,20.0,93.33,33.89,
19708,2018-06-02,21.0,76.11,17.27,43.33
19709,2018-06-02,22.0,73.89,20.56,60.0
19714,2018-06-03,8.0,30.0,13.89,8.89
19715,2018-06-03,9.0,78.89,25.77,27.5
19716,2018-06-03,10.0,70.0,43.33,55.5
19717,2018-06-03,11.0,113.33,48.5,76.11
19718,2018-06-03,12.0,131.67,40.0,77.22
19719,2018-06-03,13.0,115.5,45.91,61.82
19720,2018-06-03,14.0,101.5,46.5,86.5
19721,2018-06-03,15.0,102.22,40.5,63.33
19722,2018-06-03,16.0,111.82,35.5,47.5
19723,2018-06-03,17.0,126.11,33.18,47.22
19724,2018-06-03,18.0,88.5,34.44,48.33
19725,2018-06-03,19.0,96.67,40.56,47.78
19726,2018-06-03,20.0,88.5,27.0,40.56
19727,2018-06-03,21.0,58.0,10.56,20.56
19728,2018-06-03,22.0,57.22,10.5,18.89
19730,2018-06-04,8.0,73.75,10.0,5.0
19731,2018-06-04,9.0,76.67,18.18,18.5
19732,2018-06-04,10.0,87.5,46.25,81.11
19733,2018-06-04,11.0,116.5,46.67,85.0
19734,2018-06-04,12.0,126.67,46.67,111.67
19735,2018-06-04,13.0,135.56,54.09,115.0
19736,2018-06-04,14.0,88.33,33.33,107.78
19737,2018-06-04,15.0,88.12,32.22,58.89
19738,2018-06-04,16.0,118.12,26.0,67.78
19739,2018-06-04,17.0,116.67,28.33,72.22
19740,2018-06-04,18.0,81.11,30.0,76.11
19741,2018-06-04,19.0,83.89,23.0,66.11
19742,2018-06-04,20.0,88.0,16.82,48.18
19743,2018-06-04,21.0,81.11,8.5,29.0
19744,2018-06-04,22.0,85.56,13.0,35.0
19747,2018-06-05,9.0,71.25,10.0,20.0
19748,2018-06-05,10.0,115.0,42.08,45.0
19749,2018-06-05,11.0,118.33,46.67,79.44
19750,2018-06-05,12.0,100.0,65.0,100.56
19751,2018-06-05,13.0,124.44,53.89,95.56
19752,2018-06-05,14.0,126.67,47.78,94.44
19753,2018-06-05,15.0,139.44,45.0,80.56
19754,2018-06-05,16.0,126.11,32.22,84.44
19755,2018-06-05,17.0,119.44,39.44,106.67
19756,2018-06-05,18.0,126.88,43.0,95.0
19757,2018-06-05,19.0,124.44,37.69,107.5
19758,2018-06-05,20.0,71.67,31.5,73.0
19759,2018-06-05,21.0,65.56,8.0,45.0
19760,2018-06-05,22.0,61.82,5.0,32.78
19762,2018-06-06,8.0,82.5,5.0,6.25
19763,2018-06-06,9.0,73.33,18.64,10.0
19764,2018-06-06,10.0,97.22,42.5,61.25
19765,2018-06-06,11.0,102.0,51.5,93.89
19766,2018-06-06,12.0,97.78,53.89,114.5
19767,2018-06-06,13.0,120.0,47.5,95.5
19768,2018-06-06,14.0,120.0,45.5,83.33
19769,2018-06-06,15.0,94.0,39.44,64.44
19770,2018-06-06,16.0,118.89,36.67,87.78
19771,2018-06-06,17.0,119.44,44.55,96.11
19772,2018-06-06,18.0,100.0,43.89,73.89
19773,2018-06-06,19.0,120.0,36.67,76.5
19774,2018-06-06,20.0,113.89,25.5,73.89
19775,2018-06-06,21.0,70.56,11.5,48.89
19776,2018-06-06,22.0,80.0,21.36,44.5
19780,2018-06-07,8.0,50.0,5.62,8.12
19781,2018-06-07,9.0,58.33,15.45,28.5
19782,2018-06-07,10.0,98.18,36.36,63.0
19783,2018-06-07,11.0,112.78,49.0,53.0
19784,2018-06-07,12.0,94.44,40.0,52.08
19785,2018-06-07,13.0,73.33,42.22,107.78
19786,2018-06-07,14.0,107.78,38.33,93.5
19787,2018-06-07,15.0,106.11,29.0,96.11
19788,2018-06-07,16.0,79.5,30.0,65.56
19789,2018-06-07,17.0,90.0,24.23,68.33
19790,2018-06-07,18.0,110.0,34.0,51.25
19791,2018-06-07,19.0,91.11,12.78,35.0
19792,2018-06-07,20.0,62.78,8.33,
19793,2018-06-07,21.0,60.56,6.0,
19794,2018-06-07,22.0,56.11,7.78,15.62
19797,2018-06-08,9.0,83.0,32.27,33.5
19798,2018-06-08,10.0,95.0,56.25,37.14
19799,2018-06-08,11.0,78.5,52.78,79.0
19800,2018-06-08,12.0,107.22,52.22,100.0
19801,2018-06-08,13.0,112.78,41.11,101.11
19802,2018-06-08,14.0,82.5,38.33,89.0
19803,2018-06-08,15.0,78.89,35.0,63.33
19804,2018-06-08,16.0,100.0,41.36,70.0
19805,2018-06-08,17.0,,24.44,46.43
19806,2018-06-08,18.0,,26.11,61.5
19807,2018-06-08,19.0,,25.56,47.78
19808,2018-06-08,20.0,,18.5,49.5
19809,2018-06-08,21.0,,10.0,25.56
19810,2018-06-08,22.0,,8.5,35.0
19812,2018-06-09,9.0,100.0,15.0,18.12
19813,2018-06-09,10.0,100.0,26.5,40.56
19814,2018-06-09,11.0,119.44,47.78,82.78
19815,2018-06-09,12.0,125.56,39.5,68.33
19816,2018-06-09,13.0,135.56,41.11,91.11
19817,2018-06-09,14.0,133.33,42.22,86.11
19818,2018-06-09,15.0,107.22,42.78,63.5
19819,2018-06-09,16.0,117.86,37.78,99.44
19820,2018-06-09,17.0,111.11,38.0,88.89
19821,2018-06-09,18.0,88.89,31.67,96.11
19822,2018-06-09,19.0,80.0,32.78,82.22
19823,2018-06-09,20.0,125.56,26.67,41.11
19824,2018-06-09,21.0,91.67,9.44,43.89
19825,2018-06-09,22.0,59.38,20.0,38.33
19830,2018-06-10,9.0,76.67,16.0,22.78
19831,2018-06-10,10.0,99.44,42.92,59.5
19832,2018-06-10,11.0,103.89,46.82,60.0
19833,2018-06-10,12.0,90.0,45.5,75.56
19834,2018-06-10,13.0,112.22,40.91,77.78
19835,2018-06-10,14.0,117.5,53.33,74.44
19836,2018-06-10,15.0,123.12,37.22,84.44
19837,2018-06-10,16.0,100.0,34.44,94.44
19838,2018-06-10,17.0,98.89,33.89,73.5
19839,2018-06-10,18.0,102.86,35.56,67.86
19843,2018-06-10,19.0,,32.22,56.67
19840,2018-06-10,20.0,114.44,26.11,58.89
19841,2018-06-10,21.0,72.22,12.78,40.0
19845,2018-06-11,8.0,71.67,5.0,
19846,2018-06-11,9.0,72.22,13.5,
19847,2018-06-11,10.0,97.5,45.0,
19848,2018-06-11,11.0,105.0,61.67,40.0
19849,2018-06-11,12.0,107.5,56.67,
19850,2018-06-11,13.0,118.89,69.44,
19851,2018-06-11,14.0,120.0,62.78,
19852,2018-06-11,15.0,126.11,38.33,108.12
19853,2018-06-11,16.0,136.11,37.22,116.67
19854,2018-06-11,17.0,118.33,46.11,116.67
19855,2018-06-11,18.0,176.25,44.44,86.67
19856,2018-06-11,19.0,123.33,38.89,72.0
19857,2018-06-11,20.0,126.11,28.12,81.11
19858,2018-06-11,21.0,95.0,10.62,42.22
19859,2018-06-11,22.0,73.89,,27.22
19863,2018-06-12,9.0,72.22,14.44,20.0
19864,2018-06-12,10.0,120.0,38.89,63.33
19865,2018-06-12,11.0,119.44,45.56,61.11
19866,2018-06-12,12.0,151.11,59.44,93.33
19867,2018-06-12,13.0,111.88,80.0,118.89
19868,2018-06-12,14.0,113.89,47.14,97.78
19869,2018-06-12,15.0,118.89,53.89,96.11
19870,2018-06-12,16.0,124.44,42.78,82.22
19871,2018-06-12,17.0,122.22,56.67,73.89
19872,2018-06-12,18.0,86.67,41.11,77.22
19873,2018-06-12,19.0,103.75,45.56,62.78
19874,2018-06-12,20.0,130.0,27.78,64.44
19875,2018-06-12,21.0,107.31,13.89,47.22
19876,2018-06-12,22.0,51.11,13.33,27.5
19879,2018-06-13,8.0,30.0,7.22,8.75
19880,2018-06-13,9.0,65.71,17.08,32.5
19881,2018-06-13,10.0,102.0,46.67,62.5
19882,2018-06-13,11.0,105.56,45.45,98.33
19883,2018-06-13,12.0,118.33,41.67,104.44
19884,2018-06-13,13.0,121.67,47.78,96.67
19885,2018-06-13,14.0,125.0,50.91,84.44
19886,2018-06-13,15.0,90.0,33.89,80.0
19887,2018-06-13,16.0,78.75,43.89,78.75
19893,2018-06-13,17.0,,44.0,
19894,2018-06-13,18.0,,42.22,43.0
19888,2018-06-13,19.0,108.0,34.0,74.44
19889,2018-06-13,20.0,120.0,25.45,77.22
19890,2018-06-13,21.0,100.56,16.67,36.67
19891,2018-06-13,22.0,91.67,25.0,71.82
19897,2018-06-14,9.0,75.0,9.5,23.0
19898,2018-06-14,10.0,77.0,33.0,61.11
19899,2018-06-14,11.0,110.5,58.33,90.0
19900,2018-06-14,12.0,106.36,52.78,79.44
19901,2018-06-14,13.0,132.22,76.67,105.0
19902,2018-06-14,14.0,126.11,61.5,
19903,2018-06-14,15.0,106.67,41.11,79.0
19904,2018-06-14,16.0,97.5,38.89,84.0
19905,2018-06-14,17.0,140.0,49.44,105.0
19906,2018-06-14,18.0,120.0,40.5,105.0
19907,2018-06-14,19.0,140.0,35.0,67.86
19908,2018-06-14,20.0,137.5,26.88,90.0
19909,2018-06-14,21.0,73.33,5.5,44.44
19910,2018-06-14,22.0,58.33,5.0,41.5
19913,2018-06-15,9.0,86.11,23.89,41.25
19914,2018-06-15,10.0,92.5,40.0,108.89
19915,2018-06-15,11.0,94.44,51.11,81.11
19916,2018-06-15,12.0,108.89,53.89,99.44
19917,2018-06-15,13.0,91.11,48.57,95.56
19918,2018-06-15,14.0,101.25,52.22,99.0
19919,2018-06-15,15.0,117.78,32.78,85.56
19920,2018-06-15,16.0,109.44,33.89,91.67
19921,2018-06-15,17.0,104.44,33.89,100.56
19922,2018-06-15,18.0,100.0,36.11,88.33
19923,2018-06-15,19.0,111.0,37.5,54.44
19924,2018-06-15,20.0,87.78,,67.22
19925,2018-06-15,21.0,71.67,,38.18
19926,2018-06-15,22.0,60.0,15.71,37.22
19928,2018-06-16,9.0,88.57,15.0,15.0
19929,2018-06-16,10.0,116.88,22.27,42.08
19930,2018-06-16,11.0,105.0,53.89,77.5
19931,2018-06-16,12.0,100.5,51.11,91.11
19932,2018-06-16,13.0,118.89,51.11,85.0
19933,2018-06-16,14.0,126.0,46.67,99.0
19934,2018-06-16,15.0,140.0,63.33,98.33
19935,2018-06-16,16.0,108.33,42.22,94.0
19936,2018-06-16,17.0,135.0,52.22,102.5
19937,2018-06-16,18.0,102.5,40.0,96.43
19938,2018-06-16,19.0,128.33,35.56,82.78
19939,2018-06-16,20.0,118.33,31.11,63.89
19940,2018-06-16,21.0,85.0,15.0,46.11
19941,2018-06-16,22.0,53.33,15.0,32.73
19945,2018-06-17,9.0,115.0,18.75,
19946,2018-06-17,10.0,82.08,40.42,47.86
19947,2018-06-17,11.0,88.89,44.0,79.5
19948,2018-06-17,12.0,97.0,49.0,82.5
19949,2018-06-17,13.0,96.11,40.0,98.89
19950,2018-06-17,14.0,102.78,34.17,77.5
19951,2018-06-17,15.0,103.89,31.11,63.5
19952,2018-06-17,16.0,77.5,36.5,72.22
19953,2018-06-17,17.0,80.0,26.0,67.5
19954,2018-06-17,18.0,126.25,28.0,60.0
19955,2018-06-17,19.0,96.0,21.5,63.33
19956,2018-06-17,20.0,105.0,18.89,58.89
19957,2018-06-17,21.0,55.0,9.44,25.83
19959,2018-06-18,9.0,66.67,11.67,9.0
19960,2018-06-18,10.0,88.12,37.5,46.0
19961,2018-06-18,11.0,111.11,51.11,77.78
19962,2018-06-18,12.0,134.44,56.11,94.44
19963,2018-06-18,13.0,143.89,57.22,104.44
19964,2018-06-18,14.0,116.11,53.89,119.44
19965,2018-06-18,15.0,116.67,47.78,111.11
19966,2018-06-18,16.0,111.67,47.22,78.33
19967,2018-06-18,17.0,101.67,38.33,81.67
19968,2018-06-18,18.0,95.56,44.44,91.67
19969,2018-06-18,19.0,95.0,33.33,65.0
19970,2018-06-18,20.0,110.56,23.89,67.22
19971,2018-06-18,21.0,79.5,20.0,28.89
19972,2018-06-18,22.0,60.0,10.0,31.67
19974,2018-06-19,9.0,65.91,18.12,17.5
19975,2018-06-19,10.0,101.67,22.5,62.0
19976,2018-06-19,11.0,131.11,60.0,76.36
19977,2018-06-19,12.0,150.0,68.33,110.56
19978,2018-06-19,13.0,163.18,,119.5
19979,2018-06-19,14.0,134.17,40.0,116.0
19988,2018-06-19,15.0,,43.0,101.67
19980,2018-06-19,16.0,120.0,59.44,88.33
19981,2018-06-19,17.0,120.0,52.78,97.78
19982,2018-06-19,18.0,120.0,51.11,100.56
19983,2018-06-19,19.0,120.0,47.22,91.67
19984,2018-06-19,20.0,120.0,28.89,58.33
19985,2018-06-19,21.0,80.0,8.89,38.33
19986,2018-06-19,22.0,90.0,9.44,37.78
19989,2018-06-20,9.0,90.56,9.44,20.0
19990,2018-06-20,10.0,82.78,26.67,67.08
19991,2018-06-20,11.0,100.0,60.56,86.67
19992,2018-06-20,12.0,137.5,40.0,98.33
19993,2018-06-20,13.0,131.11,59.44,105.0
19994,2018-06-20,14.0,83.33,50.56,121.11
19995,2018-06-20,15.0,120.0,48.89,123.89
19996,2018-06-20,16.0,120.56,42.22,90.56
19997,2018-06-20,17.0,140.0,56.11,100.0
19998,2018-06-20,18.0,135.71,52.78,95.0
19999,2018-06-20,19.0,131.0,50.56,111.11
20000,2018-06-20,20.0,115.0,31.67,98.33
20001,2018-06-20,21.0,93.33,18.33,58.89
20002,2018-06-20,22.0,93.33,37.22,61.0
20006,2018-06-21,9.0,75.0,16.67,25.0
20007,2018-06-21,10.0,136.82,31.36,47.73
20008,2018-06-21,11.0,103.89,50.0,81.11
20009,2018-06-21,12.0,98.89,49.17,63.33
20010,2018-06-21,13.0,106.11,60.56,103.89
20011,2018-06-21,14.0,119.0,59.5,87.78
20012,2018-06-21,15.0,112.22,44.44,87.78
20013,2018-06-21,16.0,106.67,52.22,113.33
20014,2018-06-21,17.0,121.11,46.11,98.89
20015,2018-06-21,18.0,126.11,39.44,68.89
20016,2018-06-21,19.0,97.22,36.67,74.44
20017,2018-06-21,20.0,96.0,,76.11
20018,2018-06-21,21.0,69.44,,42.22
20019,2018-06-21,22.0,55.0,,45.0
20023,2018-06-22,9.0,85.0,5.0,36.36
20024,2018-06-22,10.0,93.89,40.0,53.33
20025,2018-06-22,11.0,108.0,66.11,79.0
20026,2018-06-22,12.0,123.5,61.67,101.11
20027,2018-06-22,13.0,126.67,58.33,96.11
20028,2018-06-22,14.0,112.22,57.22,79.44
20029,2018-06-22,15.0,107.22,46.11,80.0
20030,2018-06-22,16.0,115.0,42.22,77.5
20031,2018-06-22,17.0,122.5,49.55,60.0
20032,2018-06-22,18.0,125.0,42.5,81.5
20033,2018-06-22,19.0,120.5,35.0,88.89
20034,2018-06-22,20.0,88.89,33.33,93.89
20035,2018-06-22,21.0,85.0,12.14,31.11
20036,2018-06-22,22.0,80.56,13.75,53.0
20039,2018-06-23,8.0,81.0,5.0,6.67
20040,2018-06-23,9.0,61.11,10.0,30.0
20041,2018-06-23,10.0,112.5,35.0,57.22
20042,2018-06-23,11.0,121.67,51.11,108.5
20043,2018-06-23,12.0,140.0,59.09,111.67
20044,2018-06-23,13.0,155.0,62.22,80.0
20045,2018-06-23,14.0,180.0,61.0,82.78
20046,2018-06-23,15.0,135.71,57.22,97.86
20054,2018-06-23,16.0,,65.5,
20047,2018-06-23,17.0,127.86,61.11,74.38
20048,2018-06-23,18.0,131.25,47.22,86.25
20049,2018-06-23,19.0,135.0,58.0,56.25
20050,2018-06-23,20.0,138.5,36.67,71.11
20051,2018-06-23,21.0,93.89,22.22,50.5
20052,2018-06-23,22.0,69.44,29.44,44.44
20058,2018-06-24,9.0,65.0,6.25,24.09
20059,2018-06-24,10.0,91.11,35.83,87.78
20060,2018-06-24,11.0,101.0,49.44,96.0
20061,2018-06-24,12.0,113.89,43.89,58.89
20062,2018-06-24,13.0,106.67,48.89,91.67
20063,2018-06-24,14.0,115.0,50.56,102.78
20064,2018-06-24,15.0,120.0,37.86,92.14
20065,2018-06-24,17.0,45.0,45.56,15.0
20066,2018-06-24,18.0,101.25,44.44,36.25
20067,2018-06-24,19.0,102.78,38.33,61.67
20068,2018-06-24,20.0,100.0,31.11,54.0
20069,2018-06-24,21.0,83.33,17.22,24.44
20070,2018-06-24,22.0,72.0,27.22,37.5
20088,2018-06-25,8.0,,5.0,7.5
20073,2018-06-25,9.0,99.0,12.22,35.0
20074,2018-06-25,10.0,82.78,40.56,64.44
20075,2018-06-25,11.0,83.89,53.89,113.89
20076,2018-06-25,12.0,121.43,57.22,148.89
20077,2018-06-25,13.0,143.12,58.89,106.67
20078,2018-06-25,14.0,139.38,55.56,101.11
20079,2018-06-25,15.0,150.0,46.25,95.56
20080,2018-06-25,16.0,110.0,,123.33
20081,2018-06-25,17.0,117.22,38.57,125.0
20082,2018-06-25,18.0,126.11,50.0,88.89
20083,2018-06-25,19.0,116.67,45.56,65.0
20084,2018-06-25,20.0,98.33,38.89,55.0
20085,2018-06-25,21.0,66.11,21.11,29.44
20086,2018-06-25,22.0,68.12,29.44,44.44
20089,2018-06-26,8.0,66.67,8.12,10.0
20090,2018-06-26,9.0,88.33,14.55,23.5
20091,2018-06-26,10.0,93.33,34.5,73.89
20092,2018-06-26,11.0,125.0,52.78,80.0
20093,2018-06-26,12.0,146.0,53.0,107.22
20094,2018-06-26,13.0,121.11,,105.45
20095,2018-06-26,14.0,110.0,53.12,126.82
20096,2018-06-26,15.0,120.0,60.0,127.5
20097,2018-06-26,16.0,136.11,61.67,112.78
20098,2018-06-26,17.0,120.0,59.5,98.33
20099,2018-06-26,18.0,112.78,44.44,88.89
20100,2018-06-26,19.0,117.22,45.0,68.89
20101,2018-06-26,20.0,143.33,28.0,53.33
20102,2018-06-26,21.0,98.33,7.22,22.22
20103,2018-06-26,22.0,60.83,5.0,25.0
20105,2018-06-27,8.0,66.67,6.88,12.5
20106,2018-06-27,9.0,63.33,11.67,45.42
20107,2018-06-27,10.0,86.67,38.64,68.89
20108,2018-06-27,11.0,101.67,53.0,80.5
20109,2018-06-27,12.0,111.67,55.0,110.0
20110,2018-06-27,13.0,120.0,47.78,95.56
20111,2018-06-27,14.0,128.89,47.22,103.89
20112,2018-06-27,15.0,104.44,41.0,98.33
20113,2018-06-27,16.0,101.67,31.11,74.44
20114,2018-06-27,17.0,108.33,36.11,76.11
20115,2018-06-27,18.0,94.5,40.0,86.11
20116,2018-06-27,19.0,101.0,52.0,96.11
20117,2018-06-27,20.0,114.44,38.89,63.33
20118,2018-06-27,21.0,118.33,13.0,42.22
20119,2018-06-27,22.0,101.25,25.45,45.0
20123,2018-06-28,8.0,76.25,5.0,9.38
20124,2018-06-28,9.0,80.0,20.0,31.11
20125,2018-06-28,10.0,82.22,20.0,58.89
20126,2018-06-28,11.0,77.22,,95.56
20127,2018-06-28,12.0,103.89,52.5,108.33
20128,2018-06-28,13.0,103.89,50.0,111.67
20129,2018-06-28,14.0,127.22,43.89,80.0
20130,2018-06-28,15.0,114.44,50.0,56.25
20131,2018-06-28,16.0,84.0,63.89,
20132,2018-06-28,17.0,136.11,44.44,76.25
20133,2018-06-28,18.0,118.89,46.67,116.67
20134,2018-06-28,19.0,140.56,44.44,109.44
20135,2018-06-28,20.0,86.11,33.33,96.11
20136,2018-06-28,21.0,61.11,12.22,42.22
20139,2018-06-29,9.0,84.0,5.0,43.33
20140,2018-06-29,10.0,90.0,25.0,58.89
20141,2018-06-29,11.0,106.67,44.58,90.0
20142,2018-06-29,12.0,120.0,56.5,109.5
20151,2018-06-29,13.0,,60.0,
20152,2018-06-29,14.0,,62.78,
20143,2018-06-29,15.0,120.0,40.56,64.38
20144,2018-06-29,16.0,130.56,43.89,66.88
20145,2018-06-29,17.0,160.0,33.89,
20146,2018-06-29,18.0,160.0,27.22,49.0
20147,2018-06-29,19.0,140.56,30.0,80.56
20148,2018-06-29,20.0,135.0,24.44,57.78
20149,2018-06-29,21.0,98.5,9.44,17.78
20153,2018-06-30,8.0,46.0,5.0,6.25
20154,2018-06-30,9.0,62.78,6.11,15.56
20155,2018-06-30,10.0,77.22,19.44,35.0
20156,2018-06-30,11.0,92.22,32.22,71.67
20157,2018-06-30,12.0,107.22,39.44,79.44
20167,2018-06-30,13.0,,48.33,
20158,2018-06-30,14.0,101.67,31.67,27.5
20159,2018-06-30,15.0,78.75,24.44,61.11
20160,2018-06-30,16.0,82.78,16.0,61.67
20161,2018-06-30,17.0,103.89,19.5,44.44
20162,2018-06-30,18.0,126.5,13.89,41.67
20163,2018-06-30,19.0,117.78,18.89,35.5
20164,2018-06-30,20.0,78.89,13.89,33.5
20165,2018-06-30,21.0,66.11,7.22,8.33
20170,2018-07-01,9.0,80.0,5.62,12.0
20171,2018-07-01,10.0,52.92,15.91,40.5
20172,2018-07-01,11.0,82.22,40.0,53.64
20173,2018-07-01,12.0,95.0,44.44,70.0
20174,2018-07-01,13.0,107.22,36.11,69.44
20175,2018-07-01,14.0,103.33,38.18,81.11
20176,2018-07-01,15.0,122.78,25.56,84.44
20177,2018-07-01,16.0,85.0,28.33,65.56
20178,2018-07-01,17.0,85.0,25.0,60.0
20179,2018-07-01,18.0,68.89,19.44,58.89
20180,2018-07-01,19.0,75.0,22.5,41.67
20181,2018-07-01,20.0,98.5,19.44,35.71
20182,2018-07-01,21.0,67.22,6.11,19.5
20184,2018-07-02,9.0,64.29,10.5,18.12
20185,2018-07-02,10.0,83.33,35.0,40.0
20186,2018-07-02,11.0,97.22,44.44,47.5
20187,2018-07-02,12.0,96.11,41.67,83.89
20188,2018-07-02,13.0,100.56,43.89,104.44
20189,2018-07-02,14.0,93.89,37.22,86.11
20190,2018-07-02,15.0,78.33,28.33,67.78
20191,2018-07-02,16.0,103.12,32.22,103.12
20198,2018-07-02,17.0,,43.0,
20192,2018-07-02,18.0,113.75,17.22,83.33
20193,2018-07-02,19.0,113.89,9.44,77.78
20194,2018-07-02,20.0,88.33,12.22,66.67
20195,2018-07-02,21.0,61.67,10.0,35.0
20196,2018-07-02,22.0,63.89,6.67,
20199,2018-07-03,8.0,56.25,5.0,8.89
20200,2018-07-03,9.0,70.0,11.11,44.5
20201,2018-07-03,10.0,95.56,28.75,54.44
20202,2018-07-03,11.0,80.0,40.5,105.0
20203,2018-07-03,12.0,107.78,40.62,106.11
20204,2018-07-03,13.0,97.78,50.62,95.0
20205,2018-07-03,14.0,78.33,56.67,90.0
20206,2018-07-03,15.0,120.0,41.67,
20207,2018-07-03,16.0,115.56,40.0,82.22
20208,2018-07-03,17.0,120.0,,87.22
20209,2018-07-03,18.0,123.33,,100.0
20210,2018-07-03,19.0,148.89,30.0,101.11
20211,2018-07-03,20.0,138.89,20.0,53.89
20212,2018-07-03,21.0,130.0,14.44,31.11
20213,2018-07-03,22.0,116.67,44.0,60.0
20218,2018-07-04,8.0,57.78,10.0,9.38
20219,2018-07-04,9.0,76.0,7.78,30.56
20220,2018-07-04,10.0,110.56,30.45,87.22
20221,2018-07-04,11.0,105.0,46.5,69.29
20231,2018-07-04,12.0,,81.36,
20232,2018-07-04,13.0,,85.0,
20222,2018-07-04,14.0,115.62,65.0,72.22
20223,2018-07-04,15.0,143.33,44.44,111.67
20224,2018-07-04,16.0,171.11,51.11,120.0
20225,2018-07-04,17.0,165.56,45.56,118.33
20226,2018-07-04,18.0,160.0,47.22,116.67
20227,2018-07-04,19.0,104.44,36.67,115.0
20228,2018-07-04,20.0,107.14,22.78,86.88
20233,2018-07-04,21.0,,9.44,20.0
20229,2018-07-04,22.0,110.56,7.22,17.78
20236,2018-07-05,9.0,56.25,11.88,17.78
20237,2018-07-05,10.0,85.5,34.0,50.0
20238,2018-07-05,11.0,98.33,43.33,80.0
20239,2018-07-05,12.0,103.33,56.82,94.38
20240,2018-07-05,13.0,123.89,42.78,119.44
20241,2018-07-05,14.0,121.67,41.67,109.44
20242,2018-07-05,15.0,115.5,43.33,100.56
20243,2018-07-05,16.0,117.22,45.56,88.89
20244,2018-07-05,17.0,116.67,36.67,100.56
20245,2018-07-05,18.0,108.89,38.89,72.78
20246,2018-07-05,19.0,105.42,28.33,71.67
20247,2018-07-05,20.0,110.56,23.33,61.11
20248,2018-07-05,21.0,58.89,7.78,15.56
20249,2018-07-05,22.0,55.56,6.11,13.89
20253,2018-07-06,9.0,72.0,24.55,12.5
20254,2018-07-06,10.0,90.5,20.0,50.5
20255,2018-07-06,11.0,91.15,46.5,56.11
20256,2018-07-06,12.0,82.22,39.0,85.56
20257,2018-07-06,13.0,83.89,34.0,73.89
20258,2018-07-06,14.0,112.22,31.11,58.33
20259,2018-07-06,15.0,100.0,33.12,80.0
20260,2018-07-06,18.0,135.0,,30.0
20261,2018-07-06,19.0,127.14,7.86,80.0
20262,2018-07-06,20.0,77.78,10.0,61.11
20263,2018-07-06,21.0,55.56,6.5,10.0
20265,2018-07-07,9.0,52.22,12.5,12.22
20266,2018-07-07,10.0,55.5,20.0,33.18
20267,2018-07-07,11.0,71.11,26.36,48.33
20268,2018-07-07,12.0,70.56,34.0,53.0
20269,2018-07-07,13.0,78.33,28.33,77.22
20270,2018-07-07,14.0,84.44,32.78,66.67
20271,2018-07-07,15.0,80.56,21.67,59.44
20272,2018-07-07,16.0,81.67,31.11,66.67
20273,2018-07-07,17.0,93.33,32.5,66.88
20274,2018-07-07,18.0,111.0,37.0,86.0
20275,2018-07-07,19.0,75.0,27.22,62.5
20276,2018-07-07,20.0,62.78,16.67,30.5
20277,2018-07-07,21.0,45.83,7.78,9.44
20281,2018-07-08,9.0,86.5,12.78,12.5
20282,2018-07-08,10.0,76.11,25.45,46.5
20283,2018-07-08,11.0,77.22,28.89,48.89
20284,2018-07-08,12.0,76.67,40.56,53.5
20285,2018-07-08,13.0,95.56,29.0,70.0
20286,2018-07-08,14.0,98.89,34.44,66.11
20287,2018-07-08,15.0,103.33,23.33,55.71
20288,2018-07-08,16.0,88.33,34.5,
20289,2018-07-08,17.0,80.0,28.89,46.67
20290,2018-07-08,18.0,96.67,12.22,62.22
20291,2018-07-08,19.0,87.22,14.29,53.33
20292,2018-07-08,20.0,86.67,17.0,41.11
20293,2018-07-08,21.0,68.89,7.78,18.89
20295,2018-07-09,9.0,72.5,21.67,27.5
20296,2018-07-09,10.0,80.56,42.78,89.09
20297,2018-07-09,11.0,99.44,43.33,111.5
20298,2018-07-09,12.0,92.22,52.22,97.0
20299,2018-07-09,13.0,99.44,45.0,97.78
20300,2018-07-09,14.0,104.44,43.33,102.78
20301,2018-07-09,15.0,118.33,31.11,78.33
20302,2018-07-09,16.0,122.22,38.33,83.33
20303,2018-07-09,17.0,107.78,29.44,65.56
20304,2018-07-09,18.0,90.0,32.78,65.0
20305,2018-07-09,19.0,88.33,35.0,56.11
20306,2018-07-09,20.0,86.88,26.25,57.5
20307,2018-07-09,21.0,54.44,5.56,16.11
20311,2018-07-10,9.0,55.56,10.62,20.0
20312,2018-07-10,10.0,72.78,19.5,40.56
20313,2018-07-10,11.0,93.89,38.33,62.78
20314,2018-07-10,12.0,78.33,37.22,83.89
20315,2018-07-10,13.0,105.0,46.11,106.67
20316,2018-07-10,14.0,101.67,41.67,77.78
20317,2018-07-10,15.0,90.56,27.78,75.56
20318,2018-07-10,16.0,85.56,35.56,92.22
20319,2018-07-10,17.0,105.0,36.11,78.89
20320,2018-07-10,18.0,111.67,32.78,73.89
20321,2018-07-10,19.0,96.67,26.11,70.0
20322,2018-07-10,20.0,73.75,20.0,45.62
20323,2018-07-10,21.0,,11.11,
20325,2018-07-11,9.0,58.33,8.12,21.0
20326,2018-07-11,10.0,69.0,26.36,53.33
20327,2018-07-11,11.0,95.0,44.44,83.33
20328,2018-07-11,12.0,102.22,47.78,106.67
20329,2018-07-11,13.0,101.11,51.11,91.67
20330,2018-07-11,14.0,116.11,43.33,72.78
20331,2018-07-11,15.0,133.12,31.11,84.44
20332,2018-07-11,16.0,134.44,41.67,103.89
20333,2018-07-11,17.0,107.22,37.78,85.0
20334,2018-07-11,18.0,101.0,41.67,105.0
20335,2018-07-11,19.0,112.22,43.89,87.78
20336,2018-07-11,20.0,136.67,33.33,74.0
20337,2018-07-11,21.0,122.78,11.67,46.67
20338,2018-07-11,22.0,120.0,26.67,46.11
20342,2018-07-12,9.0,70.0,11.11,16.25
20343,2018-07-12,10.0,73.33,19.44,46.67
20344,2018-07-12,11.0,85.0,36.36,44.0
20345,2018-07-12,12.0,94.44,37.22,62.78
20346,2018-07-12,13.0,98.89,51.67,102.5
20347,2018-07-12,14.0,92.22,73.75,114.0
20348,2018-07-12,15.0,80.56,40.91,63.89
20349,2018-07-12,16.0,86.67,28.33,95.56
20350,2018-07-12,17.0,92.78,30.56,94.44
20351,2018-07-12,18.0,86.5,30.0,51.67
20352,2018-07-12,19.0,80.56,20.0,45.56
20353,2018-07-12,20.0,75.56,20.56,40.5
20354,2018-07-12,21.0,78.33,7.22,24.44
20358,2018-07-13,9.0,63.33,17.69,36.25
20359,2018-07-13,10.0,67.0,22.22,47.5
20371,2018-07-13,11.0,,47.78,56.11
20360,2018-07-13,12.0,76.67,50.56,89.5
20361,2018-07-13,13.0,76.67,28.89,93.0
20362,2018-07-13,14.0,107.78,37.22,67.22
20363,2018-07-13,15.0,114.44,30.0,66.67
20364,2018-07-13,16.0,95.0,51.0,91.25
20365,2018-07-13,17.0,120.0,14.44,65.0
20366,2018-07-13,18.0,110.0,16.67,56.0
20367,2018-07-13,19.0,74.44,17.5,52.22
20368,2018-07-13,20.0,85.0,21.5,71.11
20369,2018-07-13,21.0,48.33,11.11,40.91
20372,2018-07-14,8.0,41.25,5.0,5.0
20373,2018-07-14,9.0,55.0,6.5,15.0
20374,2018-07-14,10.0,63.89,10.0,40.56
20375,2018-07-14,11.0,74.44,30.0,55.56
20376,2018-07-14,12.0,81.67,31.82,68.57
20377,2018-07-14,13.0,80.0,41.5,73.5
20378,2018-07-14,14.0,86.67,33.0,68.89
20379,2018-07-14,15.0,84.44,22.78,60.56
20380,2018-07-14,16.0,82.78,37.22,55.0
20381,2018-07-14,17.0,91.67,35.0,
20382,2018-07-14,18.0,87.78,22.22,51.67
20383,2018-07-14,19.0,93.89,26.67,70.0
20384,2018-07-14,20.0,69.0,20.0,84.5
20385,2018-07-14,21.0,57.5,7.78,27.0
20389,2018-07-15,9.0,48.89,6.67,13.57
20390,2018-07-15,10.0,67.78,12.22,39.09
20391,2018-07-15,11.0,87.78,42.0,52.5
20392,2018-07-15,12.0,58.64,41.82,86.5
20393,2018-07-15,13.0,67.0,29.55,82.22
20394,2018-07-15,14.0,84.0,27.22,55.0
20395,2018-07-15,15.0,93.33,19.44,54.0
20396,2018-07-15,16.0,84.5,25.5,70.56
20397,2018-07-15,17.0,70.0,23.5,68.89
20398,2018-07-15,18.0,72.78,19.44,56.67
20399,2018-07-15,19.0,86.67,26.11,55.0
20400,2018-07-15,20.0,70.56,16.0,38.0
20401,2018-07-15,21.0,44.44,9.44,23.33
20403,2018-07-16,9.0,50.0,7.5,23.75
20416,2018-07-16,10.0,,17.22,47.78
20404,2018-07-16,11.0,58.0,52.78,73.64
20405,2018-07-16,12.0,67.78,42.78,99.44
20406,2018-07-16,13.0,92.5,48.89,99.0
20407,2018-07-16,14.0,149.44,46.67,99.44
20408,2018-07-16,15.0,180.0,39.38,91.67
20417,2018-07-16,16.0,,62.5,63.0
20409,2018-07-16,17.0,104.44,32.22,101.67
20410,2018-07-16,18.0,111.11,35.0,107.5
20411,2018-07-16,19.0,127.78,32.22,94.44
20412,2018-07-16,20.0,135.5,32.78,66.11
20413,2018-07-16,21.0,87.78,11.11,28.89
20414,2018-07-16,22.0,65.56,13.33,33.33
20420,2018-07-17,9.0,55.5,11.88,15.0
20421,2018-07-17,10.0,78.89,25.5,82.0
20422,2018-07-17,11.0,101.5,33.33,70.45
20423,2018-07-17,12.0,88.89,35.45,83.5
20424,2018-07-17,13.0,90.56,38.0,101.0
20425,2018-07-17,14.0,102.78,40.56,100.56
20426,2018-07-17,15.0,99.38,26.0,82.5
20427,2018-07-17,16.0,109.29,45.0,93.33
20428,2018-07-17,17.0,110.0,45.56,90.0
20429,2018-07-17,18.0,118.33,28.5,84.44
20430,2018-07-17,19.0,126.67,37.78,83.0
20431,2018-07-17,20.0,97.5,21.67,44.44
20432,2018-07-17,21.0,57.27,10.0,33.89
20433,2018-07-17,22.0,63.0,10.56,22.22
20435,2018-07-18,9.0,65.71,12.78,22.0
20436,2018-07-18,10.0,73.33,32.22,41.11
20437,2018-07-18,11.0,73.89,38.89,69.0
20438,2018-07-18,12.0,81.0,66.67,98.0
20449,2018-07-18,13.0,,46.5,
20439,2018-07-18,14.0,120.0,61.67,52.14
20440,2018-07-18,15.0,102.78,44.0,83.89
20441,2018-07-18,16.0,111.11,29.5,96.67
20442,2018-07-18,17.0,130.0,34.44,82.78
20443,2018-07-18,18.0,157.22,42.78,75.0
20444,2018-07-18,19.0,168.33,43.89,72.78
20445,2018-07-18,20.0,186.25,29.44,76.67
20446,2018-07-18,21.0,71.5,13.64,47.22
20447,2018-07-18,22.0,89.5,30.91,52.22
20452,2018-07-19,9.0,42.0,5.0,15.56
20453,2018-07-19,10.0,105.0,16.11,49.0
20454,2018-07-19,11.0,82.78,38.33,80.0
20455,2018-07-19,12.0,92.5,40.0,86.11
20456,2018-07-19,13.0,110.0,33.89,86.5
20457,2018-07-19,14.0,105.5,42.73,74.5
20458,2018-07-19,15.0,91.82,31.11,62.78
20459,2018-07-19,16.0,102.78,30.5,92.22
20460,2018-07-19,17.0,110.71,31.11,92.0
20461,2018-07-19,18.0,121.43,25.0,78.0
20462,2018-07-19,19.0,130.0,31.82,66.11
20463,2018-07-19,20.0,111.11,17.22,63.33
20464,2018-07-19,21.0,67.78,8.89,29.44
20467,2018-07-20,9.0,63.33,5.0,34.38
20468,2018-07-20,10.0,90.0,32.5,50.0
20469,2018-07-20,11.0,90.0,51.67,62.78
20470,2018-07-20,12.0,142.27,43.33,66.11
20471,2018-07-20,13.0,127.78,42.78,67.22
20472,2018-07-20,14.0,122.78,33.33,62.22
20473,2018-07-20,15.0,105.0,35.0,67.5
20474,2018-07-20,16.0,160.0,39.0,61.67
20475,2018-07-20,17.0,116.67,41.11,63.89
20476,2018-07-20,18.0,100.5,26.67,53.33
20477,2018-07-20,19.0,110.0,23.33,68.33
20478,2018-07-20,20.0,125.0,23.33,51.11
20479,2018-07-20,21.0,114.44,7.78,28.33
20481,2018-07-21,8.0,54.55,5.0,5.0
20482,2018-07-21,9.0,46.36,7.22,15.0
20483,2018-07-21,10.0,72.5,13.5,31.82
20484,2018-07-21,11.0,88.0,31.11,53.89
20485,2018-07-21,12.0,108.33,40.56,47.78
20486,2018-07-21,13.0,110.56,49.0,63.5
20487,2018-07-21,14.0,97.22,49.44,65.0
20488,2018-07-21,15.0,89.44,25.0,61.67
20489,2018-07-21,16.0,115.0,36.67,77.78
20490,2018-07-21,17.0,93.33,31.11,76.5
20491,2018-07-21,18.0,92.14,23.89,51.5
20492,2018-07-21,19.0,81.0,30.0,55.0
20493,2018-07-21,20.0,85.0,24.44,51.11
20494,2018-07-21,21.0,101.11,14.44,16.11
20497,2018-07-22,9.0,84.0,5.62,10.0
20498,2018-07-22,10.0,93.75,29.5,
20499,2018-07-22,11.0,85.0,35.0,32.5
20500,2018-07-22,12.0,96.67,33.33,73.89
20501,2018-07-22,13.0,115.56,27.78,72.78
20502,2018-07-22,14.0,122.22,31.67,72.0
20503,2018-07-22,15.0,128.33,,63.89
20504,2018-07-22,16.0,120.0,20.0,72.5
20505,2018-07-22,17.0,123.33,32.78,54.17
20506,2018-07-22,18.0,97.86,31.11,43.57
20507,2018-07-22,19.0,135.0,24.44,35.0
20508,2018-07-22,20.0,85.0,21.11,25.56
20509,2018-07-22,21.0,72.5,9.44,10.0
20512,2018-07-23,8.0,38.18,6.25,5.0
20513,2018-07-23,9.0,58.5,10.0,13.08
20514,2018-07-23,10.0,82.0,20.91,41.82
20515,2018-07-23,11.0,93.89,39.5,76.67
20516,2018-07-23,12.0,85.56,47.0,105.56
20517,2018-07-23,13.0,97.78,59.44,87.22
20518,2018-07-23,14.0,116.0,52.78,84.44
20519,2018-07-23,15.0,122.22,30.91,78.0
20520,2018-07-23,16.0,116.67,40.56,103.89
20521,2018-07-23,17.0,120.5,39.5,80.56
20522,2018-07-23,18.0,102.78,41.11,88.33
20523,2018-07-23,19.0,98.33,36.11,75.0
20524,2018-07-23,20.0,86.11,26.67,52.22
20525,2018-07-23,21.0,75.0,8.89,29.44
20526,2018-07-23,22.0,58.33,10.0,19.44
20541,2018-07-24,8.0,,6.25,10.0
20528,2018-07-24,9.0,61.5,8.89,16.67
20529,2018-07-24,10.0,80.0,20.0,39.44
20530,2018-07-24,11.0,90.0,40.56,51.67
20531,2018-07-24,12.0,120.62,47.78,76.11
20532,2018-07-24,13.0,110.0,36.5,89.44
20533,2018-07-24,14.0,111.67,43.18,71.11
20534,2018-07-24,15.0,113.33,38.33,74.0
20535,2018-07-24,16.0,143.12,37.0,92.5
20542,2018-07-24,17.0,,49.44,
20536,2018-07-24,18.0,183.33,40.0,67.5
20537,2018-07-24,19.0,142.5,18.89,96.11
20543,2018-07-24,20.0,,17.78,69.5
20538,2018-07-24,21.0,145.0,6.11,23.33
20539,2018-07-24,22.0,136.11,5.0,30.0
20557,2018-07-25,8.0,,5.0,8.33
20544,2018-07-25,9.0,65.71,6.11,32.73
20545,2018-07-25,10.0,107.5,24.44,64.44
20546,2018-07-25,11.0,118.5,41.67,68.33
20547,2018-07-25,12.0,158.0,43.33,85.0
20548,2018-07-25,13.0,152.78,47.22,86.67
20549,2018-07-25,14.0,149.44,48.89,70.56
20550,2018-07-25,15.0,98.33,28.89,88.89
20551,2018-07-25,16.0,110.0,40.0,92.78
20552,2018-07-25,17.0,107.14,40.0,73.89
20558,2018-07-25,18.0,,40.5,82.78
20559,2018-07-25,19.0,,34.44,77.78
20553,2018-07-25,20.0,90.0,40.56,66.67
20554,2018-07-25,21.0,95.0,13.5,43.5
20555,2018-07-25,22.0,109.5,22.5,46.11
20563,2018-07-26,9.0,53.0,7.22,14.09
20564,2018-07-26,10.0,73.89,19.29,53.33
20565,2018-07-26,11.0,90.56,38.33,74.44
20566,2018-07-26,12.0,96.25,43.33,78.75
20567,2018-07-26,13.0,118.0,45.0,78.33
20568,2018-07-26,14.0,115.0,55.0,80.0
20569,2018-07-26,15.0,175.0,35.0,65.0
20570,2018-07-26,16.0,148.75,56.67,81.0
20571,2018-07-26,17.0,153.89,39.44,88.33
20572,2018-07-26,18.0,168.33,32.22,86.11
20573,2018-07-26,19.0,103.89,29.0,68.12
20574,2018-07-26,20.0,98.5,25.0,35.0
20575,2018-07-26,21.0,84.44,8.33,27.22
20578,2018-07-27,9.0,65.0,8.0,27.73
20579,2018-07-27,10.0,65.0,15.0,50.56
20580,2018-07-27,11.0,81.43,32.78,63.89
20581,2018-07-27,12.0,115.0,40.56,87.22
20582,2018-07-27,13.0,116.67,45.56,78.33
20583,2018-07-27,14.0,112.78,35.56,85.45
20584,2018-07-27,15.0,105.56,28.33,67.22
20585,2018-07-27,16.0,97.78,27.78,69.38
20586,2018-07-27,17.0,130.0,35.0,50.0
20587,2018-07-27,18.0,121.67,29.44,81.11
20588,2018-07-27,19.0,107.5,23.33,73.89
20589,2018-07-27,20.0,87.5,22.22,65.0
20590,2018-07-27,21.0,65.56,6.67,23.33
20592,2018-07-28,8.0,45.0,5.0,5.0
20593,2018-07-28,9.0,58.89,5.0,14.44
20594,2018-07-28,10.0,50.56,12.22,36.67
20595,2018-07-28,11.0,75.56,29.5,48.89
20596,2018-07-28,12.0,87.78,29.44,55.56
20597,2018-07-28,13.0,87.78,38.57,63.33
20598,2018-07-28,14.0,107.22,35.56,62.5
20599,2018-07-28,15.0,97.22,21.67,60.56
20600,2018-07-28,16.0,104.0,41.0,80.0
20601,2018-07-28,17.0,95.0,43.89,26.25
20602,2018-07-28,18.0,95.0,26.67,46.67
20603,2018-07-28,19.0,106.11,27.0,53.89
20604,2018-07-28,20.0,110.56,20.0,38.89
20605,2018-07-28,21.0,78.33,10.0,12.22
20609,2018-07-29,9.0,90.45,9.38,
20610,2018-07-29,10.0,70.91,21.0,
20611,2018-07-29,11.0,72.78,31.0,48.75
20612,2018-07-29,12.0,81.11,33.89,71.5
20613,2018-07-29,13.0,105.0,28.89,75.91
20614,2018-07-29,14.0,103.89,22.78,82.78
20615,2018-07-29,15.0,100.0,22.78,63.75
20622,2018-07-29,16.0,,30.56,
20616,2018-07-29,17.0,108.33,20.0,32.5
20617,2018-07-29,18.0,90.0,10.0,39.0
20618,2018-07-29,19.0,83.89,10.0,35.0
20619,2018-07-29,20.0,73.33,8.33,32.22
20620,2018-07-29,21.0,75.0,10.0,13.33
20623,2018-07-30,9.0,60.0,10.0,13.5
20624,2018-07-30,10.0,67.22,24.58,38.18
20625,2018-07-30,11.0,98.89,37.22,62.5
20626,2018-07-30,12.0,122.22,40.0,66.11
20627,2018-07-30,13.0,124.44,47.0,75.45
20628,2018-07-30,14.0,103.89,40.5,92.22
20629,2018-07-30,15.0,95.0,50.56,81.0
20630,2018-07-30,16.0,103.5,45.0,86.11
20631,2018-07-30,17.0,109.5,38.33,80.56
20632,2018-07-30,18.0,106.67,30.56,70.56
20633,2018-07-30,19.0,86.11,30.0,52.22
20634,2018-07-30,20.0,100.0,22.0,45.91
20635,2018-07-30,21.0,66.67,13.33,28.0
20636,2018-07-30,22.0,58.64,16.0,33.5
20638,2018-07-31,9.0,56.25,10.0,15.0
20639,2018-07-31,10.0,71.0,13.33,48.89
20640,2018-07-31,11.0,81.11,31.0,51.67
20641,2018-07-31,12.0,90.56,34.5,66.0
20642,2018-07-31,13.0,126.5,36.11,65.56
20643,2018-07-31,14.0,120.56,32.78,74.44
20644,2018-07-31,15.0,80.83,33.89,69.17
20652,2018-07-31,16.0,,38.33,
20645,2018-07-31,17.0,90.0,20.0,53.75
20646,2018-07-31,18.0,96.67,23.12,63.89
20647,2018-07-31,19.0,139.44,21.67,78.33
20648,2018-07-31,20.0,145.0,21.67,58.89
20649,2018-07-31,21.0,106.67,10.0,23.33
20650,2018-07-31,22.0,73.33,10.0,26.67
20653,2018-08-01,8.0,51.25,10.0,9.38
20654,2018-08-01,9.0,82.0,13.89,20.0
20655,2018-08-01,10.0,90.0,23.33,53.5
20656,2018-08-01,11.0,62.0,40.56,63.33
20657,2018-08-01,12.0,65.0,48.89,84.0
20658,2018-08-01,13.0,103.33,43.33,81.67
20659,2018-08-01,14.0,118.33,41.11,78.33
20660,2018-08-01,15.0,112.22,34.0,66.11
20661,2018-08-01,16.0,85.0,36.67,76.11
20662,2018-08-01,17.0,110.0,38.33,75.0
20668,2018-08-01,18.0,,23.33,
20663,2018-08-01,19.0,102.0,31.67,
20664,2018-08-01,20.0,106.67,23.89,
20665,2018-08-01,21.0,98.89,8.89,15.0
20666,2018-08-01,22.0,91.67,22.78,
20671,2018-08-02,9.0,37.5,13.89,5.0
20672,2018-08-02,10.0,80.0,19.58,
20673,2018-08-02,11.0,131.0,33.33,
20674,2018-08-02,12.0,163.0,45.56,
20675,2018-08-02,13.0,189.17,34.44,80.91
20685,2018-08-02,14.0,,39.44,104.44
20676,2018-08-02,15.0,106.43,24.5,96.67
20677,2018-08-02,16.0,106.11,25.0,120.56
20678,2018-08-02,17.0,111.11,25.0,87.22
20679,2018-08-02,18.0,101.67,14.44,63.89
20680,2018-08-02,19.0,110.0,16.0,78.33
20681,2018-08-02,20.0,97.22,10.56,58.33
20682,2018-08-02,21.0,81.11,5.0,24.44
20683,2018-08-02,22.0,72.78,5.0,30.56
20687,2018-08-03,9.0,71.67,16.67,28.33
20688,2018-08-03,10.0,75.0,32.22,42.78
20689,2018-08-03,11.0,71.67,40.0,68.5
20690,2018-08-03,12.0,88.75,40.56,81.67
20691,2018-08-03,13.0,108.89,37.22,72.22
20692,2018-08-03,14.0,95.0,35.56,65.0
20693,2018-08-03,15.0,81.67,20.0,75.5
20694,2018-08-03,16.0,96.67,30.0,75.56
20695,2018-08-03,17.0,96.11,26.0,75.0
20696,2018-08-03,18.0,86.11,18.89,27.5
20697,2018-08-03,19.0,90.56,17.78,54.44
20698,2018-08-03,20.0,92.22,15.0,56.11
20699,2018-08-03,21.0,67.22,6.11,30.56
20716,2018-08-04,8.0,,5.0,10.0
20701,2018-08-04,9.0,62.5,5.0,12.78
20702,2018-08-04,10.0,99.44,15.0,42.22
20703,2018-08-04,11.0,98.33,30.5,54.5
20704,2018-08-04,12.0,112.14,36.67,77.92
20705,2018-08-04,13.0,117.27,35.56,77.78
20706,2018-08-04,14.0,107.22,37.22,90.56
20707,2018-08-04,15.0,97.22,22.78,68.89
20708,2018-08-04,16.0,122.22,26.11,71.11
20709,2018-08-04,17.0,136.11,28.33,80.56
20710,2018-08-04,18.0,116.67,23.5,75.56
20711,2018-08-04,19.0,86.11,27.22,71.67
20712,2018-08-04,20.0,89.5,25.56,52.78
20713,2018-08-04,21.0,73.33,10.56,15.56
20718,2018-08-05,9.0,64.5,5.0,14.38
20719,2018-08-05,10.0,67.22,10.56,43.33
20720,2018-08-05,11.0,73.89,33.18,47.22
20721,2018-08-05,12.0,86.67,35.56,60.56
20722,2018-08-05,13.0,88.89,35.0,64.0
20723,2018-08-05,14.0,77.22,28.89,61.11
20724,2018-08-05,15.0,71.67,22.22,63.5
20725,2018-08-05,16.0,100.0,19.44,58.89
20726,2018-08-05,17.0,86.67,24.55,62.22
20727,2018-08-05,18.0,61.67,29.55,56.67
20728,2018-08-05,19.0,80.56,21.0,47.5
20729,2018-08-05,20.0,99.44,18.89,40.5
20730,2018-08-05,21.0,70.0,7.22,29.44
20733,2018-08-06,9.0,60.0,5.56,17.22
20734,2018-08-06,10.0,79.44,13.0,67.31
20735,2018-08-06,11.0,80.0,40.0,73.0
20736,2018-08-06,12.0,100.0,56.67,85.56
20737,2018-08-06,13.0,87.5,52.22,90.56
20738,2018-08-06,14.0,115.0,44.44,93.89
20739,2018-08-06,15.0,106.67,31.11,88.33
20740,2018-08-06,16.0,137.0,30.5,75.0
20741,2018-08-06,17.0,135.56,37.78,70.0
20742,2018-08-06,18.0,118.33,32.22,102.78
20743,2018-08-06,19.0,79.5,31.0,95.0
20744,2018-08-06,20.0,90.56,21.0,82.22
20745,2018-08-06,21.0,87.22,5.0,47.78
20749,2018-08-07,9.0,52.78,10.0,17.78
20750,2018-08-07,10.0,83.0,27.22,40.0
20751,2018-08-07,11.0,94.44,32.22,73.33
20752,2018-08-07,12.0,76.11,40.0,85.5
20753,2018-08-07,13.0,111.11,38.5,77.78
20754,2018-08-07,14.0,99.44,33.89,91.11
20755,2018-08-07,15.0,102.22,25.0,76.36
20756,2018-08-07,16.0,110.0,40.0,81.0
20757,2018-08-07,17.0,114.0,35.56,68.33
20758,2018-08-07,18.0,130.45,20.56,103.89
20759,2018-08-07,19.0,112.22,23.89,96.11
20760,2018-08-07,20.0,83.33,18.89,64.44
20761,2018-08-07,21.0,51.11,6.11,17.22
20764,2018-08-08,9.0,54.0,8.0,24.44
20765,2018-08-08,10.0,77.5,25.42,65.0
20766,2018-08-08,11.0,97.78,46.11,70.56
20767,2018-08-08,12.0,86.5,47.22,91.67
20768,2018-08-08,13.0,90.5,45.0,92.5
20769,2018-08-08,14.0,113.33,44.0,66.5
20770,2018-08-08,15.0,122.78,32.22,71.67
20771,2018-08-08,16.0,99.44,40.0,92.78
20772,2018-08-08,17.0,81.11,36.67,102.0
20773,2018-08-08,18.0,94.44,37.78,88.0
20774,2018-08-08,19.0,120.91,35.56,71.11
20775,2018-08-08,20.0,131.25,33.5,66.67
20776,2018-08-08,21.0,60.0,9.0,19.38
20777,2018-08-08,22.0,,10.5,39.5
20781,2018-08-09,9.0,71.25,11.88,20.83
20782,2018-08-09,10.0,61.82,13.0,51.36
20783,2018-08-09,11.0,85.62,35.45,48.12
20784,2018-08-09,12.0,78.33,32.0,70.56
20785,2018-08-09,13.0,96.43,39.44,82.78
20786,2018-08-09,14.0,88.33,34.44,71.0
20787,2018-08-09,15.0,100.0,28.33,61.67
20788,2018-08-09,16.0,90.0,31.0,80.0
20789,2018-08-09,17.0,120.0,26.11,68.57
20790,2018-08-09,18.0,106.82,18.33,67.78
20791,2018-08-09,19.0,87.78,28.89,71.67
20792,2018-08-09,20.0,83.89,20.0,54.44
20793,2018-08-09,21.0,59.44,7.78,20.56
20796,2018-08-10,9.0,64.44,14.09,34.5
20797,2018-08-10,10.0,67.78,23.0,54.5
20798,2018-08-10,11.0,76.36,38.33,66.67
20799,2018-08-10,12.0,80.5,52.22,68.33
20800,2018-08-10,13.0,78.5,34.5,59.44
20801,2018-08-10,14.0,85.0,35.56,72.5
20802,2018-08-10,15.0,81.67,25.0,54.44
20803,2018-08-10,16.0,83.33,27.78,52.78
20804,2018-08-10,17.0,76.11,33.5,55.0
20805,2018-08-10,18.0,92.22,30.0,59.44
20806,2018-08-10,19.0,86.11,35.56,53.0
20807,2018-08-10,20.0,72.5,28.0,55.56
20808,2018-08-10,21.0,57.78,5.56,23.33
20809,2018-08-10,22.0,51.67,10.56,25.0
20811,2018-08-11,8.0,35.0,5.0,5.5
20812,2018-08-11,9.0,59.55,5.91,13.64
20813,2018-08-11,10.0,72.0,16.0,55.56
20814,2018-08-11,11.0,80.0,37.27,62.5
20815,2018-08-11,12.0,100.0,48.89,
20816,2018-08-11,13.0,100.56,43.33,77.0
20817,2018-08-11,14.0,97.22,38.0,88.5
20818,2018-08-11,15.0,109.44,28.0,90.56
20819,2018-08-11,16.0,108.89,39.44,78.89
20820,2018-08-11,17.0,105.0,40.0,95.0
20821,2018-08-11,18.0,97.22,41.67,
20822,2018-08-11,19.0,90.0,35.56,95.0
20823,2018-08-11,20.0,66.0,28.33,33.0
20824,2018-08-11,21.0,74.0,11.67,32.78
20828,2018-08-12,9.0,75.42,16.11,18.12
20829,2018-08-12,10.0,83.89,28.33,49.0
20830,2018-08-12,11.0,67.73,32.5,57.22
20831,2018-08-12,12.0,81.11,33.33,87.22
20832,2018-08-12,13.0,75.56,32.78,91.67
20833,2018-08-12,14.0,95.0,33.33,83.89
20834,2018-08-12,15.0,99.44,24.09,42.78
20835,2018-08-12,16.0,87.5,40.0,60.0
20842,2018-08-12,17.0,,47.0,
20836,2018-08-12,18.0,87.5,26.11,43.33
20837,2018-08-12,19.0,95.56,12.22,61.11
20838,2018-08-12,20.0,60.71,17.22,48.33
20839,2018-08-12,21.0,43.5,5.56,11.11
20840,2018-08-12,22.0,43.89,5.0,10.56
20844,2018-08-13,9.0,62.78,5.0,8.75
20845,2018-08-13,10.0,82.22,,68.89
20846,2018-08-13,11.0,79.44,5.0,79.55
20847,2018-08-13,12.0,97.78,,85.0
20848,2018-08-13,13.0,112.22,50.71,
20849,2018-08-13,14.0,103.5,59.5,93.0
20850,2018-08-13,15.0,107.78,37.0,113.5
20851,2018-08-13,16.0,92.78,43.89,89.44
20852,2018-08-13,17.0,85.0,63.0,60.0
20853,2018-08-13,18.0,92.5,48.89,57.5
20854,2018-08-13,19.0,85.45,35.56,82.5
20855,2018-08-13,20.0,81.82,35.0,71.67
20856,2018-08-13,21.0,55.56,,22.78
20857,2018-08-13,22.0,54.0,18.33,29.44
20861,2018-08-14,9.0,61.67,,19.58
20862,2018-08-14,10.0,89.44,,55.0
20863,2018-08-14,11.0,76.36,35.0,67.78
20864,2018-08-14,12.0,75.56,47.22,56.67
20865,2018-08-14,13.0,84.0,36.11,70.56
20866,2018-08-14,14.0,83.89,34.5,70.0
20867,2018-08-14,15.0,93.33,25.0,66.0
20868,2018-08-14,16.0,91.11,31.36,62.22
20869,2018-08-14,17.0,94.44,37.0,64.44
20875,2018-08-14,18.0,,26.11,
20870,2018-08-14,19.0,82.5,16.67,48.0
20871,2018-08-14,20.0,88.33,15.0,47.78
20872,2018-08-14,21.0,69.44,8.0,17.22
20873,2018-08-14,22.0,77.22,5.0,31.67
20877,2018-08-15,9.0,59.5,5.0,16.0
20878,2018-08-15,10.0,80.0,20.91,33.64
20879,2018-08-15,11.0,66.67,50.0,87.73
20880,2018-08-15,12.0,82.0,51.11,95.56
20881,2018-08-15,13.0,112.78,48.89,95.56
20882,2018-08-15,14.0,89.44,56.5,90.56
20883,2018-08-15,15.0,105.5,27.0,66.82
20884,2018-08-15,16.0,98.89,39.44,72.22
20885,2018-08-15,17.0,93.89,28.89,72.78
20886,2018-08-15,18.0,82.27,27.5,68.89
20887,2018-08-15,19.0,89.5,29.0,72.78
20888,2018-08-15,20.0,68.33,27.22,59.44
20889,2018-08-15,21.0,57.22,13.33,30.0
20890,2018-08-15,22.0,64.44,18.33,42.0
20894,2018-08-16,9.0,66.11,6.25,12.78
20895,2018-08-16,10.0,78.33,21.5,56.67
20896,2018-08-16,11.0,71.11,35.5,69.44
20897,2018-08-16,12.0,72.78,40.0,50.0
20898,2018-08-16,13.0,73.89,37.0,42.5
20899,2018-08-16,14.0,88.0,27.78,71.11
20900,2018-08-16,15.0,78.5,23.0,74.44
20901,2018-08-16,16.0,73.33,25.56,77.22
20902,2018-08-16,17.0,72.22,28.89,67.78
20903,2018-08-16,18.0,65.0,28.89,68.33
20904,2018-08-16,19.0,85.83,31.36,60.0
20905,2018-08-16,20.0,63.33,18.5,76.67
20906,2018-08-16,21.0,41.11,5.0,32.22
20907,2018-08-16,22.0,55.83,5.0,20.71
20910,2018-08-17,8.0,31.5,5.0,
20911,2018-08-17,9.0,37.78,6.67,33.5
20912,2018-08-17,10.0,55.0,10.0,34.0
20913,2018-08-17,11.0,78.18,15.56,48.89
20914,2018-08-17,12.0,64.44,15.0,57.73
20915,2018-08-17,13.0,68.64,15.0,73.33
20916,2018-08-17,14.0,72.0,17.78,57.22
20917,2018-08-17,15.0,83.89,13.33,43.33
20918,2018-08-17,16.0,57.78,7.22,42.22
20919,2018-08-17,17.0,53.33,10.0,37.22
20927,2018-08-18,8.0,43.33,5.0,7.5
20928,2018-08-18,9.0,49.44,5.5,10.0
20929,2018-08-18,10.0,75.0,14.0,41.88
20930,2018-08-18,11.0,70.0,30.0,67.22
20931,2018-08-18,12.0,91.67,35.0,78.0
20932,2018-08-18,13.0,84.0,33.89,78.33
20933,2018-08-18,14.0,77.22,27.5,66.67
20934,2018-08-18,15.0,101.11,34.44,68.33
20935,2018-08-18,16.0,99.5,39.44,67.22
20936,2018-08-18,17.0,92.0,28.89,75.0
20937,2018-08-18,18.0,81.5,25.0,78.33
20938,2018-08-18,19.0,96.5,32.0,68.89
20939,2018-08-18,20.0,75.5,26.11,53.33
20940,2018-08-18,21.0,64.55,11.67,23.64
20941,2018-08-18,22.0,61.11,25.56,35.0
20946,2018-08-19,9.0,61.5,5.45,12.73
20947,2018-08-19,10.0,78.89,24.58,48.18
20948,2018-08-19,11.0,82.22,27.78,51.11
20949,2018-08-19,12.0,81.82,38.89,66.67
20950,2018-08-19,13.0,73.5,30.0,68.33
20951,2018-08-19,14.0,73.33,25.5,52.22
20952,2018-08-19,15.0,96.67,28.64,54.44
20953,2018-08-19,16.0,78.33,21.0,43.89
20954,2018-08-19,17.0,73.0,13.18,54.44
20955,2018-08-19,18.0,73.33,10.83,45.0
20958,2018-08-19,19.0,,10.0,
20959,2018-08-19,20.0,,10.0,
20956,2018-08-19,21.0,23.75,10.0,10.0
20960,2018-08-20,9.0,56.88,5.0,12.5
20961,2018-08-20,10.0,73.89,12.78,32.78
20962,2018-08-20,11.0,80.0,24.44,57.78
20972,2018-08-20,12.0,,33.89,56.5
20963,2018-08-20,13.0,88.12,42.0,58.0
20964,2018-08-20,14.0,100.56,26.5,53.33
20965,2018-08-20,15.0,106.11,26.88,62.78
20966,2018-08-20,16.0,107.0,30.0,56.11
20973,2018-08-20,17.0,,23.33,62.78
20967,2018-08-20,18.0,95.0,21.0,67.22
20968,2018-08-20,19.0,78.33,15.0,50.56
20969,2018-08-20,20.0,96.11,17.0,40.56
20970,2018-08-20,21.0,48.5,5.0,18.33
20975,2018-08-21,9.0,63.89,5.0,14.0
20976,2018-08-21,10.0,92.78,18.18,37.69
20977,2018-08-21,11.0,88.33,42.5,50.56
20978,2018-08-21,12.0,83.33,34.55,70.0
20979,2018-08-21,13.0,82.22,25.56,65.56
20980,2018-08-21,14.0,81.67,18.33,58.0
20981,2018-08-21,15.0,82.22,25.56,57.22
20982,2018-08-21,16.0,73.89,20.0,57.22
20983,2018-08-21,17.0,79.44,16.11,82.22
20984,2018-08-21,18.0,70.0,23.89,53.0
20985,2018-08-21,19.0,80.0,27.78,45.0
20986,2018-08-21,20.0,30.0,15.0,10.0
20987,2018-08-21,21.0,34.5,8.12,7.78
20989,2018-08-22,9.0,65.0,14.5,12.5
20990,2018-08-22,10.0,87.73,27.0,36.67
20991,2018-08-22,11.0,77.78,43.89,58.75
20992,2018-08-22,12.0,98.0,46.11,78.75
20993,2018-08-22,13.0,115.0,32.22,80.0
20994,2018-08-22,14.0,98.57,22.5,76.67
20995,2018-08-22,15.0,87.5,44.58,71.0
20996,2018-08-22,16.0,95.56,34.44,70.45
20997,2018-08-22,17.0,87.78,24.44,72.22
20998,2018-08-22,18.0,88.33,20.0,82.73
20999,2018-08-22,19.0,86.82,19.55,65.0
21000,2018-08-22,20.0,68.5,21.67,55.0
21001,2018-08-22,21.0,64.44,12.27,35.0
21006,2018-08-23,9.0,67.73,6.67,12.5
21007,2018-08-23,10.0,73.5,16.5,43.89
21008,2018-08-23,11.0,72.5,28.0,45.91
21009,2018-08-23,12.0,79.17,31.67,62.73
21010,2018-08-23,13.0,79.29,25.56,49.5
21011,2018-08-23,14.0,78.5,15.56,50.5
21012,2018-08-23,15.0,90.56,28.33,53.89
21013,2018-08-23,16.0,80.0,37.22,60.0
21014,2018-08-23,17.0,105.0,22.22,56.43
21015,2018-08-23,18.0,101.0,15.0,
21016,2018-08-23,19.0,95.0,28.33,
21017,2018-08-23,20.0,54.0,14.44,33.57
21018,2018-08-23,21.0,47.22,6.67,33.0
21022,2018-08-24,9.0,71.25,13.75,36.36
21023,2018-08-24,10.0,59.0,11.67,40.56
21024,2018-08-24,11.0,79.17,11.5,51.5
21025,2018-08-24,12.0,76.5,12.27,45.0
21026,2018-08-24,13.0,75.0,26.67,65.0
21027,2018-08-24,14.0,71.67,14.44,21.67
21028,2018-08-24,15.0,75.71,13.33,40.0
21029,2018-08-24,16.0,83.33,11.67,46.67
21030,2018-08-24,17.0,68.89,10.0,38.0
21038,2018-08-25,9.0,60.0,5.62,9.5
21039,2018-08-25,10.0,65.91,11.11,24.5
21040,2018-08-25,11.0,80.0,15.0,63.33
21041,2018-08-25,12.0,86.11,28.12,70.0
21042,2018-08-25,13.0,86.11,45.0,70.56
21043,2018-08-25,14.0,93.75,33.33,51.25
21051,2018-08-25,15.0,,53.89,
21052,2018-08-25,16.0,,33.5,
21044,2018-08-25,17.0,78.33,26.67,43.75
21045,2018-08-25,18.0,116.0,27.73,62.78
21046,2018-08-25,19.0,101.11,27.73,56.11
21047,2018-08-25,20.0,79.0,25.56,37.0
21048,2018-08-25,21.0,64.44,15.5,27.92
21049,2018-08-25,22.0,58.33,19.5,23.33
21055,2018-08-26,9.0,56.25,9.44,8.0
21056,2018-08-26,10.0,77.0,30.91,32.78
21057,2018-08-26,11.0,90.0,37.78,60.5
21058,2018-08-26,12.0,66.0,31.11,54.0
21059,2018-08-26,13.0,82.78,32.22,52.78
21060,2018-08-26,14.0,76.67,18.33,45.56
21061,2018-08-26,15.0,84.0,17.78,55.83
21062,2018-08-26,16.0,82.78,16.36,
21063,2018-08-26,17.0,71.67,16.0,57.0
21064,2018-08-26,18.0,76.36,10.0,60.0
21065,2018-08-26,19.0,70.0,10.56,36.67
21066,2018-08-26,20.0,51.36,6.0,32.78
21067,2018-08-26,21.0,50.0,5.0,12.78
21069,2018-08-27,9.0,63.89,6.0,19.17
21070,2018-08-27,10.0,87.5,17.92,37.08
21071,2018-08-27,11.0,84.44,29.5,53.64
21072,2018-08-27,12.0,71.0,25.0,58.89
21073,2018-08-27,13.0,87.22,20.56,50.56
21074,2018-08-27,14.0,95.56,15.5,41.5
21075,2018-08-27,15.0,120.0,19.44,53.33
21076,2018-08-27,16.0,112.78,13.89,45.56
21077,2018-08-27,17.0,95.56,21.11,42.0
21078,2018-08-27,18.0,95.0,17.22,38.33
21079,2018-08-27,19.0,95.0,11.11,33.33
21080,2018-08-27,20.0,70.0,10.0,22.78
21081,2018-08-27,21.0,46.67,10.0,14.55
21085,2018-08-28,9.0,45.0,5.0,7.22
21086,2018-08-28,10.0,41.5,5.45,24.71
21087,2018-08-28,11.0,49.5,20.0,37.78
21088,2018-08-28,12.0,51.0,31.36,27.22
21089,2018-08-28,13.0,40.0,9.0,25.5
21095,2018-08-28,14.0,,27.73,
21096,2018-08-28,15.0,,7.78,
21097,2018-08-28,16.0,,15.0,14.0
21098,2018-08-28,17.0,,27.22,10.0
21101,2018-08-29,9.0,60.42,5.0,12.5
21102,2018-08-29,10.0,70.5,26.0,40.56
21103,2018-08-29,11.0,77.78,26.67,51.11
21104,2018-08-29,12.0,81.0,22.78,50.0
21105,2018-08-29,13.0,78.89,23.89,52.78
21106,2018-08-29,14.0,81.11,19.44,50.0
21107,2018-08-29,15.0,80.0,39.17,32.5
21108,2018-08-29,16.0,65.56,16.5,38.89
21109,2018-08-29,17.0,74.44,13.33,48.89
21110,2018-08-29,18.0,90.0,10.0,32.0
21111,2018-08-29,19.0,77.22,10.0,23.0
21112,2018-08-29,20.0,54.0,10.0,20.0
21116,2018-08-30,9.0,52.78,7.5,10.56
21117,2018-08-30,10.0,58.89,8.89,40.56
21118,2018-08-30,11.0,61.11,11.11,41.25
21119,2018-08-30,12.0,82.0,18.89,46.67
21120,2018-08-30,13.0,75.0,10.0,42.73
21121,2018-08-30,14.0,76.11,10.0,34.0
21122,2018-08-30,15.0,73.89,9.44,37.22
21123,2018-08-30,16.0,68.33,8.89,37.78
21124,2018-08-30,17.0,72.5,7.78,32.22
21125,2018-08-30,18.0,88.33,5.0,32.22
21126,2018-08-30,19.0,70.56,5.0,26.82
21127,2018-08-30,20.0,33.64,13.33,13.5
21130,2018-08-31,9.0,52.31,5.0,15.0
21131,2018-08-31,10.0,56.67,26.36,29.09
21132,2018-08-31,11.0,67.22,40.56,30.0
21133,2018-08-31,12.0,60.91,40.5,27.22
21134,2018-08-31,13.0,56.67,44.5,32.78
21135,2018-08-31,14.0,52.22,33.5,26.11
21136,2018-08-31,15.0,60.0,36.11,24.09
21137,2018-08-31,16.0,51.67,28.75,21.11
21138,2018-08-31,17.0,47.78,12.22,20.0
21146,2018-09-01,8.0,45.0,5.0,10.0
21147,2018-09-01,9.0,49.09,11.11,15.0
21148,2018-09-01,10.0,54.0,20.5,33.33
21149,2018-09-01,11.0,82.22,33.64,55.56
21150,2018-09-01,12.0,92.22,37.22,59.44
21151,2018-09-01,13.0,88.12,41.11,54.44
21152,2018-09-01,14.0,108.75,33.89,46.11
21153,2018-09-01,15.0,115.0,39.44,53.33
21154,2018-09-01,16.0,89.0,30.0,58.57
21155,2018-09-01,17.0,86.67,41.11,
21156,2018-09-01,18.0,108.0,43.89,63.75
21157,2018-09-01,19.0,82.22,32.78,68.33
21158,2018-09-01,20.0,52.78,15.0,27.78
21159,2018-09-01,21.0,72.5,21.5,34.55
21160,2018-09-01,22.0,62.5,18.89,36.11
21163,2018-09-02,9.0,65.5,7.5,10.0
21164,2018-09-02,10.0,67.78,27.22,36.5
21165,2018-09-02,11.0,67.22,35.0,46.11
21166,2018-09-02,12.0,82.78,39.44,59.44
21167,2018-09-02,13.0,79.44,44.44,57.78
21168,2018-09-02,14.0,96.67,30.56,56.11
21169,2018-09-02,15.0,117.78,49.44,67.22
21170,2018-09-02,16.0,100.0,43.33,57.5
21178,2018-09-02,17.0,,48.33,48.0
21171,2018-09-02,18.0,114.29,37.78,72.78
21172,2018-09-02,19.0,86.11,32.5,54.44
21173,2018-09-02,20.0,59.44,20.0,42.22
21174,2018-09-02,21.0,66.5,10.0,30.5
21175,2018-09-02,22.0,52.22,14.44,32.78
21193,2018-09-03,9.0,,7.0,5.56
21179,2018-09-03,10.0,63.33,9.0,12.27
21180,2018-09-03,11.0,61.11,20.5,32.22
21181,2018-09-03,12.0,65.0,18.89,28.0
21182,2018-09-03,13.0,74.44,13.33,15.0
21183,2018-09-03,14.0,55.0,12.22,12.78
21184,2018-09-03,15.0,75.83,11.11,11.11
21185,2018-09-03,16.0,79.44,10.0,
21186,2018-09-03,17.0,45.0,5.0,13.75
21197,2018-09-04,9.0,45.0,7.22,7.0
21209,2018-09-04,10.0,,18.89,32.22
21198,2018-09-04,11.0,77.5,18.5,40.5
21199,2018-09-04,12.0,103.89,20.56,45.56
21200,2018-09-04,13.0,96.67,12.22,32.78
21201,2018-09-04,14.0,86.67,10.0,43.12
21202,2018-09-04,15.0,101.67,12.22,46.0
21203,2018-09-04,16.0,97.78,7.78,31.11
21204,2018-09-04,17.0,76.11,5.0,31.67
21205,2018-09-04,18.0,82.22,8.33,21.67
21206,2018-09-04,19.0,71.67,7.0,27.5
21207,2018-09-04,20.0,44.44,6.11,17.5
21210,2018-09-05,9.0,47.5,12.0,10.0
21211,2018-09-05,10.0,53.89,12.78,25.0
21212,2018-09-05,11.0,59.0,15.5,26.5
21213,2018-09-05,12.0,72.5,20.56,29.5
21224,2018-09-05,13.0,,11.0,35.56
21214,2018-09-05,14.0,102.5,8.33,38.33
21215,2018-09-05,15.0,101.11,10.0,25.56
21216,2018-09-05,16.0,84.44,9.44,35.0
21217,2018-09-05,17.0,101.67,5.0,31.11
21218,2018-09-05,18.0,86.67,11.67,18.89
21219,2018-09-05,19.0,71.11,14.0,20.0
21220,2018-09-05,20.0,45.0,15.0,9.5
21225,2018-09-06,9.0,62.69,5.0,9.0
21226,2018-09-06,10.0,49.0,14.55,19.0
21227,2018-09-06,11.0,61.82,13.33,31.11
21228,2018-09-06,12.0,67.78,26.67,31.0
21229,2018-09-06,13.0,67.73,12.78,33.89
21230,2018-09-06,14.0,56.67,27.5,15.71
21231,2018-09-06,15.0,95.0,17.22,33.0
21232,2018-09-06,16.0,78.33,15.0,33.5
21233,2018-09-06,17.0,87.22,12.22,24.5
21234,2018-09-06,18.0,86.67,18.5,12.5
21235,2018-09-06,19.0,56.67,24.58,11.67
21236,2018-09-06,20.0,33.33,9.5,6.11
21239,2018-09-07,9.0,44.17,8.75,13.33
21240,2018-09-07,10.0,52.78,10.0,30.0
21241,2018-09-07,11.0,44.44,9.44,27.5
21242,2018-09-07,12.0,47.78,10.0,24.5
21243,2018-09-07,13.0,48.33,8.89,21.11
21244,2018-09-07,14.0,49.0,11.0,10.56
21245,2018-09-07,15.0,47.78,10.0,18.0
21246,2018-09-07,16.0,45.56,10.0,10.0
21247,2018-09-07,17.0,50.0,7.78,10.0
21255,2018-09-08,9.0,52.0,5.0,9.38
21256,2018-09-08,10.0,56.11,13.18,17.5
21257,2018-09-08,11.0,67.0,27.78,38.89
21258,2018-09-08,12.0,87.78,39.44,49.44
21259,2018-09-08,13.0,87.0,34.44,48.33
21260,2018-09-08,14.0,90.0,41.11,39.0
21269,2018-09-08,15.0,,43.33,25.0
21261,2018-09-08,16.0,93.75,36.67,34.5
21262,2018-09-08,17.0,99.44,28.0,49.44
21263,2018-09-08,18.0,95.91,26.11,47.14
21264,2018-09-08,19.0,72.78,25.0,39.0
21265,2018-09-08,20.0,55.91,13.5,20.0
21266,2018-09-08,21.0,66.5,15.0,24.0
21267,2018-09-08,22.0,57.0,13.89,26.82
21272,2018-09-09,9.0,44.0,5.0,7.22
21273,2018-09-09,10.0,47.73,27.73,17.22
21274,2018-09-09,11.0,43.89,26.67,21.36
21275,2018-09-09,12.0,60.0,11.0,20.91
21276,2018-09-09,13.0,50.0,14.29,21.82
21277,2018-09-09,14.0,48.89,12.0,19.58
21278,2018-09-09,15.0,47.78,10.0,17.78
21279,2018-09-09,16.0,46.67,9.5,25.0
21280,2018-09-09,17.0,46.11,7.5,18.0
21288,2018-09-10,9.0,48.12,9.38,5.62
21289,2018-09-10,10.0,83.5,16.5,30.45
21290,2018-09-10,11.0,89.44,31.11,49.44
21291,2018-09-10,12.0,84.44,32.78,54.44
21292,2018-09-10,13.0,84.38,29.38,37.22
21293,2018-09-10,14.0,77.86,31.43,45.62
21294,2018-09-10,15.0,77.22,36.11,47.22
21295,2018-09-10,16.0,75.0,22.22,41.11
21296,2018-09-10,17.0,79.44,21.11,37.22
21297,2018-09-10,18.0,68.33,12.22,33.33
21298,2018-09-10,19.0,62.22,7.22,32.78
21299,2018-09-10,20.0,26.67,5.0,10.0
21303,2018-09-11,9.0,39.09,9.5,9.55
21304,2018-09-11,10.0,42.22,25.45,27.78
21305,2018-09-11,11.0,62.22,12.78,36.0
21306,2018-09-11,12.0,69.38,10.0,27.22
21307,2018-09-11,13.0,51.67,10.0,19.0
21308,2018-09-11,14.0,45.0,10.0,14.5
21309,2018-09-11,15.0,48.33,10.0,16.67
21310,2018-09-11,16.0,42.78,10.0,16.36
21311,2018-09-11,17.0,38.89,,11.67
21318,2018-09-12,9.0,56.88,8.0,10.0
21319,2018-09-12,10.0,66.11,12.22,26.67
21320,2018-09-12,11.0,70.56,24.0,36.5
21321,2018-09-12,12.0,65.56,32.22,41.0
21322,2018-09-12,13.0,75.0,28.33,41.11
21323,2018-09-12,14.0,81.36,25.5,41.36
21324,2018-09-12,15.0,77.78,33.33,46.67
21325,2018-09-12,16.0,71.67,25.0,51.67
21326,2018-09-12,17.0,71.11,18.0,65.0
21327,2018-09-12,18.0,75.0,20.5,45.0
21328,2018-09-12,19.0,66.11,13.89,57.78
21329,2018-09-12,20.0,44.0,11.11,17.22
21334,2018-09-13,9.0,45.45,7.5,5.0
21335,2018-09-13,10.0,58.89,15.0,38.33
21336,2018-09-13,11.0,61.67,22.78,39.44
21337,2018-09-13,12.0,64.5,21.11,42.22
21338,2018-09-13,13.0,63.33,17.78,41.11
21339,2018-09-13,14.0,75.0,12.5,36.82
21340,2018-09-13,15.0,67.22,21.0,43.33
21341,2018-09-13,16.0,67.22,20.0,43.89
21342,2018-09-13,17.0,72.78,18.33,44.44
21343,2018-09-13,18.0,76.67,12.78,35.0
21344,2018-09-13,19.0,69.44,9.44,25.5
21345,2018-09-13,20.0,48.33,5.0,10.62
21349,2018-09-14,9.0,43.0,11.25,
21350,2018-09-14,10.0,62.5,11.67,27.5
21351,2018-09-14,11.0,53.33,25.0,45.0
21352,2018-09-14,12.0,51.5,13.5,60.0
21353,2018-09-14,13.0,53.89,10.5,39.5
21354,2018-09-14,14.0,50.56,10.0,35.0
21355,2018-09-14,15.0,48.5,10.0,22.73
21356,2018-09-14,16.0,47.22,9.5,27.0
21357,2018-09-14,17.0,44.0,6.67,21.5
21366,2018-09-15,9.0,60.0,5.5,17.5
21367,2018-09-15,10.0,71.67,21.67,38.33
21368,2018-09-15,11.0,80.56,36.11,
21369,2018-09-15,12.0,99.0,38.89,37.5
21370,2018-09-15,13.0,86.11,33.0,60.0
21371,2018-09-15,14.0,85.0,35.0,48.0
21372,2018-09-15,15.0,116.25,,48.33
21373,2018-09-15,16.0,115.0,30.0,
21374,2018-09-15,17.0,111.67,52.0,55.0
21375,2018-09-15,18.0,95.56,36.11,77.22
21376,2018-09-15,19.0,81.67,35.56,100.0
21377,2018-09-15,20.0,92.0,20.56,41.5
21378,2018-09-15,21.0,62.78,19.44,34.0
21381,2018-09-16,9.0,46.36,7.22,10.71
21382,2018-09-16,10.0,73.89,10.0,30.0
21383,2018-09-16,11.0,87.22,17.5,31.11
21384,2018-09-16,12.0,66.67,17.22,33.75
21385,2018-09-16,13.0,66.67,23.0,26.0
21386,2018-09-16,14.0,69.44,20.45,
21387,2018-09-16,15.0,57.22,21.11,
21388,2018-09-16,16.0,43.89,20.5,25.0
21389,2018-09-16,17.0,45.0,10.0,21.82
21397,2018-09-17,9.0,70.62,7.5,9.38
21398,2018-09-17,10.0,82.22,21.11,24.5
21399,2018-09-17,11.0,71.11,32.22,47.22
21400,2018-09-17,12.0,78.33,37.0,44.44
21401,2018-09-17,13.0,77.22,33.89,51.67
21402,2018-09-17,14.0,74.44,26.67,45.0
21403,2018-09-17,15.0,77.22,41.67,
21404,2018-09-17,16.0,75.0,45.0,40.0
21405,2018-09-17,17.0,75.56,19.44,45.0
21406,2018-09-17,18.0,73.5,19.44,60.56
21407,2018-09-17,19.0,50.0,17.0,58.89
21408,2018-09-17,20.0,35.56,5.0,24.44
21412,2018-09-18,9.0,54.55,8.89,7.5
21413,2018-09-18,10.0,72.0,30.0,18.33
21414,2018-09-18,11.0,55.0,,37.22
21415,2018-09-18,12.0,52.22,35.56,27.5
21416,2018-09-18,13.0,50.56,17.22,21.67
21417,2018-09-18,14.0,71.67,12.27,24.44
21418,2018-09-18,15.0,60.0,15.56,20.0
21419,2018-09-18,16.0,49.44,10.5,22.22
21420,2018-09-18,17.0,48.89,10.0,15.56
21428,2018-09-19,9.0,65.0,10.0,11.25
21429,2018-09-19,10.0,74.44,17.78,35.56
21430,2018-09-19,11.0,70.71,37.78,45.56
21441,2018-09-19,12.0,,35.56,53.89
21431,2018-09-19,13.0,80.83,25.0,43.33
21432,2018-09-19,14.0,84.44,19.44,52.78
21433,2018-09-19,15.0,87.78,27.22,56.0
21434,2018-09-19,16.0,78.89,19.44,49.44
21435,2018-09-19,17.0,97.5,11.82,58.75
21442,2018-09-19,18.0,,23.89,
21436,2018-09-19,19.0,45.0,17.22,10.0
21437,2018-09-19,20.0,47.5,5.0,18.5
21444,2018-09-20,9.0,55.0,12.78,5.0
21445,2018-09-20,10.0,58.33,21.0,34.17
21446,2018-09-20,11.0,59.09,33.5,47.27
21447,2018-09-20,12.0,75.5,32.78,53.89
21448,2018-09-20,13.0,101.67,23.89,69.0
21449,2018-09-20,14.0,72.22,15.83,52.78
21450,2018-09-20,15.0,65.56,21.67,53.33
21451,2018-09-20,16.0,66.67,39.09,51.25
21452,2018-09-20,17.0,81.25,20.5,48.5
21453,2018-09-20,18.0,70.5,24.44,55.56
21454,2018-09-20,19.0,61.36,16.67,39.44
21455,2018-09-20,20.0,48.33,5.0,10.0
21459,2018-09-21,9.0,48.89,6.36,9.0
21460,2018-09-21,10.0,52.22,20.56,31.88
21461,2018-09-21,11.0,63.89,24.44,31.36
21462,2018-09-21,12.0,58.0,24.5,33.33
21463,2018-09-21,13.0,50.0,30.0,26.11
21464,2018-09-21,14.0,58.33,25.0,11.25
21465,2018-09-21,15.0,52.22,22.5,23.89
21466,2018-09-21,16.0,47.22,15.0,26.5
21467,2018-09-21,17.0,47.22,16.11,20.0
21475,2018-09-22,9.0,48.75,10.0,15.0
21476,2018-09-22,10.0,70.56,24.5,39.5
21477,2018-09-22,11.0,67.22,35.5,40.5
21478,2018-09-22,12.0,75.0,46.11,46.67
21479,2018-09-22,13.0,76.36,37.0,63.33
21480,2018-09-22,14.0,77.22,43.0,55.56
21481,2018-09-22,15.0,93.18,35.0,66.67
21482,2018-09-22,16.0,86.11,41.67,63.89
21483,2018-09-22,17.0,88.33,35.0,55.0
21484,2018-09-22,18.0,83.89,32.22,52.78
21485,2018-09-22,19.0,67.22,22.78,38.33
21486,2018-09-22,20.0,57.0,11.67,25.0
21487,2018-09-22,21.0,58.5,24.44,33.33
21488,2018-09-22,22.0,49.44,8.89,16.11
21492,2018-09-23,9.0,49.17,5.83,8.33
21493,2018-09-23,10.0,56.5,18.89,24.58
21494,2018-09-23,11.0,64.44,43.33,35.56
21495,2018-09-23,12.0,64.55,40.5,22.78
21496,2018-09-23,13.0,61.67,29.58,23.33
21497,2018-09-23,14.0,62.78,27.0,27.08
21498,2018-09-23,15.0,53.89,17.73,20.0
21499,2018-09-23,16.0,48.89,12.22,23.33
21500,2018-09-23,17.0,47.78,10.0,18.5
21509,2018-09-24,9.0,50.0,13.75,7.5
21510,2018-09-24,10.0,76.67,23.33,32.78
21511,2018-09-24,11.0,81.67,37.22,36.11
21512,2018-09-24,12.0,77.22,38.33,53.33
21513,2018-09-24,13.0,76.67,31.67,61.67
21514,2018-09-24,14.0,66.5,26.67,53.89
21515,2018-09-24,15.0,75.0,44.44,34.0
21516,2018-09-24,16.0,68.89,24.44,32.22
21517,2018-09-24,17.0,54.17,23.0,29.0
21518,2018-09-24,18.0,51.0,17.22,23.33
21519,2018-09-24,19.0,57.78,7.22,32.22
21520,2018-09-24,20.0,32.5,5.0,10.0
21524,2018-09-25,9.0,44.09,12.22,5.0
21525,2018-09-25,10.0,56.5,31.11,25.0
21526,2018-09-25,11.0,49.29,19.5,36.11
21527,2018-09-25,12.0,49.5,22.22,38.33
21528,2018-09-25,13.0,49.44,16.67,30.0
21529,2018-09-25,14.0,45.0,13.75,20.56
21530,2018-09-25,15.0,48.89,13.33,19.44
21531,2018-09-25,16.0,42.78,11.67,19.44
21532,2018-09-25,17.0,41.11,16.67,11.11
21540,2018-09-26,9.0,48.33,5.62,10.62
21541,2018-09-26,10.0,73.5,24.44,32.27
21542,2018-09-26,11.0,70.0,28.89,40.56
21543,2018-09-26,12.0,72.5,35.56,49.44
21544,2018-09-26,13.0,76.11,31.11,51.11
21545,2018-09-26,14.0,67.22,17.22,47.22
21546,2018-09-26,15.0,75.0,31.11,55.56
21547,2018-09-26,16.0,61.67,22.78,56.67
21548,2018-09-26,17.0,63.33,15.56,57.22
21549,2018-09-26,18.0,68.89,15.56,47.0
21550,2018-09-26,19.0,58.57,9.5,32.22
21551,2018-09-26,20.0,49.44,5.0,21.67
21555,2018-09-27,9.0,63.33,5.0,13.0
21556,2018-09-27,10.0,47.78,18.0,26.11
21557,2018-09-27,11.0,70.0,37.22,50.5
21558,2018-09-27,12.0,69.44,23.33,38.89
21559,2018-09-27,13.0,58.89,15.56,32.22
21560,2018-09-27,14.0,61.67,10.56,35.0
21561,2018-09-27,15.0,68.33,9.5,32.22
21562,2018-09-27,16.0,70.0,10.0,33.89
21563,2018-09-27,17.0,72.5,5.56,26.0
21564,2018-09-27,18.0,60.0,6.5,26.11
21565,2018-09-27,19.0,44.44,5.0,19.44
21566,2018-09-27,20.0,25.0,5.0,10.0
21568,2018-09-28,9.0,76.43,20.0,22.0
21569,2018-09-28,10.0,57.22,25.91,26.54
21570,2018-09-28,11.0,57.78,17.5,35.0
21571,2018-09-28,12.0,53.33,10.56,41.11
21572,2018-09-28,13.0,51.5,10.56,30.56
21573,2018-09-28,14.0,49.44,17.22,20.56
21574,2018-09-28,15.0,52.22,31.11,18.89
21575,2018-09-28,16.0,42.78,8.0,20.5
21576,2018-09-28,17.0,41.11,6.11,19.0
21584,2018-09-29,8.0,29.44,5.62,5.0
21585,2018-09-29,9.0,52.78,8.89,8.33
21586,2018-09-29,10.0,72.0,10.5,34.44
21587,2018-09-29,11.0,80.56,27.78,44.44
21588,2018-09-29,12.0,84.44,37.78,47.0
21589,2018-09-29,13.0,79.5,33.33,54.5
21590,2018-09-29,14.0,66.67,30.56,48.33
21591,2018-09-29,15.0,85.0,31.0,45.56
21592,2018-09-29,16.0,72.78,27.22,52.22
21593,2018-09-29,17.0,84.44,33.89,45.0
21594,2018-09-29,18.0,80.0,30.0,40.0
21595,2018-09-29,19.0,58.33,23.89,37.78
21596,2018-09-29,20.0,55.56,12.78,25.56
21597,2018-09-29,21.0,61.11,19.44,35.0
21598,2018-09-29,22.0,64.44,14.0,20.56
21603,2018-09-30,9.0,46.11,9.38,13.33
21604,2018-09-30,10.0,61.67,16.36,27.73
21605,2018-09-30,11.0,51.11,12.73,24.55
21606,2018-09-30,12.0,48.33,10.0,26.0
21607,2018-09-30,13.0,56.67,8.89,22.22
21608,2018-09-30,14.0,55.5,8.33,20.0
21609,2018-09-30,15.0,51.67,17.86,26.67
21610,2018-09-30,16.0,49.0,15.0,20.0
21611,2018-09-30,17.0,45.0,11.5,17.27
21619,2018-10-01,9.0,53.75,13.75,8.75
21620,2018-10-01,10.0,74.44,27.5,32.5
21621,2018-10-01,11.0,86.67,44.44,46.11
21622,2018-10-01,12.0,90.0,43.33,45.56
21623,2018-10-01,13.0,86.67,35.56,47.78
21624,2018-10-01,14.0,83.33,22.22,42.78
21625,2018-10-01,15.0,89.44,33.33,56.11
21626,2018-10-01,16.0,105.5,32.78,52.78
21627,2018-10-01,17.0,93.33,20.0,43.0
21628,2018-10-01,18.0,85.56,21.11,53.33
21629,2018-10-01,19.0,78.33,17.92,36.5
21630,2018-10-01,20.0,71.82,8.5,14.44
21631,2018-10-01,21.0,40.0,5.0,5.5
21635,2018-10-02,9.0,50.91,7.22,6.11
21636,2018-10-02,10.0,50.56,31.11,25.56
21637,2018-10-02,11.0,57.78,12.27,27.22
21638,2018-10-02,12.0,53.33,19.44,19.44
21639,2018-10-02,13.0,58.33,17.22,13.33
21640,2018-10-02,14.0,40.5,32.5,13.33
21641,2018-10-02,15.0,49.44,30.45,12.78
21642,2018-10-02,16.0,42.22,29.44,10.0
21643,2018-10-02,17.0,40.56,16.11,12.78
21651,2018-10-03,9.0,64.38,13.75,
21652,2018-10-03,10.0,80.56,40.0,31.11
21653,2018-10-03,11.0,77.22,36.67,50.56
21654,2018-10-03,12.0,78.89,43.89,60.0
21655,2018-10-03,13.0,70.0,42.86,58.89
21656,2018-10-03,14.0,55.0,39.5,54.44
21657,2018-10-03,15.0,75.56,35.0,58.0
21658,2018-10-03,16.0,77.22,37.0,50.0
21659,2018-10-03,17.0,78.89,32.22,65.0
21660,2018-10-03,18.0,81.67,31.11,56.0
21661,2018-10-03,19.0,85.56,27.78,42.22
21662,2018-10-03,20.0,68.89,14.5,28.33
21663,2018-10-03,21.0,58.33,10.0,15.0
21667,2018-10-04,9.0,55.0,,9.0
21668,2018-10-04,10.0,62.22,5.0,23.5
21669,2018-10-04,11.0,56.11,19.44,34.44
21670,2018-10-04,12.0,59.44,42.78,26.5
21671,2018-10-04,13.0,65.0,35.0,30.0
21672,2018-10-04,14.0,52.78,15.0,26.0
21673,2018-10-04,15.0,65.0,16.67,25.0
21674,2018-10-04,16.0,47.22,9.5,26.67
21675,2018-10-04,17.0,47.78,8.5,18.33
21684,2018-10-05,9.0,56.36,14.55,19.55
21685,2018-10-05,10.0,67.22,31.36,41.5
21686,2018-10-05,11.0,65.56,39.5,50.0
21687,2018-10-05,12.0,77.22,45.0,50.0
21688,2018-10-05,13.0,62.22,32.22,33.75
21689,2018-10-05,14.0,68.33,38.89,41.67
21690,2018-10-05,15.0,71.11,25.0,55.56
21691,2018-10-05,16.0,47.78,17.22,45.56
21692,2018-10-05,17.0,52.78,16.11,33.89
21699,2018-10-06,9.0,66.25,10.0,15.0
21700,2018-10-06,10.0,124.44,41.11,49.44
21701,2018-10-06,11.0,102.22,56.67,73.33
21702,2018-10-06,12.0,115.0,55.56,78.33
21703,2018-10-06,13.0,83.75,46.0,84.5
21704,2018-10-06,14.0,119.5,43.0,75.0
21705,2018-10-06,15.0,123.89,38.5,76.11
21706,2018-10-06,16.0,128.89,47.22,88.89
21707,2018-10-06,17.0,108.5,47.5,110.0
21708,2018-10-06,18.0,116.11,48.89,104.0
21709,2018-10-06,19.0,120.56,40.56,93.18
21710,2018-10-06,20.0,121.0,33.33,64.44
21711,2018-10-06,21.0,92.22,18.89,25.0
21712,2018-10-06,22.0,77.78,17.78,23.75
21716,2018-10-07,9.0,72.5,16.11,24.55
21717,2018-10-07,10.0,107.5,45.5,57.22
21718,2018-10-07,11.0,114.44,57.78,95.0
21719,2018-10-07,12.0,113.89,52.22,97.5
21720,2018-10-07,13.0,135.56,44.44,91.67
21721,2018-10-07,14.0,135.56,40.56,76.11
21722,2018-10-07,15.0,127.5,55.0,77.5
21723,2018-10-07,16.0,142.5,52.22,68.33
21724,2018-10-07,17.0,140.0,48.89,72.78
21725,2018-10-07,18.0,118.33,38.33,72.78
21726,2018-10-07,19.0,98.33,27.5,68.89
21727,2018-10-07,20.0,88.33,23.89,40.0
21728,2018-10-07,21.0,57.5,15.0,21.11
21730,2018-10-08,9.0,75.56,5.0,17.5
21731,2018-10-08,10.0,69.5,11.67,35.0
21732,2018-10-08,11.0,74.44,36.11,52.27
21733,2018-10-08,12.0,90.0,26.67,60.56
21734,2018-10-08,13.0,84.44,34.0,47.73
21735,2018-10-08,14.0,82.78,25.56,43.0
21736,2018-10-08,15.0,72.22,20.0,35.0
21737,2018-10-08,16.0,77.22,22.0,44.44
21738,2018-10-08,17.0,93.89,22.22,45.0
21748,2018-10-09,9.0,73.89,7.22,6.11
21749,2018-10-09,10.0,78.33,34.09,30.0
21750,2018-10-09,11.0,68.89,35.5,39.44
21751,2018-10-09,12.0,80.0,41.11,39.44
21752,2018-10-09,13.0,71.67,25.0,46.11
21753,2018-10-09,14.0,76.0,18.18,39.44
21754,2018-10-09,15.0,69.44,24.0,47.5
21755,2018-10-09,16.0,61.43,11.67,
21756,2018-10-09,17.0,60.0,6.67,
21765,2018-10-10,9.0,67.5,,14.38
21766,2018-10-10,10.0,121.67,32.22,45.5
21767,2018-10-10,11.0,122.0,65.0,61.11
21768,2018-10-10,12.0,142.78,68.33,85.56
21769,2018-10-10,13.0,153.33,76.11,107.0
21770,2018-10-10,14.0,113.12,49.0,82.22
21779,2018-10-10,15.0,,73.33,
21771,2018-10-10,16.0,176.11,53.33,92.22
21772,2018-10-10,17.0,143.89,52.78,95.0
21773,2018-10-10,18.0,131.11,50.56,107.78
21774,2018-10-10,19.0,140.56,48.33,110.56
21775,2018-10-10,20.0,98.33,28.33,72.78
21776,2018-10-10,21.0,80.0,17.22,42.22
21777,2018-10-10,22.0,75.45,26.11,54.0
21782,2018-10-11,9.0,56.25,5.0,10.0
21783,2018-10-11,10.0,60.56,15.45,36.36
21784,2018-10-11,11.0,67.22,20.56,39.5
21785,2018-10-11,12.0,68.89,27.22,42.22
21786,2018-10-11,13.0,62.78,25.5,40.0
21787,2018-10-11,14.0,60.0,20.0,34.38
21796,2018-10-11,15.0,,22.27,42.0
21788,2018-10-11,16.0,75.0,15.0,40.0
21789,2018-10-11,17.0,56.11,16.11,35.56
21799,2018-10-12,9.0,56.11,,23.21
21800,2018-10-12,10.0,67.5,25.0,57.0
21801,2018-10-12,11.0,81.5,43.5,68.33
21802,2018-10-12,12.0,90.0,40.0,50.56
21803,2018-10-12,13.0,80.0,36.11,59.0
21804,2018-10-12,14.0,74.44,34.5,51.11
21805,2018-10-12,15.0,77.5,30.0,51.67
21806,2018-10-12,16.0,60.0,23.0,43.33
21807,2018-10-12,17.0,56.67,16.11,38.5
21816,2018-10-13,9.0,65.0,5.0,8.18
21817,2018-10-13,10.0,107.27,28.5,33.0
21818,2018-10-13,11.0,105.0,42.5,55.56
21819,2018-10-13,12.0,125.0,48.33,74.44
21830,2018-10-13,13.0,,48.89,72.22
21820,2018-10-13,14.0,84.0,49.44,72.78
21821,2018-10-13,15.0,139.44,43.89,87.22
21822,2018-10-13,16.0,129.5,45.5,97.78
21823,2018-10-13,17.0,105.0,45.0,76.0
21824,2018-10-13,18.0,112.78,45.5,84.44
21825,2018-10-13,19.0,115.0,46.25,71.0
21826,2018-10-13,20.0,90.56,30.0,66.11
21827,2018-10-13,21.0,72.78,18.89,38.33
21828,2018-10-13,22.0,71.67,25.0,39.5
21844,2018-10-14,9.0,,10.56,9.38
21845,2018-10-14,10.0,,19.58,40.5
21831,2018-10-14,11.0,68.33,33.0,55.45
21832,2018-10-14,12.0,100.0,31.25,47.78
21833,2018-10-14,13.0,87.27,32.22,44.44
21834,2018-10-14,14.0,91.11,37.5,52.0
21835,2018-10-14,15.0,82.78,23.33,44.44
21836,2018-10-14,16.0,75.56,26.11,36.67
21837,2018-10-14,17.0,55.56,19.44,28.5
21847,2018-10-15,9.0,77.5,9.38,7.78
21848,2018-10-15,10.0,149.44,28.89,70.0
21849,2018-10-15,11.0,166.82,51.11,64.44
21850,2018-10-15,12.0,125.0,59.44,82.78
21851,2018-10-15,13.0,127.22,48.33,95.0
21852,2018-10-15,14.0,130.56,49.5,92.78
21853,2018-10-15,15.0,135.56,60.0,112.78
21854,2018-10-15,16.0,103.33,56.88,105.0
21855,2018-10-15,17.0,121.11,63.89,52.5
21856,2018-10-15,18.0,105.56,46.11,84.0
21857,2018-10-15,19.0,113.89,37.78,81.67
21858,2018-10-15,20.0,86.67,23.89,46.11
21859,2018-10-15,21.0,66.11,11.67,16.11
21863,2018-10-16,9.0,69.55,6.67,10.0
21864,2018-10-16,10.0,76.11,28.33,27.27
21865,2018-10-16,11.0,71.5,39.0,41.67
21866,2018-10-16,12.0,67.78,46.67,35.0
21867,2018-10-16,13.0,69.44,16.11,31.5
21868,2018-10-16,14.0,58.89,25.0,31.11
21869,2018-10-16,15.0,62.78,29.44,28.33
21870,2018-10-16,16.0,50.56,16.11,31.11
21871,2018-10-16,17.0,63.33,13.89,25.56
21879,2018-10-17,9.0,73.89,13.12,30.0
21880,2018-10-17,10.0,120.0,39.44,43.5
21881,2018-10-17,11.0,105.56,47.22,58.33
21882,2018-10-17,12.0,111.11,67.22,77.22
21883,2018-10-17,13.0,106.11,46.67,88.89
21884,2018-10-17,14.0,98.0,40.0,80.0
21885,2018-10-17,15.0,108.57,44.44,89.44
21886,2018-10-17,16.0,101.67,39.44,78.89
21887,2018-10-17,17.0,98.33,42.22,88.33
21888,2018-10-17,18.0,104.44,39.5,83.33
21889,2018-10-17,19.0,85.56,35.83,75.0
21890,2018-10-17,20.0,60.56,25.56,46.67
21891,2018-10-17,21.0,67.78,10.56,35.0
21896,2018-10-18,9.0,31.67,8.33,12.5
21910,2018-10-18,10.0,,30.0,31.11
21897,2018-10-18,11.0,81.88,31.67,48.33
21898,2018-10-18,12.0,88.89,35.0,31.82
21899,2018-10-18,13.0,69.5,35.0,36.0
21900,2018-10-18,14.0,71.36,30.56,32.78
21901,2018-10-18,15.0,105.5,22.5,30.0
21902,2018-10-18,16.0,54.44,16.11,34.44
21903,2018-10-18,17.0,65.5,11.67,30.0
21913,2018-10-19,9.0,61.67,15.77,27.14
21914,2018-10-19,10.0,69.0,35.0,57.0
21915,2018-10-19,11.0,70.0,37.5,50.0
21916,2018-10-19,12.0,68.89,34.0,65.56
21917,2018-10-19,13.0,74.0,30.0,63.89
21918,2018-10-19,14.0,71.67,23.33,56.5
21919,2018-10-19,15.0,62.78,19.44,51.67
21920,2018-10-19,16.0,65.0,21.67,45.0
21921,2018-10-19,17.0,47.22,12.22,25.56
21929,2018-10-20,9.0,73.75,7.22,8.64
21930,2018-10-20,10.0,81.11,30.5,32.73
21931,2018-10-20,11.0,83.89,39.55,54.44
21932,2018-10-20,12.0,112.78,49.5,79.5
21933,2018-10-20,13.0,123.33,49.44,67.22
21934,2018-10-20,14.0,107.22,42.22,58.89
21935,2018-10-20,15.0,96.67,47.78,90.56
21936,2018-10-20,16.0,116.11,45.0,81.11
21937,2018-10-20,17.0,101.67,43.0,78.89
21938,2018-10-20,18.0,92.78,44.44,65.0
21939,2018-10-20,19.0,93.33,41.67,65.0
21940,2018-10-20,20.0,74.44,25.56,47.78
21941,2018-10-20,21.0,65.56,15.56,37.0
21942,2018-10-20,22.0,57.0,11.67,28.33
21945,2018-10-21,9.0,65.0,10.0,5.0
21946,2018-10-21,10.0,82.22,56.36,20.0
21947,2018-10-21,11.0,68.89,30.0,42.5
21948,2018-10-21,12.0,57.78,28.33,40.56
21949,2018-10-21,13.0,71.82,20.0,39.5
21950,2018-10-21,14.0,75.0,20.0,36.11
21951,2018-10-21,15.0,62.22,20.56,36.67
21952,2018-10-21,16.0,63.33,16.11,33.33
21953,2018-10-21,17.0,52.78,17.22,31.67
21961,2018-10-22,9.0,68.12,7.5,7.5
21962,2018-10-22,10.0,104.38,18.0,32.0
21963,2018-10-22,11.0,88.33,45.0,53.33
21964,2018-10-22,12.0,96.43,48.33,62.78
21974,2018-10-22,13.0,,48.89,62.22
21965,2018-10-22,14.0,95.83,42.78,53.89
21966,2018-10-22,15.0,118.89,43.33,63.33
21967,2018-10-22,16.0,105.5,43.89,62.22
21968,2018-10-22,17.0,89.44,37.5,56.11
21969,2018-10-22,18.0,100.56,38.33,45.0
21970,2018-10-22,19.0,105.0,27.22,40.56
21971,2018-10-22,20.0,55.56,15.42,17.5
21972,2018-10-22,21.0,45.0,10.0,10.0
21977,2018-10-23,9.0,52.73,6.11,6.0
21978,2018-10-23,10.0,63.33,16.82,27.0
21979,2018-10-23,11.0,72.22,40.0,43.89
21980,2018-10-23,12.0,65.0,31.67,34.44
21981,2018-10-23,13.0,66.67,34.44,21.67
21982,2018-10-23,14.0,62.78,22.22,19.5
21983,2018-10-23,15.0,58.89,26.0,26.11
21984,2018-10-23,16.0,56.11,15.0,20.71
21985,2018-10-23,17.0,54.44,19.44,
21992,2018-10-24,9.0,62.5,5.0,
21993,2018-10-24,10.0,111.0,10.0,32.86
21994,2018-10-24,11.0,100.0,33.33,56.11
21995,2018-10-24,12.0,98.33,43.33,64.5
21996,2018-10-24,13.0,107.5,45.56,68.33
21997,2018-10-24,14.0,96.67,37.78,64.44
21998,2018-10-24,15.0,112.22,40.0,86.0
21999,2018-10-24,16.0,95.0,38.0,81.0
22000,2018-10-24,17.0,100.0,43.33,
22001,2018-10-24,18.0,88.89,32.73,58.5
22002,2018-10-24,19.0,81.67,33.0,86.67
22003,2018-10-24,20.0,62.78,18.0,74.44
22004,2018-10-24,21.0,57.5,6.11,12.78
22009,2018-10-25,9.0,54.0,8.75,10.0
22010,2018-10-25,10.0,68.5,18.18,
22011,2018-10-25,11.0,86.5,39.0,
22012,2018-10-25,12.0,99.5,39.44,
22013,2018-10-25,13.0,60.56,31.11,42.22
22014,2018-10-25,14.0,56.67,22.0,41.0
22015,2018-10-25,15.0,57.78,21.67,36.11
22016,2018-10-25,16.0,47.22,24.44,27.0
22017,2018-10-25,17.0,47.22,20.71,23.33
22026,2018-10-26,9.0,55.5,5.83,18.64
22027,2018-10-26,10.0,60.56,,32.22
22028,2018-10-26,11.0,69.0,30.83,24.44
22029,2018-10-26,12.0,74.17,30.0,31.67
22030,2018-10-26,13.0,97.78,33.75,41.82
22031,2018-10-26,14.0,75.56,,30.5
22032,2018-10-26,15.0,72.22,15.83,31.5
22033,2018-10-26,16.0,72.22,25.56,23.33
22034,2018-10-26,17.0,58.33,10.56,17.78
22042,2018-10-27,9.0,63.0,5.0,5.0
22043,2018-10-27,10.0,75.0,14.44,15.0
22044,2018-10-27,11.0,103.33,36.67,43.89
22045,2018-10-27,12.0,105.0,46.11,46.5
22046,2018-10-27,13.0,111.88,37.0,50.56
22055,2018-10-27,14.0,,40.5,43.0
22047,2018-10-27,15.0,96.67,42.22,47.78
22048,2018-10-27,16.0,122.78,44.44,47.22
22049,2018-10-27,17.0,116.11,47.0,42.5
22050,2018-10-27,18.0,95.56,36.67,33.33
22051,2018-10-27,19.0,102.22,35.56,30.0
22052,2018-10-27,20.0,92.78,27.0,23.89
22053,2018-10-27,21.0,53.89,8.0,5.0
22057,2018-10-28,9.0,55.56,7.0,7.22
22058,2018-10-28,10.0,74.0,16.67,8.33
22059,2018-10-28,11.0,71.5,29.5,23.5
22060,2018-10-28,12.0,65.0,24.44,23.33
22061,2018-10-28,13.0,82.22,30.91,17.22
22062,2018-10-28,14.0,72.22,18.64,19.0
22063,2018-10-28,15.0,73.89,22.22,26.0
22064,2018-10-28,16.0,63.89,20.56,18.89
22065,2018-10-28,17.0,53.33,18.89,13.89
22073,2018-10-29,9.0,67.5,6.25,5.0
22074,2018-10-29,10.0,75.0,16.67,28.33
22075,2018-10-29,11.0,91.67,44.44,45.56
22076,2018-10-29,12.0,110.0,40.0,55.56
22077,2018-10-29,13.0,99.44,35.0,66.11
22078,2018-10-29,14.0,85.0,39.44,65.56
22079,2018-10-29,15.0,108.33,48.0,68.33
22080,2018-10-29,16.0,98.89,43.89,58.89
22081,2018-10-29,17.0,93.89,35.0,58.33
22082,2018-10-29,18.0,98.89,38.89,62.5
22083,2018-10-29,19.0,82.5,37.22,26.67
22084,2018-10-29,20.0,72.22,20.0,44.44
22085,2018-10-29,21.0,56.36,12.22,27.22
22090,2018-10-30,9.0,42.0,5.0,
22091,2018-10-30,10.0,40.45,9.44,17.92
22092,2018-10-30,11.0,61.11,24.5,25.0
22093,2018-10-30,12.0,59.44,40.0,28.33
22094,2018-10-30,13.0,66.11,31.11,
22095,2018-10-30,14.0,65.0,15.0,46.88
22104,2018-10-30,15.0,,15.5,51.0
22096,2018-10-30,16.0,54.44,9.0,50.0
22097,2018-10-30,17.0,50.56,5.0,27.22
22107,2018-10-31,9.0,45.91,5.62,5.0
22108,2018-10-31,10.0,66.54,17.5,23.33
22109,2018-10-31,11.0,52.78,16.67,31.82
22110,2018-10-31,12.0,51.88,25.62,27.78
22111,2018-10-31,13.0,51.67,21.67,24.44
22112,2018-10-31,14.0,49.44,9.44,20.0
22113,2018-10-31,15.0,62.78,9.44,20.0
22114,2018-10-31,16.0,49.44,25.0,12.22
22115,2018-10-31,17.0,48.89,30.0,18.33
22123,2018-11-01,9.0,58.5,8.12,8.12
22124,2018-11-01,10.0,55.45,11.5,20.0
22125,2018-11-01,11.0,62.78,21.0,37.78
22126,2018-11-01,12.0,63.33,30.0,34.5
22127,2018-11-01,13.0,68.75,29.44,37.22
22128,2018-11-01,14.0,71.11,19.5,37.22
22129,2018-11-01,15.0,78.33,26.11,33.33
22130,2018-11-01,16.0,80.0,26.11,35.56
22131,2018-11-01,17.0,87.22,21.0,39.44
22132,2018-11-01,18.0,67.27,15.0,32.78
22133,2018-11-01,19.0,70.5,18.89,22.22
22134,2018-11-01,20.0,49.17,7.78,11.67
22135,2018-11-01,21.0,37.22,5.0,6.11
22138,2018-11-02,9.0,60.0,5.0,6.11
22139,2018-11-02,10.0,64.44,13.0,24.0
22140,2018-11-02,11.0,78.89,32.73,35.56
22141,2018-11-02,12.0,73.89,33.89,49.38
22142,2018-11-02,13.0,80.56,38.89,66.11
22143,2018-11-02,14.0,82.22,26.36,46.67
22144,2018-11-02,15.0,75.83,34.0,45.0
22145,2018-11-02,16.0,71.5,26.67,45.0
22146,2018-11-02,17.0,58.33,15.56,
22147,2018-11-02,18.0,58.33,15.0,
22148,2018-11-02,19.0,53.0,15.0,21.67
22149,2018-11-02,20.0,47.78,11.11,26.0
22150,2018-11-02,21.0,35.56,10.0,10.0
22152,2018-11-03,9.0,60.0,8.75,10.62
22153,2018-11-03,10.0,73.89,,10.56
22154,2018-11-03,11.0,95.56,30.91,18.5
22155,2018-11-03,12.0,106.11,43.33,30.0
22156,2018-11-03,13.0,93.33,43.89,40.5
22157,2018-11-03,14.0,103.33,41.92,36.67
22158,2018-11-03,15.0,121.67,52.78,55.0
22159,2018-11-03,16.0,94.44,51.11,50.0
22160,2018-11-03,17.0,96.11,46.67,50.0
22161,2018-11-03,18.0,98.0,41.67,30.0
22162,2018-11-03,19.0,108.5,35.71,23.33
22163,2018-11-03,20.0,80.0,20.62,8.33
22164,2018-11-03,21.0,53.33,16.11,7.78
22168,2018-11-04,9.0,63.5,5.0,8.18
22169,2018-11-04,10.0,104.44,,53.64
22170,2018-11-04,11.0,113.89,36.5,54.44
22171,2018-11-04,12.0,113.89,48.33,58.89
22172,2018-11-04,13.0,105.0,47.22,54.44
22173,2018-11-04,14.0,88.89,46.67,55.0
22174,2018-11-04,15.0,89.17,40.0,68.33
22175,2018-11-04,16.0,42.5,48.33,52.22
22176,2018-11-04,17.0,107.22,34.44,30.0
22177,2018-11-04,18.0,80.56,33.89,26.11
22178,2018-11-04,19.0,73.89,22.5,22.22
22179,2018-11-04,20.0,80.56,12.78,10.0
22180,2018-11-04,21.0,20.0,5.0,5.0
22182,2018-11-05,9.0,56.5,6.36,5.0
22183,2018-11-05,10.0,76.82,32.0,20.0
22184,2018-11-05,11.0,80.0,19.58,38.33
22185,2018-11-05,12.0,77.78,25.42,37.0
22186,2018-11-05,13.0,72.73,16.88,26.5
22187,2018-11-05,14.0,61.0,19.58,21.67
22188,2018-11-05,15.0,55.0,12.78,23.89
22192,2018-11-06,9.0,68.33,6.11,6.11
22193,2018-11-06,10.0,95.56,37.5,36.11
22194,2018-11-06,11.0,96.67,44.44,59.5
22195,2018-11-06,12.0,124.5,55.0,73.57
22196,2018-11-06,13.0,123.89,52.22,67.78
22197,2018-11-06,14.0,111.67,46.67,80.0
22198,2018-11-06,15.0,109.44,54.44,68.33
22199,2018-11-06,16.0,103.89,51.11,75.56
22200,2018-11-06,17.0,113.33,49.44,64.0
22201,2018-11-06,18.0,103.89,33.89,59.44
22202,2018-11-06,19.0,93.89,33.0,51.11
22203,2018-11-06,20.0,58.33,21.11,40.0
22204,2018-11-06,21.0,46.0,10.0,13.89
22206,2018-11-07,9.0,85.0,16.25,13.12
22207,2018-11-07,10.0,119.44,33.89,53.89
22208,2018-11-07,11.0,108.33,44.44,54.44
22209,2018-11-07,12.0,131.11,50.0,60.0
22210,2018-11-07,13.0,113.33,46.11,72.22
22211,2018-11-07,14.0,91.67,44.44,72.22
22212,2018-11-07,15.0,111.11,43.33,71.82
22213,2018-11-07,16.0,112.0,42.78,74.44
22214,2018-11-07,17.0,84.0,35.0,65.0
22215,2018-11-07,18.0,116.11,34.0,48.89
22216,2018-11-07,19.0,100.56,27.78,41.11
22217,2018-11-07,20.0,55.0,19.44,21.67
22218,2018-11-07,21.0,47.5,10.56,10.0
22221,2018-11-08,9.0,63.46,5.0,20.45
22222,2018-11-08,10.0,78.5,15.0,33.89
22223,2018-11-08,11.0,64.44,35.5,36.11
22224,2018-11-08,12.0,83.33,37.78,46.11
22225,2018-11-08,13.0,62.22,25.56,35.56
22226,2018-11-08,14.0,61.11,22.0,28.33
22227,2018-11-08,15.0,77.22,24.44,36.11
22228,2018-11-08,16.0,60.5,21.11,32.78
22229,2018-11-08,17.0,63.33,18.33,30.0
22238,2018-11-09,9.0,54.44,9.44,22.22
22239,2018-11-09,10.0,75.0,24.44,35.5
22240,2018-11-09,11.0,82.78,35.0,55.0
22241,2018-11-09,12.0,90.0,34.0,53.33
22242,2018-11-09,13.0,92.5,27.5,46.67
22243,2018-11-09,14.0,70.56,22.22,43.0
22244,2018-11-09,15.0,68.89,21.0,42.78
22245,2018-11-09,16.0,78.89,18.5,37.22
22246,2018-11-09,17.0,67.22,17.78,28.33
22254,2018-11-10,9.0,113.12,8.12,13.57
22255,2018-11-10,10.0,111.11,31.67,36.67
22256,2018-11-10,11.0,111.67,37.22,61.67
22257,2018-11-10,12.0,131.11,47.78,74.44
22258,2018-11-10,13.0,132.22,49.44,77.5
22259,2018-11-10,14.0,132.22,43.5,71.11
22260,2018-11-10,15.0,119.44,51.11,90.0
22261,2018-11-10,16.0,123.33,54.5,84.44
22262,2018-11-10,17.0,116.67,48.89,77.78
22263,2018-11-10,18.0,122.78,42.22,75.0
22264,2018-11-10,19.0,116.11,46.67,63.0
22265,2018-11-10,20.0,91.11,22.22,37.22
22266,2018-11-10,21.0,78.5,18.5,25.0
22267,2018-11-10,22.0,78.5,27.22,29.44
22271,2018-11-11,9.0,76.5,18.89,13.0
22272,2018-11-11,10.0,108.33,30.56,38.5
22273,2018-11-11,11.0,118.33,47.78,66.67
22274,2018-11-11,12.0,110.56,48.89,65.5
22275,2018-11-11,13.0,113.33,47.22,72.78
22276,2018-11-11,14.0,118.33,57.78,65.0
22277,2018-11-11,15.0,121.67,48.89,83.33
22278,2018-11-11,16.0,136.67,48.89,72.22
22279,2018-11-11,17.0,96.67,50.0,68.33
22280,2018-11-11,18.0,105.0,35.56,63.33
22281,2018-11-11,19.0,109.44,35.56,41.11
22282,2018-11-11,20.0,115.0,23.33,25.0
22283,2018-11-11,21.0,75.0,7.22,8.89
22285,2018-11-12,9.0,78.57,10.0,7.78
22286,2018-11-12,10.0,85.56,15.5,35.0
22287,2018-11-12,11.0,79.55,40.0,41.67
22288,2018-11-12,12.0,75.56,31.67,36.11
22289,2018-11-12,13.0,88.89,35.0,39.44
22290,2018-11-12,14.0,87.78,22.22,35.0
22291,2018-11-12,15.0,90.0,27.78,39.44
22292,2018-11-12,16.0,70.0,25.0,37.22
22293,2018-11-12,17.0,58.33,15.56,26.67
22303,2018-11-13,9.0,60.56,11.88,8.89
22304,2018-11-13,10.0,65.91,25.0,21.0
22305,2018-11-13,11.0,65.56,25.0,37.0
22306,2018-11-13,12.0,70.5,22.69,31.0
22307,2018-11-13,13.0,69.44,22.78,29.5
22308,2018-11-13,14.0,75.62,14.44,31.67
22309,2018-11-13,15.0,78.33,19.09,30.0
22310,2018-11-13,16.0,65.5,20.56,23.89
22311,2018-11-13,17.0,59.5,11.11,21.0
22319,2018-11-14,9.0,69.44,5.62,6.25
22320,2018-11-14,10.0,108.5,30.83,44.55
22321,2018-11-14,11.0,110.0,51.11,65.5
22322,2018-11-14,12.0,115.56,59.44,79.44
22323,2018-11-14,13.0,121.11,55.0,80.0
22324,2018-11-14,14.0,101.67,39.5,91.0
22325,2018-11-14,15.0,111.67,37.78,82.22
22326,2018-11-14,16.0,102.22,44.5,86.67
22327,2018-11-14,17.0,99.44,45.56,82.78
22328,2018-11-14,18.0,98.33,38.64,79.44
22329,2018-11-14,19.0,88.5,32.22,59.44
22330,2018-11-14,20.0,64.44,22.5,32.22
22331,2018-11-14,21.0,60.56,10.62,17.78
22335,2018-11-15,9.0,69.44,5.0,5.62
22336,2018-11-15,10.0,88.5,24.58,24.0
22337,2018-11-15,11.0,75.56,27.0,35.0
22338,2018-11-15,12.0,93.89,37.73,22.5
22339,2018-11-15,13.0,78.0,36.11,18.5
22340,2018-11-15,14.0,72.22,27.22,12.22
22341,2018-11-15,15.0,71.67,34.0,10.0
22342,2018-11-15,16.0,69.44,25.56,5.0
22343,2018-11-15,17.0,64.55,16.67,5.0
22352,2018-11-16,9.0,59.55,10.0,5.0
22353,2018-11-16,10.0,93.0,21.36,6.5
22354,2018-11-16,11.0,70.0,25.5,15.0
22355,2018-11-16,12.0,88.89,30.5,12.22
22356,2018-11-16,13.0,76.67,27.0,16.67
22357,2018-11-16,14.0,76.11,18.33,14.5
22358,2018-11-16,15.0,82.78,30.0,18.33
22359,2018-11-16,16.0,75.5,26.0,10.0
22360,2018-11-16,17.0,58.89,27.22,
22368,2018-11-17,9.0,96.5,8.75,8.12
22369,2018-11-17,10.0,87.22,20.91,21.5
22370,2018-11-17,11.0,98.33,40.5,41.11
22371,2018-11-17,12.0,117.78,46.11,70.56
22372,2018-11-17,13.0,112.78,45.0,58.33
22373,2018-11-17,14.0,106.11,40.0,51.11
22374,2018-11-17,15.0,132.22,56.0,66.11
22375,2018-11-17,16.0,160.0,44.44,77.5
22376,2018-11-17,17.0,106.0,46.67,63.33
22377,2018-11-17,18.0,105.0,40.91,49.44
22378,2018-11-17,19.0,101.0,37.0,36.0
22379,2018-11-17,20.0,87.78,20.56,19.44
22380,2018-11-17,21.0,75.56,14.0,11.67
22381,2018-11-17,22.0,56.11,10.56,8.89
22385,2018-11-18,9.0,55.0,5.5,9.44
22386,2018-11-18,10.0,30.0,35.0,49.44
22387,2018-11-18,11.0,118.89,50.0,60.0
22388,2018-11-18,12.0,149.5,53.5,92.5
22389,2018-11-18,13.0,136.67,43.89,90.56
22390,2018-11-18,14.0,130.0,46.0,69.44
22391,2018-11-18,15.0,145.56,50.56,87.78
22392,2018-11-18,16.0,138.33,38.75,80.5
22393,2018-11-18,17.0,136.67,41.67,68.89
22394,2018-11-18,18.0,172.22,35.0,51.5
22395,2018-11-18,19.0,169.44,29.5,44.5
22396,2018-11-18,20.0,104.5,25.0,36.67
22397,2018-11-18,21.0,57.5,15.56,26.5
22398,2018-11-18,22.0,55.56,10.0,10.0
22400,2018-11-19,9.0,88.75,,9.29
22401,2018-11-19,10.0,148.33,35.0,61.11
22402,2018-11-19,11.0,191.11,69.0,75.0
22403,2018-11-19,12.0,173.33,51.11,88.89
22404,2018-11-19,13.0,161.82,54.29,107.22
22405,2018-11-19,14.0,193.89,62.78,91.11
22406,2018-11-19,15.0,212.78,55.0,112.78
22407,2018-11-19,16.0,149.44,52.78,109.5
22408,2018-11-19,17.0,113.33,60.56,83.89
22409,2018-11-19,18.0,120.56,53.89,85.0
22410,2018-11-19,19.0,111.67,40.0,70.56
22411,2018-11-19,20.0,111.67,41.11,55.0
22412,2018-11-19,21.0,88.89,23.0,36.67
22413,2018-11-19,22.0,81.67,7.22,18.33
22417,2018-11-20,9.0,106.67,6.67,11.88
22418,2018-11-20,10.0,180.5,46.5,45.91
22419,2018-11-20,11.0,157.78,55.0,65.0
22420,2018-11-20,12.0,119.44,51.11,81.67
22421,2018-11-20,13.0,149.44,59.44,81.67
22422,2018-11-20,14.0,146.11,45.56,83.89
22423,2018-11-20,15.0,161.67,58.33,89.44
22424,2018-11-20,16.0,147.78,53.33,91.67
22425,2018-11-20,17.0,131.67,43.89,74.44
22426,2018-11-20,18.0,116.67,41.67,69.0
22427,2018-11-20,19.0,112.78,31.67,52.22
22428,2018-11-20,20.0,101.67,25.56,40.56
22429,2018-11-20,21.0,80.91,15.0,25.0
22430,2018-11-20,22.0,56.67,5.0,8.75
22432,2018-11-21,9.0,92.5,11.11,13.0
22433,2018-11-21,10.0,158.89,56.82,52.22
22434,2018-11-21,11.0,185.0,56.11,91.67
22435,2018-11-21,12.0,175.91,71.67,112.78
22436,2018-11-21,13.0,160.56,58.33,109.44
22437,2018-11-21,14.0,140.0,46.67,101.11
22438,2018-11-21,15.0,145.0,58.33,113.12
22439,2018-11-21,16.0,151.11,54.44,93.33
22440,2018-11-21,17.0,154.44,44.44,109.44
22441,2018-11-21,18.0,123.33,41.67,63.89
22442,2018-11-21,19.0,126.11,40.0,55.56
22443,2018-11-21,20.0,114.5,41.67,47.78
22444,2018-11-21,21.0,97.22,23.0,26.11
22445,2018-11-21,22.0,96.67,17.0,24.44
22450,2018-11-22,9.0,112.0,10.0,12.73
22451,2018-11-22,10.0,129.5,39.44,45.56
22452,2018-11-22,11.0,139.44,49.5,56.67
22453,2018-11-22,12.0,157.78,50.56,70.56
22454,2018-11-22,13.0,179.0,46.5,68.33
22455,2018-11-22,14.0,145.56,47.22,59.5
22456,2018-11-22,15.0,160.0,47.5,74.44
22457,2018-11-22,16.0,138.89,47.5,63.0
22458,2018-11-22,17.0,122.78,43.33,59.5
22459,2018-11-22,18.0,121.11,28.33,41.67
22460,2018-11-22,19.0,136.43,35.56,33.33
22461,2018-11-22,20.0,136.67,18.33,28.89
22462,2018-11-22,21.0,107.14,8.0,16.11
22463,2018-11-22,22.0,62.78,5.0,10.0
22467,2018-11-23,9.0,116.82,21.67,28.75
22468,2018-11-23,10.0,118.33,46.11,66.11
22469,2018-11-23,11.0,153.33,52.22,73.33
22470,2018-11-23,12.0,132.22,61.11,103.33
22471,2018-11-23,13.0,140.56,51.11,92.22
22472,2018-11-23,14.0,127.22,48.33,84.44
22473,2018-11-23,15.0,155.0,53.89,106.67
22474,2018-11-23,16.0,148.57,46.11,98.57
22481,2018-11-23,17.0,,44.5,86.0
22475,2018-11-23,18.0,128.0,46.11,70.0
22476,2018-11-23,19.0,141.36,33.89,64.44
22477,2018-11-23,20.0,90.0,29.44,55.56
22478,2018-11-23,21.0,92.22,18.5,35.56
22479,2018-11-23,22.0,59.44,5.0,7.78
22482,2018-11-24,9.0,85.71,5.0,5.0
22483,2018-11-24,10.0,120.83,17.22,27.78
22484,2018-11-24,11.0,144.5,40.56,51.11
22485,2018-11-24,12.0,141.67,37.78,64.44
22486,2018-11-24,13.0,138.33,48.89,63.89
22487,2018-11-24,14.0,142.78,36.5,61.11
22488,2018-11-24,15.0,136.11,40.0,72.78
22489,2018-11-24,16.0,138.33,37.22,64.44
22490,2018-11-24,17.0,127.22,41.25,60.56
22491,2018-11-24,18.0,127.78,30.71,51.67
22492,2018-11-24,19.0,112.78,36.67,46.67
22493,2018-11-24,20.0,90.56,28.89,42.78
22494,2018-11-24,21.0,80.56,17.78,22.22
22495,2018-11-24,22.0,58.89,8.89,10.56
22498,2018-11-25,9.0,56.0,5.0,5.56
22499,2018-11-25,10.0,80.91,7.78,41.5
22500,2018-11-25,11.0,81.67,26.36,50.56
22501,2018-11-25,12.0,90.56,22.22,35.56
22502,2018-11-25,13.0,79.44,16.11,33.89
22503,2018-11-25,14.0,82.5,18.33,27.78
22504,2018-11-25,15.0,77.78,18.89,36.67
22505,2018-11-25,16.0,73.33,22.0,
22506,2018-11-25,17.0,66.11,19.44,28.33
22514,2018-11-26,9.0,10.0,5.62,9.38
22527,2018-11-26,10.0,,25.56,40.56
22515,2018-11-26,11.0,103.0,48.89,70.56
22516,2018-11-26,12.0,106.0,43.33,54.44
22517,2018-11-26,13.0,113.89,38.33,62.22
22518,2018-11-26,14.0,133.33,39.44,52.78
22519,2018-11-26,15.0,138.33,44.44,55.0
22520,2018-11-26,16.0,134.0,40.0,60.56
22521,2018-11-26,17.0,113.75,22.5,55.56
22522,2018-11-26,18.0,85.0,31.67,31.67
22523,2018-11-26,19.0,68.33,31.67,21.67
22524,2018-11-26,20.0,51.67,15.0,9.44
22525,2018-11-26,21.0,36.11,5.0,5.0
22530,2018-11-27,9.0,67.5,7.22,5.0
22531,2018-11-27,10.0,87.22,33.0,5.0
22532,2018-11-27,11.0,101.67,38.33,10.0
22533,2018-11-27,12.0,83.0,35.56,20.0
22534,2018-11-27,13.0,77.22,29.5,12.78
22535,2018-11-27,14.0,75.0,28.5,10.0
22536,2018-11-27,15.0,72.78,32.78,10.0
22537,2018-11-27,16.0,64.44,38.33,10.0
22538,2018-11-27,17.0,64.44,35.71,5.56
22545,2018-11-28,9.0,71.0,5.0,5.0
22546,2018-11-28,10.0,126.5,17.78,5.0
22547,2018-11-28,11.0,100.56,37.5,10.56
22548,2018-11-28,12.0,95.5,38.0,28.33
22549,2018-11-28,13.0,115.0,37.5,
22550,2018-11-28,14.0,113.33,30.5,29.5
22551,2018-11-28,15.0,112.78,40.56,49.0
22552,2018-11-28,16.0,111.11,38.33,29.5
22553,2018-11-28,17.0,117.78,37.22,20.0
22554,2018-11-28,18.0,109.44,25.0,10.56
22555,2018-11-28,19.0,82.78,20.56,8.89
22556,2018-11-28,20.0,66.67,12.78,5.0
22557,2018-11-28,21.0,56.0,6.67,5.0
22562,2018-11-29,9.0,63.33,5.0,5.0
22563,2018-11-29,10.0,63.89,15.62,5.0
22564,2018-11-29,11.0,67.22,16.5,6.5
22565,2018-11-29,12.0,65.56,20.0,5.0
22566,2018-11-29,13.0,76.67,16.0,8.0
22567,2018-11-29,14.0,73.0,13.89,10.0
22568,2018-11-29,15.0,77.78,13.89,8.33
22569,2018-11-29,16.0,76.11,18.89,6.67
22570,2018-11-29,17.0,66.11,22.78,7.22
22579,2018-11-30,9.0,70.0,11.5,5.0
22580,2018-11-30,10.0,76.11,19.44,22.92
22581,2018-11-30,11.0,72.78,35.91,41.5
22582,2018-11-30,12.0,72.27,33.5,38.75
22583,2018-11-30,13.0,77.22,32.78,
22584,2018-11-30,14.0,82.78,23.89,28.33
22585,2018-11-30,15.0,77.22,26.67,42.5
22586,2018-11-30,16.0,82.22,27.22,13.33
22587,2018-11-30,17.0,61.67,15.56,25.56
22596,2018-12-01,9.0,70.0,5.56,7.5
22597,2018-12-01,10.0,79.44,28.33,26.11
22598,2018-12-01,11.0,93.89,40.45,56.11
22599,2018-12-01,12.0,108.64,44.44,50.56
22600,2018-12-01,13.0,115.0,42.78,68.89
22601,2018-12-01,14.0,115.0,45.5,62.0
22602,2018-12-01,15.0,122.78,52.22,68.33
22603,2018-12-01,16.0,111.67,38.64,52.22
22604,2018-12-01,17.0,96.11,46.11,61.11
22605,2018-12-01,18.0,102.78,43.89,66.67
22606,2018-12-01,19.0,118.89,38.0,53.33
22607,2018-12-01,20.0,113.33,18.89,31.11
22608,2018-12-01,21.0,68.33,9.44,19.44
22609,2018-12-01,22.0,58.89,12.22,22.78
22613,2018-12-02,9.0,66.67,8.33,9.44
22614,2018-12-02,10.0,67.78,13.5,33.0
22615,2018-12-02,11.0,63.33,27.5,38.64
22616,2018-12-02,12.0,79.44,28.0,43.0
22617,2018-12-02,13.0,67.22,20.5,36.11
22618,2018-12-02,14.0,80.56,18.18,31.67
22619,2018-12-02,15.0,78.5,26.67,45.0
22620,2018-12-02,16.0,65.0,26.67,36.67
22621,2018-12-02,17.0,63.33,27.22,29.44
22629,2018-12-03,9.0,87.5,6.25,
22630,2018-12-03,10.0,95.0,21.11,36.88
22631,2018-12-03,11.0,92.78,41.11,55.56
22632,2018-12-03,12.0,99.44,47.22,67.22
22633,2018-12-03,13.0,112.22,39.44,47.22
22634,2018-12-03,14.0,101.43,36.88,54.38
22635,2018-12-03,15.0,113.33,38.33,70.0
22636,2018-12-03,16.0,101.67,33.33,65.0
22637,2018-12-03,17.0,99.44,36.11,66.11
22638,2018-12-03,18.0,89.44,23.33,56.11
22639,2018-12-03,19.0,76.11,19.44,42.78
22640,2018-12-03,20.0,,7.22,11.67
22641,2018-12-03,21.0,,5.0,5.0
22645,2018-12-04,9.0,64.55,7.5,6.11
22646,2018-12-04,10.0,65.56,28.0,7.22
22647,2018-12-04,11.0,57.22,50.0,11.0
22648,2018-12-04,12.0,81.11,31.82,13.5
22649,2018-12-04,13.0,78.89,32.0,15.5
22650,2018-12-04,14.0,68.89,33.18,15.0
22651,2018-12-04,15.0,74.44,41.0,13.89
22652,2018-12-04,16.0,69.44,29.5,11.67
22653,2018-12-04,17.0,60.91,19.5,10.0
22661,2018-12-05,9.0,102.5,5.56,5.0
22662,2018-12-05,10.0,118.33,29.55,5.0
22663,2018-12-05,11.0,92.86,48.64,10.0
22664,2018-12-05,12.0,119.44,47.78,21.67
22665,2018-12-05,13.0,114.44,48.33,20.56
22666,2018-12-05,14.0,133.33,29.5,23.33
22667,2018-12-05,15.0,132.22,44.44,33.5
22668,2018-12-05,16.0,112.22,47.78,53.89
22669,2018-12-05,17.0,106.11,36.67,31.11
22670,2018-12-05,18.0,88.33,31.5,11.67
22671,2018-12-05,19.0,94.44,27.0,7.22
22672,2018-12-05,20.0,71.5,13.89,5.0
22673,2018-12-05,21.0,65.0,5.0,5.0
22677,2018-12-06,9.0,55.0,5.0,5.0
22678,2018-12-06,10.0,63.33,29.0,5.0
22679,2018-12-06,11.0,62.22,41.11,8.33
22680,2018-12-06,12.0,77.22,39.5,15.56
22681,2018-12-06,13.0,72.78,32.69,20.0
22682,2018-12-06,14.0,64.44,38.0,10.0
22683,2018-12-06,15.0,76.67,47.78,18.89
22684,2018-12-06,16.0,65.56,38.89,11.11
22685,2018-12-06,17.0,57.78,26.67,9.5
22694,2018-12-07,9.0,52.0,5.0,5.56
22695,2018-12-07,10.0,58.89,13.0,12.27
22696,2018-12-07,11.0,73.89,22.78,26.5
22697,2018-12-07,12.0,91.11,31.5,33.0
22698,2018-12-07,13.0,91.11,15.0,40.42
22699,2018-12-07,14.0,75.0,19.0,28.64
22700,2018-12-07,15.0,83.33,27.92,35.0
22701,2018-12-07,16.0,89.0,19.5,16.67
22702,2018-12-07,17.0,58.89,15.0,14.44
22710,2018-12-08,9.0,58.64,5.0,5.0
22711,2018-12-08,10.0,104.44,21.5,22.73
22712,2018-12-08,11.0,108.18,42.22,43.89
22713,2018-12-08,12.0,119.44,51.11,72.78
22714,2018-12-08,13.0,115.56,42.78,75.0
22715,2018-12-08,14.0,120.56,43.33,64.5
22716,2018-12-08,15.0,128.89,51.11,82.22
22717,2018-12-08,16.0,144.0,61.11,82.78
22718,2018-12-08,17.0,134.44,57.22,94.0
22719,2018-12-08,18.0,148.89,47.22,70.5
22720,2018-12-08,19.0,177.78,47.22,38.89
22721,2018-12-08,20.0,156.5,33.33,32.78
22722,2018-12-08,21.0,73.33,18.0,19.5
22723,2018-12-08,22.0,83.33,22.73,26.5
22726,2018-12-09,9.0,101.0,13.0,5.62
22727,2018-12-09,10.0,80.56,27.78,10.0
22728,2018-12-09,11.0,37.5,17.5,7.5
22729,2018-12-09,12.0,72.5,11.0,5.0
22730,2018-12-09,13.0,63.5,5.0,6.11
22731,2018-12-09,14.0,67.78,5.0,7.27
22732,2018-12-09,15.0,85.56,5.91,8.33
22733,2018-12-09,16.0,69.0,21.67,11.36
22734,2018-12-09,17.0,67.78,22.22,5.0
22742,2018-12-10,9.0,76.88,8.12,5.0
22743,2018-12-10,10.0,101.11,29.44,9.44
22744,2018-12-10,11.0,113.89,45.0,13.89
22745,2018-12-10,12.0,144.44,53.89,20.0
22746,2018-12-10,13.0,131.11,42.73,17.78
22747,2018-12-10,14.0,117.22,36.82,19.5
22748,2018-12-10,15.0,133.89,41.11,18.33
22749,2018-12-10,16.0,124.29,44.5,18.89
22750,2018-12-10,17.0,115.0,42.22,6.11
22751,2018-12-10,18.0,89.44,25.45,5.0
22752,2018-12-10,19.0,92.73,22.27,5.0
22753,2018-12-10,20.0,60.0,11.67,5.0
22754,2018-12-10,21.0,43.89,5.0,5.0
22760,2018-12-11,9.0,61.5,10.0,5.0
22761,2018-12-11,10.0,76.11,20.0,5.0
22762,2018-12-11,11.0,79.44,33.0,6.11
22763,2018-12-11,12.0,82.22,29.29,6.5
22764,2018-12-11,13.0,87.5,26.67,6.67
22765,2018-12-11,14.0,78.0,23.33,5.0
22766,2018-12-11,15.0,70.0,23.33,5.0
22767,2018-12-11,16.0,73.89,24.44,5.0
22768,2018-12-11,17.0,52.78,22.78,5.0
22790,2018-12-12,9.0,,9.38,5.0
22776,2018-12-12,10.0,105.0,19.0,10.56
22777,2018-12-12,11.0,104.44,34.44,26.0
22778,2018-12-12,12.0,130.56,42.22,40.0
22779,2018-12-12,13.0,126.88,43.89,42.0
22780,2018-12-12,14.0,120.0,43.33,37.78
22781,2018-12-12,15.0,117.22,48.33,43.33
22782,2018-12-12,16.0,117.22,41.67,51.11
22783,2018-12-12,17.0,117.78,48.33,44.44
22784,2018-12-12,18.0,91.67,41.0,17.78
22785,2018-12-12,19.0,105.56,32.22,13.33
22786,2018-12-12,20.0,96.11,16.67,10.0
22787,2018-12-12,21.0,70.0,11.11,10.56
22792,2018-12-13,9.0,67.5,10.0,6.88
22793,2018-12-13,10.0,68.12,13.33,6.67
22794,2018-12-13,11.0,106.5,28.0,16.0
22795,2018-12-13,12.0,109.44,26.0,12.22
22796,2018-12-13,13.0,92.78,28.33,23.0
22797,2018-12-13,14.0,79.44,17.78,15.56
22798,2018-12-13,15.0,66.11,21.67,17.78
22799,2018-12-13,16.0,81.11,18.5,12.22
22800,2018-12-13,17.0,71.5,16.11,15.5
22809,2018-12-14,9.0,60.0,15.45,5.0
22810,2018-12-14,10.0,59.55,22.78,15.0
22811,2018-12-14,11.0,70.56,23.5,23.33
22812,2018-12-14,12.0,69.09,20.0,26.11
22813,2018-12-14,13.0,84.5,19.29,25.0
22814,2018-12-14,14.0,75.5,23.89,13.5
22815,2018-12-14,15.0,62.22,27.22,15.5
22816,2018-12-14,16.0,66.36,21.54,12.78
22817,2018-12-14,17.0,57.0,17.78,10.0
22825,2018-12-15,8.0,39.29,5.0,5.0
22826,2018-12-15,9.0,72.22,9.44,
22827,2018-12-15,10.0,83.89,26.11,18.0
22828,2018-12-15,11.0,93.89,32.22,35.56
22829,2018-12-15,12.0,120.56,47.22,50.0
22830,2018-12-15,13.0,118.89,48.5,51.11
22831,2018-12-15,14.0,124.44,38.0,48.89
22832,2018-12-15,15.0,160.56,48.33,56.11
22833,2018-12-15,16.0,148.64,58.33,59.0
22834,2018-12-15,17.0,146.67,65.0,63.33
22835,2018-12-15,18.0,111.67,37.5,55.56
22836,2018-12-15,19.0,160.0,48.89,33.89
22837,2018-12-15,20.0,155.0,34.44,26.11
22838,2018-12-15,21.0,110.0,19.44,15.56
22839,2018-12-15,22.0,110.0,33.89,20.0
22844,2018-12-16,9.0,72.27,5.5,6.25
22845,2018-12-16,10.0,91.36,15.45,6.82
22846,2018-12-16,11.0,86.67,30.0,18.75
22847,2018-12-16,12.0,108.33,36.67,28.5
22848,2018-12-16,13.0,106.11,37.5,28.75
22849,2018-12-16,14.0,90.0,41.0,20.0
22850,2018-12-16,15.0,102.27,38.18,33.64
22851,2018-12-16,16.0,104.5,36.11,37.22
22852,2018-12-16,17.0,87.22,38.0,36.11
22860,2018-12-17,9.0,80.62,18.12,8.75
22861,2018-12-17,10.0,132.5,47.0,31.5
22862,2018-12-17,11.0,132.22,52.22,42.78
22863,2018-12-17,12.0,123.89,48.89,66.67
22864,2018-12-17,13.0,160.5,50.56,92.22
22865,2018-12-17,14.0,152.78,52.78,58.33
22866,2018-12-17,15.0,167.78,57.5,56.67
22867,2018-12-17,16.0,158.33,65.0,60.5
22868,2018-12-17,17.0,165.0,59.44,52.78
22869,2018-12-17,18.0,130.0,43.5,37.22
22870,2018-12-17,19.0,110.0,45.0,33.89
22871,2018-12-17,20.0,80.0,30.56,12.78
22872,2018-12-17,21.0,76.67,13.33,5.0
22873,2018-12-17,22.0,67.78,11.67,5.0
22877,2018-12-18,9.0,80.91,10.0,5.0
22878,2018-12-18,10.0,78.33,41.67,13.75
22879,2018-12-18,11.0,111.67,33.5,39.0
22880,2018-12-18,12.0,107.27,39.09,32.22
22881,2018-12-18,13.0,95.0,40.0,32.0
22882,2018-12-18,14.0,106.11,33.5,24.09
22883,2018-12-18,15.0,96.67,35.56,34.5
22884,2018-12-18,16.0,86.36,39.0,25.0
22885,2018-12-18,17.0,65.0,28.89,17.5
22893,2018-12-19,9.0,90.56,8.75,5.0
22894,2018-12-19,10.0,173.89,46.67,37.78
22895,2018-12-19,11.0,141.11,48.89,53.89
22896,2018-12-19,12.0,137.22,61.11,67.22
22897,2018-12-19,13.0,143.89,56.25,69.44
22898,2018-12-19,14.0,148.5,51.5,75.56
22899,2018-12-19,15.0,146.11,52.0,62.78
22900,2018-12-19,16.0,145.56,58.33,93.33
22901,2018-12-19,17.0,131.67,63.33,72.22
22902,2018-12-19,18.0,110.0,43.33,51.11
22903,2018-12-19,19.0,91.0,48.33,37.78
22904,2018-12-19,20.0,92.5,27.0,24.44
22905,2018-12-19,21.0,82.22,20.5,16.5
22906,2018-12-19,22.0,74.44,23.33,30.56
22910,2018-12-20,9.0,39.0,5.0,10.0
22924,2018-12-20,10.0,,5.0,5.56
22911,2018-12-20,11.0,40.5,10.0,5.0
22912,2018-12-20,12.0,53.33,8.89,5.0
22913,2018-12-20,13.0,48.75,7.22,5.0
22914,2018-12-20,14.0,45.0,11.88,5.56
22915,2018-12-20,15.0,44.44,7.78,5.0
22916,2018-12-20,16.0,48.33,5.0,5.0
22917,2018-12-20,17.0,47.22,5.0,5.0
22928,2018-12-21,9.0,67.78,13.18,7.22
22929,2018-12-21,10.0,90.42,17.5,17.0
22930,2018-12-21,11.0,95.5,35.0,17.22
22931,2018-12-21,12.0,93.89,31.82,15.0
22932,2018-12-21,13.0,102.78,23.33,13.89
22933,2018-12-21,14.0,78.33,32.22,11.67
22934,2018-12-21,15.0,89.5,31.11,8.33
22935,2018-12-21,16.0,77.22,24.5,5.0
22936,2018-12-21,17.0,61.67,24.44,6.11
22945,2018-12-22,8.0,76.67,5.0,5.0
22946,2018-12-22,9.0,91.67,11.5,6.67
22947,2018-12-22,10.0,129.44,37.22,24.44
22948,2018-12-22,11.0,125.0,37.78,23.89
22949,2018-12-22,12.0,137.0,38.18,37.22
22950,2018-12-22,13.0,161.11,55.0,46.67
22951,2018-12-22,14.0,176.67,56.0,55.5
22952,2018-12-22,15.0,158.33,43.64,46.0
22953,2018-12-22,16.0,155.45,56.67,57.22
22954,2018-12-22,17.0,151.67,50.0,55.56
22955,2018-12-22,18.0,134.44,42.22,38.89
22956,2018-12-22,19.0,166.67,36.11,8.89
22957,2018-12-22,20.0,136.67,28.33,5.0
22958,2018-12-22,21.0,84.44,18.33,5.0
22959,2018-12-22,22.0,73.33,7.0,5.0
22978,2018-12-23,8.0,,5.62,5.0
22963,2018-12-23,9.0,75.0,15.0,6.11
22964,2018-12-23,10.0,137.22,34.5,26.5
22965,2018-12-23,11.0,152.5,44.44,38.33
22966,2018-12-23,12.0,119.0,40.56,47.78
22967,2018-12-23,13.0,147.78,42.0,53.89
22968,2018-12-23,14.0,172.78,50.0,53.89
22969,2018-12-23,15.0,140.56,36.11,56.11
22970,2018-12-23,16.0,140.0,46.67,43.89
22971,2018-12-23,17.0,160.0,37.22,35.0
22972,2018-12-23,18.0,119.44,31.0,20.56
22973,2018-12-23,19.0,92.22,23.33,10.0
22974,2018-12-23,20.0,88.33,18.18,6.11
22975,2018-12-23,21.0,67.22,5.56,7.22
22976,2018-12-23,22.0,75.0,6.67,6.11
22981,2018-12-24,8.0,79.44,5.0,5.62
22982,2018-12-24,9.0,111.11,11.11,9.44
22983,2018-12-24,10.0,157.22,36.67,28.0
22984,2018-12-24,11.0,182.5,55.0,
22985,2018-12-24,12.0,165.56,52.78,86.25
22986,2018-12-24,13.0,166.67,51.67,117.78
22987,2018-12-24,14.0,170.56,67.78,106.11
22988,2018-12-24,15.0,150.0,60.56,90.0
22989,2018-12-24,16.0,196.67,62.14,119.44
22990,2018-12-24,17.0,175.56,72.0,107.78
22991,2018-12-24,18.0,176.67,51.11,84.44
22992,2018-12-24,19.0,140.0,32.86,58.89
22993,2018-12-24,20.0,102.78,31.67,41.67
22994,2018-12-24,21.0,85.0,13.89,10.0
22995,2018-12-24,22.0,90.56,6.0,5.0
22999,2018-12-25,7.0,83.33,10.0,5.0
23000,2018-12-25,8.0,81.0,16.82,6.11
23001,2018-12-25,9.0,113.0,34.5,26.67
23002,2018-12-25,10.0,122.22,44.0,46.67
23003,2018-12-25,11.0,130.0,44.44,60.56
23004,2018-12-25,12.0,173.89,72.22,107.22
23005,2018-12-25,13.0,180.0,76.67,116.67
23006,2018-12-25,14.0,155.56,92.78,143.33
23007,2018-12-25,15.0,160.0,49.44,120.0
23008,2018-12-25,16.0,170.56,52.22,114.44
23009,2018-12-25,17.0,173.33,61.67,109.44
23010,2018-12-25,18.0,162.22,53.33,105.56
23011,2018-12-25,19.0,150.0,50.0,86.11
23012,2018-12-25,20.0,112.78,28.89,56.67
23013,2018-12-25,21.0,94.44,15.56,28.33
23014,2018-12-25,22.0,106.11,5.0,7.22
23018,2018-12-26,8.0,70.45,6.25,6.67
23019,2018-12-26,9.0,124.44,12.22,19.44
23020,2018-12-26,10.0,109.44,33.89,52.78
23021,2018-12-26,11.0,140.56,54.44,86.11
23022,2018-12-26,12.0,181.11,48.33,90.0
23023,2018-12-26,13.0,142.22,56.67,104.44
23024,2018-12-26,14.0,147.78,53.89,104.44
23025,2018-12-26,15.0,148.33,47.0,98.33
23026,2018-12-26,16.0,153.89,46.25,92.78
23027,2018-12-26,17.0,147.0,57.22,67.22
23028,2018-12-26,18.0,141.67,48.33,47.78
23029,2018-12-26,19.0,136.0,33.33,36.11
23030,2018-12-26,20.0,111.67,26.11,35.0
23031,2018-12-26,21.0,93.0,15.0,16.67
23032,2018-12-26,22.0,67.22,6.67,5.0
23036,2018-12-27,8.0,82.22,7.5,9.38
23037,2018-12-27,9.0,108.89,25.56,37.78
23038,2018-12-27,10.0,142.22,61.67,76.11
23039,2018-12-27,11.0,156.11,72.78,116.67
23040,2018-12-27,12.0,155.56,57.22,87.5
23041,2018-12-27,13.0,169.44,65.56,87.22
23042,2018-12-27,14.0,188.89,80.56,107.78
23043,2018-12-27,15.0,173.33,76.67,132.78
23044,2018-12-27,16.0,186.11,75.0,153.33
23045,2018-12-27,17.0,161.11,83.33,145.0
23046,2018-12-27,18.0,156.67,63.89,114.44
23047,2018-12-27,19.0,145.0,60.0,100.56
23048,2018-12-27,20.0,131.11,42.22,95.0
23049,2018-12-27,21.0,127.78,31.11,96.67
23050,2018-12-27,22.0,106.11,11.11,31.67
23054,2018-12-28,8.0,78.5,6.25,21.25
23055,2018-12-28,9.0,112.22,27.27,45.0
23056,2018-12-28,10.0,145.5,55.0,65.0
23057,2018-12-28,11.0,169.44,56.67,101.67
23058,2018-12-28,12.0,181.25,56.0,95.56
23059,2018-12-28,13.0,184.38,68.89,104.5
23060,2018-12-28,14.0,153.89,57.78,101.5
23061,2018-12-28,15.0,170.56,54.44,92.78
23062,2018-12-28,16.0,178.89,57.22,109.44
23063,2018-12-28,17.0,149.5,52.73,101.67
23064,2018-12-28,18.0,161.67,33.89,92.22
23065,2018-12-28,19.0,150.0,25.0,75.0
23066,2018-12-28,20.0,108.89,21.11,70.56
23067,2018-12-28,21.0,119.44,11.0,38.89
23068,2018-12-28,22.0,94.0,10.56,19.44
23072,2018-12-29,8.0,66.5,10.0,16.36
23073,2018-12-29,9.0,100.56,16.11,31.11
23074,2018-12-29,10.0,113.18,41.67,51.67
23075,2018-12-29,11.0,117.0,46.11,65.56
23076,2018-12-29,12.0,131.11,45.0,70.56
23077,2018-12-29,13.0,169.5,52.27,76.11
23078,2018-12-29,14.0,167.78,49.44,102.78
23079,2018-12-29,15.0,197.22,47.22,88.89
23080,2018-12-29,16.0,145.0,49.44,100.0
23081,2018-12-29,17.0,146.67,46.67,58.33
23082,2018-12-29,18.0,138.89,35.56,74.5
23083,2018-12-29,19.0,113.5,36.67,70.0
23084,2018-12-29,20.0,104.0,28.33,57.22
23085,2018-12-29,21.0,87.22,18.89,39.44
23086,2018-12-29,22.0,74.0,8.33,23.5
23090,2018-12-30,8.0,84.0,7.22,7.22
23091,2018-12-30,9.0,108.33,23.0,46.11
23092,2018-12-30,10.0,153.89,49.55,70.0
23093,2018-12-30,11.0,150.0,52.78,99.44
23094,2018-12-30,12.0,156.82,50.0,132.22
23095,2018-12-30,13.0,153.89,53.89,141.11
23096,2018-12-30,14.0,156.11,58.33,126.67
23097,2018-12-30,15.0,155.56,51.67,143.33
23098,2018-12-30,16.0,162.0,67.0,145.0
23099,2018-12-30,17.0,147.78,53.33,142.22
23100,2018-12-30,18.0,117.78,31.11,86.67
23101,2018-12-30,19.0,142.22,46.36,77.22
23102,2018-12-30,20.0,135.56,34.44,72.78
23103,2018-12-30,21.0,136.67,27.5,67.22
23104,2018-12-30,22.0,93.0,20.5,53.33
23110,2018-12-31,8.0,110.5,8.89,17.5
23111,2018-12-31,9.0,129.44,41.67,51.25
23112,2018-12-31,10.0,202.22,77.78,
23113,2018-12-31,11.0,182.22,82.22,100.56
23114,2018-12-31,12.0,154.44,68.33,180.0
23115,2018-12-31,13.0,194.44,82.78,
23116,2018-12-31,14.0,222.22,74.44,180.0
23117,2018-12-31,15.0,217.22,79.44,151.67
23118,2018-12-31,16.0,212.78,60.0,180.0
23119,2018-12-31,17.0,176.67,71.67,162.22
23120,2018-12-31,18.0,168.33,45.0,180.0
23121,2018-12-31,19.0,177.22,58.33,180.0
23122,2018-12-31,20.0,159.44,40.56,156.67
23123,2018-12-31,21.0,170.56,31.67,80.0
23124,2018-12-31,22.0,117.78,18.33,70.0
23128,2019-01-01,9.0,81.88,,17.22
23129,2019-01-01,10.0,121.11,24.0,40.0
23130,2019-01-01,11.0,105.5,41.67,63.33
23131,2019-01-01,12.0,111.67,46.67,78.89
23132,2019-01-01,13.0,112.0,49.0,102.0
23133,2019-01-01,14.0,123.5,37.78,82.22
23134,2019-01-01,15.0,113.89,41.0,65.0
23135,2019-01-01,16.0,112.22,36.11,82.22
23136,2019-01-01,17.0,120.0,40.56,76.11
23137,2019-01-01,18.0,107.78,33.89,70.56
23138,2019-01-01,19.0,82.5,27.78,72.22
23139,2019-01-01,20.0,85.56,10.0,31.11
23140,2019-01-01,21.0,61.67,10.56,36.11
23141,2019-01-01,22.0,66.11,5.62,36.11
23143,2019-01-02,9.0,103.12,6.25,20.0
23144,2019-01-02,10.0,161.0,34.55,45.56
23145,2019-01-02,11.0,182.78,62.5,90.5
23146,2019-01-02,12.0,178.89,78.33,116.67
23147,2019-01-02,13.0,175.0,69.44,167.78
23148,2019-01-02,14.0,194.44,70.0,180.0
23149,2019-01-02,15.0,160.0,57.78,100.45
23150,2019-01-02,16.0,176.67,76.11,161.5
23151,2019-01-02,17.0,180.0,62.78,105.56
23152,2019-01-02,18.0,143.33,63.89,117.22
23153,2019-01-02,19.0,148.89,47.78,73.89
23154,2019-01-02,20.0,128.33,16.67,55.0
23155,2019-01-02,21.0,87.78,40.0,80.0
23156,2019-01-02,22.0,95.0,13.33,40.45
23158,2019-01-03,9.0,134.38,9.0,26.25
23159,2019-01-03,10.0,150.0,60.5,72.78
23160,2019-01-03,11.0,190.0,56.67,104.44
23161,2019-01-03,12.0,186.11,74.44,97.78
23162,2019-01-03,13.0,173.89,71.25,113.33
23163,2019-01-03,14.0,149.09,70.0,137.5
23164,2019-01-03,15.0,157.22,54.5,111.11
23165,2019-01-03,16.0,167.22,60.5,124.44
23166,2019-01-03,17.0,172.27,57.22,131.11
23167,2019-01-03,18.0,153.89,70.0,161.67
23168,2019-01-03,19.0,140.56,25.62,165.56
23169,2019-01-03,20.0,110.5,19.44,57.5
23170,2019-01-03,21.0,117.22,33.33,95.0
23171,2019-01-03,22.0,70.0,18.89,35.56
23174,2019-01-04,9.0,144.17,39.5,38.75
23175,2019-01-04,10.0,132.5,57.0,80.0
23176,2019-01-04,11.0,125.0,55.5,115.0
23177,2019-01-04,12.0,136.5,56.36,150.0
23178,2019-01-04,13.0,161.11,71.0,150.0
23179,2019-01-04,14.0,178.0,52.5,108.33
23180,2019-01-04,15.0,189.44,55.91,105.56
23181,2019-01-04,16.0,171.11,63.89,123.0
23182,2019-01-04,17.0,125.0,60.0,67.5
23183,2019-01-04,18.0,105.0,38.33,51.67
23184,2019-01-04,19.0,73.0,20.56,35.0
23185,2019-01-04,20.0,92.78,12.78,31.67
23186,2019-01-04,21.0,98.89,17.5,38.89
23187,2019-01-04,22.0,80.56,10.0,23.33
23190,2019-01-05,9.0,102.86,8.33,7.5
23191,2019-01-05,10.0,110.42,34.55,23.33
23192,2019-01-05,11.0,136.11,44.5,40.0
23193,2019-01-05,12.0,182.0,71.0,79.5
23194,2019-01-05,13.0,202.78,63.5,79.5
23195,2019-01-05,14.0,187.22,65.56,70.0
23196,2019-01-05,15.0,145.0,58.33,65.56
23197,2019-01-05,16.0,158.33,59.44,71.11
23198,2019-01-05,17.0,163.89,61.67,67.78
23199,2019-01-05,18.0,143.33,54.44,41.11
23200,2019-01-05,19.0,157.27,32.78,8.89
23201,2019-01-05,20.0,113.89,23.89,6.88
23202,2019-01-05,21.0,105.0,32.22,7.5
23203,2019-01-05,22.0,95.0,13.33,5.56
23207,2019-01-06,9.0,88.0,11.67,5.0
23208,2019-01-06,10.0,112.5,30.0,26.5
23209,2019-01-06,11.0,113.75,37.78,42.78
23210,2019-01-06,12.0,133.5,38.0,39.44
23211,2019-01-06,13.0,115.0,38.89,52.0
23212,2019-01-06,14.0,150.0,42.78,50.56
23213,2019-01-06,15.0,137.5,33.33,42.78
23214,2019-01-06,16.0,162.0,38.89,52.78
23215,2019-01-06,17.0,203.33,34.5,32.78
23216,2019-01-06,18.0,121.11,28.33,26.67
23217,2019-01-06,19.0,73.18,18.89,7.78
23218,2019-01-06,20.0,62.78,5.56,5.0
23220,2019-01-07,9.0,103.12,7.78,5.0
23221,2019-01-07,10.0,87.78,25.5,30.0
23222,2019-01-07,11.0,87.22,36.5,58.89
23223,2019-01-07,12.0,122.78,35.0,48.89
23224,2019-01-07,13.0,101.67,36.11,58.89
23225,2019-01-07,14.0,102.22,39.44,52.22
23226,2019-01-07,15.0,125.0,30.56,54.44
23227,2019-01-07,16.0,130.0,35.56,48.89
23228,2019-01-07,17.0,105.56,26.25,47.22
23229,2019-01-07,18.0,92.78,25.0,32.5
23230,2019-01-07,19.0,53.33,20.0,
23237,2019-01-08,9.0,72.0,11.36,5.0
23238,2019-01-08,10.0,116.0,30.0,29.0
23239,2019-01-08,11.0,110.0,43.33,59.44
23240,2019-01-08,12.0,102.22,43.18,78.33
23241,2019-01-08,13.0,116.67,42.73,58.89
23242,2019-01-08,14.0,107.78,33.33,41.11
23243,2019-01-08,15.0,97.22,31.67,40.83
23244,2019-01-08,16.0,108.33,37.22,44.44
23245,2019-01-08,17.0,106.5,36.11,48.89
23246,2019-01-08,18.0,85.0,35.0,35.56
23247,2019-01-08,19.0,55.0,17.78,12.78
23249,2019-01-09,9.0,85.62,13.89,8.75
23250,2019-01-09,10.0,91.67,18.33,21.67
23251,2019-01-09,11.0,84.0,38.89,33.5
23252,2019-01-09,12.0,94.44,32.27,43.89
23253,2019-01-09,13.0,99.44,39.17,40.0
23254,2019-01-09,14.0,107.78,38.89,39.44
23255,2019-01-09,15.0,95.0,31.11,33.89
23256,2019-01-09,16.0,103.89,34.44,46.11
23257,2019-01-09,17.0,100.56,29.44,26.67
23258,2019-01-09,18.0,73.89,26.11,12.78
23259,2019-01-09,19.0,56.0,8.0,5.0
23260,2019-01-09,20.0,53.89,5.0,5.0
23264,2019-01-10,9.0,83.12,7.5,5.0
23265,2019-01-10,10.0,89.5,13.5,5.0
23266,2019-01-10,11.0,89.0,34.0,10.0
23267,2019-01-10,12.0,93.33,36.11,20.5
23268,2019-01-10,13.0,80.0,26.0,23.89
23269,2019-01-10,14.0,73.18,23.89,17.78
23270,2019-01-10,15.0,94.09,15.0,17.78
23271,2019-01-10,16.0,100.0,21.11,9.44
23272,2019-01-10,17.0,92.78,21.11,5.0
23273,2019-01-10,18.0,74.5,8.33,5.0
23274,2019-01-10,19.0,44.44,5.0,5.0
23277,2019-01-11,9.0,69.09,6.67,5.0
23278,2019-01-11,10.0,77.22,15.5,8.64
23279,2019-01-11,11.0,93.33,36.5,28.33
23280,2019-01-11,12.0,86.67,44.44,31.67
23281,2019-01-11,13.0,94.0,32.0,40.5
23282,2019-01-11,14.0,81.11,,35.0
23283,2019-01-11,15.0,79.44,27.78,23.33
23284,2019-01-11,16.0,84.44,30.0,22.78
23285,2019-01-11,17.0,83.33,28.89,17.22
23286,2019-01-11,18.0,71.67,25.5,5.0
23287,2019-01-11,19.0,48.33,15.56,5.0
23288,2019-01-11,20.0,47.5,5.0,5.0
23291,2019-01-12,9.0,30.0,5.0,5.0
23292,2019-01-12,10.0,100.0,8.33,16.5
23293,2019-01-12,11.0,90.0,33.89,31.67
23294,2019-01-12,12.0,93.89,36.67,54.44
23295,2019-01-12,13.0,107.78,40.0,57.5
23296,2019-01-12,14.0,111.67,41.67,
23297,2019-01-12,15.0,115.0,32.22,52.5
23298,2019-01-12,16.0,105.0,47.5,76.11
23299,2019-01-12,17.0,117.5,40.56,56.67
23300,2019-01-12,18.0,132.78,39.44,43.33
23301,2019-01-12,19.0,80.56,22.78,25.0
23302,2019-01-12,20.0,81.67,13.33,15.0
23303,2019-01-12,21.0,71.67,20.0,23.0
23304,2019-01-12,22.0,59.5,7.5,7.22
23306,2019-01-13,9.0,55.0,6.43,5.0
23307,2019-01-13,10.0,64.44,8.33,15.0
23308,2019-01-13,11.0,63.89,19.09,23.89
23309,2019-01-13,12.0,70.56,21.67,30.0
23310,2019-01-13,13.0,70.0,19.0,28.89
23311,2019-01-13,14.0,72.22,17.5,26.11
23312,2019-01-13,15.0,69.44,16.67,22.22
23313,2019-01-13,16.0,67.22,18.33,22.0
23314,2019-01-13,17.0,67.22,13.33,12.0
23315,2019-01-13,18.0,56.67,5.56,9.44
23316,2019-01-13,19.0,44.44,5.0,5.0
23317,2019-01-13,20.0,58.0,5.0,5.0
23319,2019-01-14,9.0,58.33,5.0,5.0
23320,2019-01-14,10.0,74.5,11.5,8.89
23321,2019-01-14,11.0,83.0,34.44,17.73
23322,2019-01-14,12.0,114.38,41.5,21.11
23323,2019-01-14,13.0,114.44,34.44,33.33
23324,2019-01-14,14.0,108.89,35.0,16.67
23325,2019-01-14,15.0,91.67,26.67,12.22
23326,2019-01-14,16.0,92.22,35.0,28.89
23327,2019-01-14,17.0,105.0,28.89,22.22
23328,2019-01-14,18.0,97.22,19.44,9.09
23329,2019-01-14,19.0,55.56,7.22,5.0
23330,2019-01-14,20.0,44.44,5.0,5.0
23334,2019-01-15,9.0,73.5,7.5,
23335,2019-01-15,10.0,94.44,38.33,6.43
23336,2019-01-15,11.0,88.89,33.5,26.0
23337,2019-01-15,12.0,100.0,39.44,35.45
23338,2019-01-15,13.0,95.0,37.78,30.56
23339,2019-01-15,14.0,96.67,39.38,20.56
23340,2019-01-15,15.0,87.5,35.56,16.67
23341,2019-01-15,16.0,92.0,29.44,20.5
23342,2019-01-15,17.0,83.89,18.89,7.22
23343,2019-01-15,18.0,82.22,23.0,5.0
23344,2019-01-15,19.0,42.78,6.11,5.0
23359,2019-01-16,9.0,,10.0,5.0
23346,2019-01-16,10.0,90.0,21.67,152.5
23347,2019-01-16,11.0,92.73,42.22,
23348,2019-01-16,12.0,117.78,35.56,
23349,2019-01-16,13.0,113.89,38.89,
23350,2019-01-16,14.0,106.11,24.0,10.0
23351,2019-01-16,15.0,99.44,24.5,
23352,2019-01-16,16.0,138.33,29.44,
23353,2019-01-16,17.0,97.22,16.67,
23354,2019-01-16,18.0,91.67,8.0,
23355,2019-01-16,19.0,86.67,7.78,
23361,2019-01-17,9.0,70.56,8.89,5.0
23362,2019-01-17,10.0,92.22,13.0,18.33
23363,2019-01-17,11.0,94.44,35.0,35.56
23364,2019-01-17,12.0,85.0,43.33,45.0
23365,2019-01-17,13.0,97.0,34.44,47.78
23366,2019-01-17,14.0,96.11,33.0,37.78
23367,2019-01-17,15.0,103.33,20.0,33.89
23368,2019-01-17,16.0,102.78,25.56,32.78
23369,2019-01-17,17.0,81.67,30.77,25.5
23370,2019-01-17,18.0,77.22,12.22,11.67
23371,2019-01-17,19.0,46.11,7.78,5.0
23377,2019-01-18,9.0,83.0,34.38,12.22
23378,2019-01-18,10.0,95.0,31.11,35.91
23379,2019-01-18,11.0,103.33,52.78,55.83
23380,2019-01-18,12.0,102.78,46.67,47.22
23381,2019-01-18,13.0,98.5,49.5,71.67
23382,2019-01-18,14.0,123.89,42.78,70.0
23383,2019-01-18,15.0,110.5,30.0,50.0
23384,2019-01-18,16.0,99.44,37.78,60.56
23385,2019-01-18,17.0,101.11,36.11,58.89
23386,2019-01-18,18.0,111.67,26.36,55.0
23387,2019-01-18,19.0,62.78,22.78,19.44
23388,2019-01-18,20.0,40.0,5.56,5.0
23390,2019-01-19,9.0,91.25,6.11,6.25
23391,2019-01-19,10.0,138.33,16.36,32.27
23392,2019-01-19,11.0,112.0,49.44,55.56
23393,2019-01-19,12.0,125.0,55.56,85.0
23394,2019-01-19,13.0,134.44,55.0,79.44
23395,2019-01-19,14.0,142.78,56.67,93.33
23396,2019-01-19,15.0,145.0,51.11,101.67
23397,2019-01-19,16.0,157.78,51.11,101.11
23398,2019-01-19,17.0,135.56,55.56,87.78
23399,2019-01-19,18.0,144.44,59.44,90.0
23400,2019-01-19,19.0,139.44,34.44,
23401,2019-01-19,20.0,122.22,23.33,43.89
23402,2019-01-19,21.0,126.67,36.0,42.0
23403,2019-01-19,22.0,82.78,16.67,20.56
23405,2019-01-20,9.0,83.89,6.88,5.62
23406,2019-01-20,10.0,125.0,26.67,20.91
23407,2019-01-20,11.0,129.44,47.0,23.5
23408,2019-01-20,12.0,123.0,48.89,38.33
23409,2019-01-20,13.0,118.89,51.0,39.44
23410,2019-01-20,14.0,168.18,54.44,21.67
23411,2019-01-20,15.0,180.0,43.89,18.33
23412,2019-01-20,16.0,173.33,37.86,18.89
23413,2019-01-20,17.0,113.33,42.78,6.67
23414,2019-01-20,18.0,99.5,39.44,5.0
23415,2019-01-20,19.0,72.78,16.67,5.0
23416,2019-01-20,20.0,61.11,11.0,5.0
23417,2019-01-20,21.0,56.25,8.33,5.0
23420,2019-01-21,9.0,68.64,5.0,5.0
23421,2019-01-21,10.0,109.09,18.5,8.89
23422,2019-01-21,11.0,114.44,41.67,14.44
23423,2019-01-21,12.0,113.89,37.92,29.44
23424,2019-01-21,13.0,120.0,35.0,26.67
23425,2019-01-21,14.0,119.0,37.22,35.0
23426,2019-01-21,15.0,151.11,36.0,30.0
23427,2019-01-21,16.0,140.56,40.56,30.0
23428,2019-01-21,17.0,100.56,36.5,11.67
23429,2019-01-21,18.0,99.44,35.56,5.56
23430,2019-01-21,19.0,118.33,28.89,5.0
23431,2019-01-21,20.0,61.36,5.0,5.0
23435,2019-01-22,9.0,81.11,5.62,5.0
23436,2019-01-22,10.0,130.56,34.0,35.5
23437,2019-01-22,11.0,129.44,48.5,57.22
23438,2019-01-22,12.0,142.22,57.22,75.0
23439,2019-01-22,13.0,149.5,49.44,68.33
23440,2019-01-22,14.0,156.67,49.44,67.5
23441,2019-01-22,15.0,150.0,35.0,55.0
23442,2019-01-22,16.0,143.33,54.0,69.44
23443,2019-01-22,17.0,155.56,38.33,62.78
23444,2019-01-22,18.0,175.56,43.89,43.33
23445,2019-01-22,19.0,124.44,17.22,9.44
23447,2019-01-23,9.0,80.62,14.0,7.5
23448,2019-01-23,10.0,110.56,22.0,24.44
23449,2019-01-23,11.0,133.33,39.44,44.5
23450,2019-01-23,12.0,122.22,51.43,63.64
23451,2019-01-23,13.0,125.56,43.33,55.0
23452,2019-01-23,14.0,137.5,34.44,66.11
23453,2019-01-23,15.0,111.5,26.11,67.22
23454,2019-01-23,16.0,106.67,32.5,55.5
23455,2019-01-23,17.0,103.33,28.5,48.0
23456,2019-01-23,18.0,95.0,35.0,
23457,2019-01-23,19.0,84.44,12.22,7.5
23461,2019-01-24,9.0,49.38,5.0,5.83
23462,2019-01-24,10.0,70.0,5.56,10.0
23463,2019-01-24,11.0,82.22,21.5,21.82
23464,2019-01-24,12.0,84.5,25.45,24.44
23465,2019-01-24,13.0,76.11,21.36,31.11
23466,2019-01-24,14.0,81.0,23.89,30.0
23467,2019-01-24,15.0,80.56,15.56,45.45
23468,2019-01-24,16.0,86.5,12.5,36.5
23469,2019-01-24,17.0,73.0,12.22,32.27
23470,2019-01-24,18.0,62.78,8.33,9.5
23471,2019-01-24,19.0,40.56,6.11,5.0
23477,2019-01-25,9.0,90.0,25.0,5.0
23478,2019-01-25,10.0,94.44,34.5,6.5
23479,2019-01-25,11.0,115.56,44.17,13.33
23480,2019-01-25,12.0,107.22,44.5,28.5
23481,2019-01-25,13.0,110.0,41.67,29.44
23482,2019-01-25,14.0,103.5,36.11,22.22
23483,2019-01-25,15.0,116.67,30.91,24.44
23484,2019-01-25,16.0,106.11,38.33,32.27
23485,2019-01-25,17.0,109.44,40.0,14.44
23486,2019-01-25,18.0,107.78,28.89,6.67
23487,2019-01-25,19.0,73.89,15.0,5.0
23488,2019-01-25,20.0,58.89,5.56,5.0
23490,2019-01-26,9.0,100.0,13.33,5.0
23491,2019-01-26,10.0,97.78,23.89,9.5
23492,2019-01-26,11.0,125.56,42.5,20.0
23493,2019-01-26,12.0,121.67,48.5,41.11
23494,2019-01-26,13.0,141.67,51.11,32.78
23495,2019-01-26,14.0,146.67,47.5,39.44
23496,2019-01-26,15.0,142.0,48.33,33.89
23497,2019-01-26,16.0,152.78,49.44,25.56
23498,2019-01-26,17.0,138.33,58.5,20.0
23499,2019-01-26,18.0,150.0,35.0,12.22
23500,2019-01-26,19.0,103.33,31.67,5.0
23501,2019-01-26,20.0,102.22,20.0,5.0
23502,2019-01-26,21.0,85.0,24.44,6.11
23503,2019-01-26,22.0,66.5,9.44,5.0
23506,2019-01-27,9.0,39.09,5.0,5.0
23507,2019-01-27,10.0,45.5,5.0,5.56
23508,2019-01-27,11.0,53.89,8.89,6.11
23509,2019-01-27,12.0,44.44,5.0,5.0
23510,2019-01-27,13.0,41.67,9.5,5.0
23511,2019-01-27,14.0,32.5,6.67,5.0
23512,2019-01-27,15.0,38.5,5.0,5.0
23513,2019-01-27,16.0,42.22,5.0,5.0
23514,2019-01-27,17.0,22.14,5.0,5.0
23515,2019-01-27,18.0,17.78,5.0,5.0
23516,2019-01-27,19.0,10.0,5.0,5.0
23518,2019-01-28,9.0,75.62,10.0,5.0
23519,2019-01-28,10.0,96.5,26.11,5.56
23520,2019-01-28,11.0,121.67,54.5,23.5
23521,2019-01-28,12.0,110.56,60.0,11.67
23522,2019-01-28,13.0,121.11,51.36,6.11
23523,2019-01-28,14.0,130.5,42.27,5.0
23524,2019-01-28,15.0,120.0,38.33,
23525,2019-01-28,16.0,131.11,40.0,6.67
23526,2019-01-28,17.0,121.67,37.78,20.0
23527,2019-01-28,18.0,91.11,40.0,14.44
23528,2019-01-28,19.0,62.5,6.88,8.89
23535,2019-01-29,9.0,63.0,6.25,5.0
23536,2019-01-29,10.0,119.5,28.57,16.82
23537,2019-01-29,11.0,138.89,42.22,43.0
23538,2019-01-29,12.0,121.0,46.11,57.0
23539,2019-01-29,13.0,142.78,40.56,48.0
23540,2019-01-29,14.0,140.62,37.78,41.0
23541,2019-01-29,15.0,119.5,24.5,35.5
23542,2019-01-29,16.0,120.5,34.0,41.11
23543,2019-01-29,17.0,106.67,33.89,27.78
23544,2019-01-29,18.0,84.44,28.0,16.11
23545,2019-01-29,19.0,74.0,11.67,5.0
23547,2019-01-30,9.0,80.5,8.12,5.0
23548,2019-01-30,10.0,101.36,15.5,7.22
23549,2019-01-30,11.0,101.11,43.89,7.0
23550,2019-01-30,12.0,108.0,41.67,12.78
23551,2019-01-30,13.0,98.33,34.5,10.0
23552,2019-01-30,14.0,115.0,32.78,12.0
23553,2019-01-30,15.0,101.67,22.78,6.11
23554,2019-01-30,16.0,105.0,25.71,13.89
23555,2019-01-30,17.0,66.67,,7.22
23556,2019-01-30,18.0,86.0,23.75,5.0
23557,2019-01-30,19.0,58.64,17.22,5.0
23560,2019-01-31,9.0,74.38,15.0,5.0
23561,2019-01-31,10.0,105.56,36.82,
23562,2019-01-31,11.0,121.11,45.0,22.5
23563,2019-01-31,12.0,113.5,32.78,38.89
23564,2019-01-31,13.0,103.89,38.33,26.67
23565,2019-01-31,14.0,111.0,32.78,34.44
23566,2019-01-31,15.0,116.11,28.33,26.67
23567,2019-01-31,16.0,150.0,38.33,33.33
23568,2019-01-31,17.0,123.89,30.56,20.56
23569,2019-01-31,18.0,116.11,25.56,8.33
23570,2019-01-31,19.0,95.0,7.78,5.0
23573,2019-02-01,9.0,82.22,10.56,6.67
23574,2019-02-01,10.0,117.5,21.92,25.5
23575,2019-02-01,11.0,115.56,35.0,32.5
23576,2019-02-01,12.0,131.11,31.11,34.44
23577,2019-02-01,13.0,125.0,40.56,40.0
23578,2019-02-01,14.0,122.0,36.82,52.22
23579,2019-02-01,15.0,91.67,21.67,46.67
23580,2019-02-01,16.0,136.67,34.44,48.89
23581,2019-02-01,17.0,165.0,30.0,40.56
23582,2019-02-01,18.0,120.0,26.67,28.89
23583,2019-02-01,19.0,99.44,13.33,8.33
23584,2019-02-01,20.0,48.89,7.22,5.0
23586,2019-02-02,9.0,85.0,10.0,8.89
23587,2019-02-02,10.0,91.67,19.0,17.27
23588,2019-02-02,11.0,97.0,33.33,49.44
23589,2019-02-02,12.0,100.56,40.0,52.22
23590,2019-02-02,13.0,120.5,44.09,64.44
23591,2019-02-02,14.0,132.22,39.0,62.22
23592,2019-02-02,15.0,113.89,36.67,77.22
23593,2019-02-02,16.0,122.22,47.22,74.44
23594,2019-02-02,17.0,127.22,52.78,57.78
23595,2019-02-02,18.0,119.44,42.22,70.0
23596,2019-02-02,19.0,81.67,33.33,32.78
23597,2019-02-02,20.0,101.67,18.18,20.56
23598,2019-02-02,21.0,76.11,23.5,30.0
23599,2019-02-02,22.0,59.44,7.0,16.67
23603,2019-02-03,9.0,76.82,11.67,5.0
23604,2019-02-03,10.0,94.09,24.0,14.23
23605,2019-02-03,11.0,100.0,38.75,20.56
23615,2019-02-03,12.0,,42.22,36.67
23606,2019-02-03,13.0,95.0,38.0,40.0
23607,2019-02-03,14.0,130.0,41.11,42.22
23608,2019-02-03,15.0,150.0,36.11,37.78
23609,2019-02-03,16.0,157.0,32.22,47.5
23610,2019-02-03,17.0,146.67,35.77,47.5
23611,2019-02-03,18.0,95.0,34.44,30.0
23612,2019-02-03,19.0,85.0,16.67,18.33
23613,2019-02-03,20.0,68.33,5.56,5.0
23617,2019-02-04,9.0,82.78,6.88,5.0
23618,2019-02-04,10.0,109.44,31.82,12.92
23619,2019-02-04,11.0,107.22,58.64,25.5
23620,2019-02-04,12.0,112.22,54.0,43.33
23621,2019-02-04,13.0,112.78,48.33,50.5
23622,2019-02-04,14.0,110.0,44.44,43.89
23623,2019-02-04,15.0,120.0,38.33,42.22
23624,2019-02-04,16.0,114.44,43.89,59.0
23625,2019-02-04,17.0,112.78,45.56,53.89
23626,2019-02-04,18.0,107.22,33.33,40.56
23627,2019-02-04,19.0,83.5,22.22,15.5
23628,2019-02-04,20.0,44.38,9.44,5.0
23632,2019-02-05,9.0,75.56,20.62,5.0
23633,2019-02-05,10.0,110.56,26.36,39.55
23634,2019-02-05,11.0,120.0,44.44,51.11
23635,2019-02-05,12.0,113.5,51.67,46.67
23636,2019-02-05,13.0,115.0,41.0,60.56
23637,2019-02-05,14.0,106.11,37.78,47.78
23638,2019-02-05,15.0,87.78,24.44,46.67
23639,2019-02-05,16.0,125.91,34.5,66.67
23640,2019-02-05,17.0,116.5,27.0,51.0
23641,2019-02-05,18.0,88.33,26.0,38.5
23642,2019-02-05,19.0,50.56,18.33,20.0
23644,2019-02-06,9.0,87.5,11.5,5.0
23645,2019-02-06,10.0,77.5,16.67,23.5
23646,2019-02-06,11.0,95.91,31.11,44.09
23647,2019-02-06,12.0,100.0,35.91,46.88
23648,2019-02-06,13.0,91.5,41.11,63.75
23649,2019-02-06,14.0,95.56,31.67,61.5
23650,2019-02-06,15.0,88.0,26.5,66.11
23651,2019-02-06,16.0,97.78,28.33,65.0
23652,2019-02-06,17.0,90.0,24.5,44.44
23653,2019-02-06,18.0,70.0,18.89,35.56
23654,2019-02-06,19.0,53.33,18.33,26.67
23658,2019-02-07,9.0,67.22,15.62,7.5
23659,2019-02-07,10.0,114.44,22.78,29.44
23660,2019-02-07,11.0,104.44,39.5,43.89
23661,2019-02-07,12.0,96.11,35.0,45.0
23662,2019-02-07,13.0,88.89,39.44,60.56
23663,2019-02-07,14.0,100.0,33.33,61.67
23664,2019-02-07,15.0,111.67,25.0,70.0
23665,2019-02-07,16.0,85.56,28.89,64.44
23666,2019-02-07,17.0,99.0,24.44,48.89
23667,2019-02-07,18.0,101.67,20.0,39.44
23668,2019-02-07,19.0,66.67,10.0,13.33
23675,2019-02-08,9.0,68.33,16.88,20.56
23676,2019-02-08,10.0,84.29,34.0,35.91
23677,2019-02-08,11.0,87.78,40.0,51.11
23678,2019-02-08,12.0,87.78,41.11,69.0
23679,2019-02-08,13.0,106.11,42.5,77.78
23680,2019-02-08,14.0,104.44,40.0,81.5
23681,2019-02-08,15.0,78.18,38.89,81.67
23682,2019-02-08,16.0,121.5,37.5,84.44
23683,2019-02-08,17.0,134.5,39.17,58.0
23684,2019-02-08,18.0,132.22,33.33,47.78
23685,2019-02-08,19.0,87.22,22.0,42.78
23686,2019-02-08,20.0,68.0,11.67,21.67
23687,2019-02-08,21.0,55.0,11.11,27.22
23689,2019-02-09,9.0,74.44,9.44,5.56
23690,2019-02-09,10.0,89.29,19.44,22.22
23691,2019-02-09,11.0,105.56,39.0,52.78
23692,2019-02-09,12.0,102.22,37.5,51.0
23693,2019-02-09,13.0,106.67,47.0,60.56
23694,2019-02-09,14.0,120.56,42.5,50.0
23695,2019-02-09,15.0,141.11,40.0,41.67
23696,2019-02-09,16.0,149.44,41.67,63.33
23697,2019-02-09,17.0,118.33,38.0,35.62
23698,2019-02-09,18.0,115.56,41.11,
23699,2019-02-09,19.0,87.5,31.11,10.0
23700,2019-02-09,20.0,92.22,15.62,23.33
23701,2019-02-09,21.0,78.89,28.0,32.22
23702,2019-02-09,22.0,60.0,8.89,15.56
23706,2019-02-10,9.0,56.5,7.5,5.0
23707,2019-02-10,10.0,78.33,19.0,13.33
23708,2019-02-10,11.0,93.33,24.17,26.11
23709,2019-02-10,12.0,74.44,30.56,26.11
23710,2019-02-10,13.0,74.44,36.11,23.89
23711,2019-02-10,14.0,93.33,35.0,39.44
23712,2019-02-10,15.0,91.11,26.67,31.67
23713,2019-02-10,16.0,89.44,30.56,45.56
23714,2019-02-10,17.0,88.89,36.67,42.78
23715,2019-02-10,18.0,93.33,25.56,30.0
23716,2019-02-10,19.0,72.22,22.22,21.11
23717,2019-02-10,20.0,76.11,6.11,8.89
23719,2019-02-11,9.0,68.0,6.88,5.62
23720,2019-02-11,10.0,130.0,17.22,29.44
23721,2019-02-11,11.0,121.5,42.22,39.44
23722,2019-02-11,12.0,95.56,42.22,54.44
23723,2019-02-11,13.0,101.5,52.78,71.5
23724,2019-02-11,14.0,103.5,45.56,71.67
23725,2019-02-11,15.0,102.78,41.11,80.0
23726,2019-02-11,16.0,122.22,41.67,73.5
23727,2019-02-11,17.0,113.0,36.5,79.5
23728,2019-02-11,18.0,97.92,33.89,62.5
23729,2019-02-11,19.0,64.44,16.67,43.89
23743,2019-02-12,9.0,,,5.62
23742,2019-02-12,10.0,,21.25,36.67
23732,2019-02-12,11.0,103.0,43.33,41.11
23733,2019-02-12,12.0,120.0,47.22,40.56
23734,2019-02-12,13.0,102.5,35.45,46.11
23735,2019-02-12,14.0,100.56,32.78,53.33
23736,2019-02-12,15.0,80.0,32.27,45.0
23737,2019-02-12,16.0,102.5,32.78,31.0
23738,2019-02-12,17.0,98.33,15.0,52.22
23739,2019-02-12,18.0,78.89,13.0,33.33
23740,2019-02-12,19.0,61.11,9.44,19.0
23744,2019-02-13,9.0,63.33,10.0,5.0
23745,2019-02-13,10.0,68.33,10.0,8.33
23746,2019-02-13,11.0,65.5,23.89,18.89
23747,2019-02-13,12.0,77.78,30.56,12.5
23748,2019-02-13,13.0,87.78,20.56,15.56
23749,2019-02-13,14.0,83.33,24.44,13.89
23750,2019-02-13,15.0,75.0,18.89,17.22
23757,2019-02-13,16.0,,21.67,17.22
23751,2019-02-13,17.0,87.86,22.22,5.56
23752,2019-02-13,18.0,92.22,17.78,5.0
23753,2019-02-13,19.0,71.5,10.56,5.0
23758,2019-02-14,9.0,79.44,12.0,5.0
23759,2019-02-14,10.0,115.0,21.67,16.67
23760,2019-02-14,11.0,80.0,36.67,40.0
23761,2019-02-14,12.0,96.11,49.44,55.56
23762,2019-02-14,13.0,109.44,46.11,73.89
23763,2019-02-14,14.0,132.22,46.67,76.67
23764,2019-02-14,15.0,129.5,39.0,80.56
23765,2019-02-14,16.0,140.5,42.78,93.57
23766,2019-02-14,17.0,99.0,45.0,72.22
23767,2019-02-14,18.0,97.22,37.5,57.78
23768,2019-02-14,19.0,84.44,31.11,28.5
23769,2019-02-14,20.0,56.11,10.0,5.0
23775,2019-02-15,9.0,105.5,37.0,
23776,2019-02-15,10.0,97.0,51.11,15.0
23777,2019-02-15,11.0,112.78,56.11,46.43
23778,2019-02-15,12.0,150.45,52.78,104.44
23779,2019-02-15,13.0,124.44,60.5,110.0
23780,2019-02-15,14.0,115.0,53.33,108.33
23781,2019-02-15,15.0,110.56,48.18,110.0
23782,2019-02-15,16.0,111.67,45.56,112.22
23783,2019-02-15,17.0,120.5,42.78,80.0
23784,2019-02-15,18.0,116.11,33.89,65.56
23785,2019-02-15,19.0,105.56,27.78,53.0
23786,2019-02-15,20.0,82.5,16.11,33.0
23787,2019-02-15,21.0,59.44,11.11,19.0
23789,2019-02-16,8.0,60.0,7.86,5.0
23790,2019-02-16,9.0,74.44,16.11,12.22
23791,2019-02-16,10.0,126.11,42.78,39.0
23792,2019-02-16,11.0,148.0,57.22,67.22
23793,2019-02-16,12.0,151.67,62.78,92.22
23794,2019-02-16,13.0,156.11,66.88,104.44
23795,2019-02-16,14.0,135.56,68.12,116.67
23796,2019-02-16,15.0,143.33,60.0,75.0
23797,2019-02-16,16.0,168.33,64.44,
23798,2019-02-16,17.0,147.78,67.78,68.33
23799,2019-02-16,18.0,141.11,60.56,118.89
23800,2019-02-16,19.0,123.33,37.78,78.33
23801,2019-02-16,20.0,101.67,24.44,37.0
23802,2019-02-16,21.0,100.56,30.56,45.0
23803,2019-02-16,22.0,79.44,18.33,38.33
23807,2019-02-17,9.0,95.42,16.36,26.11
23808,2019-02-17,10.0,117.73,50.56,64.58
23809,2019-02-17,11.0,144.44,68.12,118.33
23810,2019-02-17,12.0,161.67,77.5,105.56
23811,2019-02-17,13.0,167.78,71.67,116.67
23812,2019-02-17,14.0,177.78,62.0,123.0
23813,2019-02-17,15.0,173.33,60.0,124.44
23814,2019-02-17,16.0,134.44,59.44,122.73
23815,2019-02-17,17.0,120.56,51.0,87.22
23816,2019-02-17,18.0,144.44,47.92,75.56
23817,2019-02-17,19.0,151.67,31.67,63.75
23818,2019-02-17,20.0,129.44,18.0,25.0
23819,2019-02-17,21.0,130.0,25.0,91.11
23820,2019-02-17,22.0,64.17,9.0,47.78
23822,2019-02-18,9.0,93.89,20.91,13.12
23823,2019-02-18,10.0,123.33,36.5,44.0
23824,2019-02-18,11.0,123.5,55.71,76.67
23825,2019-02-18,12.0,157.78,70.0,81.25
23826,2019-02-18,13.0,152.78,53.89,102.22
23827,2019-02-18,14.0,105.56,50.0,103.89
23828,2019-02-18,15.0,120.0,47.78,102.5
23829,2019-02-18,16.0,126.11,42.5,91.67
23830,2019-02-18,17.0,125.56,48.89,63.89
23831,2019-02-18,18.0,141.11,37.5,66.67
23832,2019-02-18,19.0,107.78,30.0,55.56
23833,2019-02-18,20.0,91.67,14.44,22.78
23834,2019-02-18,21.0,73.89,12.78,27.5
23838,2019-02-19,9.0,101.36,14.5,13.33
23839,2019-02-19,10.0,112.78,31.67,55.91
23840,2019-02-19,11.0,154.5,51.67,72.5
23841,2019-02-19,12.0,141.67,58.89,91.11
23842,2019-02-19,13.0,111.67,63.89,89.44
23843,2019-02-19,14.0,122.22,50.0,100.0
23844,2019-02-19,15.0,126.67,38.89,66.67
23845,2019-02-19,16.0,125.0,40.56,77.22
23846,2019-02-19,17.0,107.78,48.33,65.56
23847,2019-02-19,18.0,106.67,36.67,71.11
23848,2019-02-19,19.0,91.11,26.67,65.0
23849,2019-02-19,20.0,80.0,12.22,33.33
23850,2019-02-19,21.0,57.78,9.29,20.5
23852,2019-02-20,9.0,95.0,21.25,13.33
23853,2019-02-20,10.0,160.0,44.44,51.0
23854,2019-02-20,11.0,133.33,50.0,74.44
23855,2019-02-20,12.0,125.91,,111.67
23856,2019-02-20,13.0,155.56,45.71,115.0
23857,2019-02-20,14.0,117.22,62.0,100.56
23858,2019-02-20,15.0,120.0,60.0,75.0
23859,2019-02-20,17.0,109.44,55.0,82.78
23860,2019-02-20,18.0,106.11,46.67,75.0
23861,2019-02-20,19.0,106.67,41.11,51.67
23862,2019-02-20,20.0,92.0,21.11,33.89
23863,2019-02-20,21.0,95.5,25.0,45.56
23867,2019-02-21,9.0,92.5,7.78,13.89
23868,2019-02-21,10.0,113.0,24.44,40.0
23881,2019-02-21,11.0,,53.33,63.89
23869,2019-02-21,12.0,100.0,44.44,72.78
23870,2019-02-21,13.0,130.56,53.33,60.0
23871,2019-02-21,14.0,132.22,45.0,68.89
23872,2019-02-21,15.0,121.11,37.78,64.44
23873,2019-02-21,16.0,145.56,34.44,83.33
23874,2019-02-21,17.0,124.44,37.22,101.67
23875,2019-02-21,18.0,125.0,36.5,47.22
23876,2019-02-21,19.0,82.22,22.5,48.89
23877,2019-02-21,20.0,62.22,10.0,26.67
23884,2019-02-22,9.0,75.0,14.5,23.33
23885,2019-02-22,10.0,99.44,27.0,61.11
23886,2019-02-22,11.0,90.0,49.5,51.67
23887,2019-02-22,12.0,108.33,41.67,68.89
23888,2019-02-22,13.0,94.44,46.11,79.44
23889,2019-02-22,14.0,112.22,38.89,83.89
23890,2019-02-22,15.0,113.89,31.0,70.56
23891,2019-02-22,16.0,143.89,33.89,78.33
23892,2019-02-22,17.0,87.22,41.11,59.44
23893,2019-02-22,18.0,101.11,27.78,54.44
23894,2019-02-22,19.0,113.89,20.0,36.67
23895,2019-02-22,20.0,74.0,5.56,15.56
23897,2019-02-23,9.0,69.44,8.12,8.75
23898,2019-02-23,10.0,84.44,24.58,24.55
23899,2019-02-23,11.0,116.0,40.5,51.36
23900,2019-02-23,12.0,115.0,47.5,68.89
23901,2019-02-23,13.0,124.44,52.22,78.33
23902,2019-02-23,14.0,117.22,52.22,78.33
23903,2019-02-23,15.0,108.89,41.11,78.89
23904,2019-02-23,16.0,140.5,53.89,93.33
23905,2019-02-23,17.0,123.33,47.78,83.33
23906,2019-02-23,18.0,103.89,39.44,66.5
23907,2019-02-23,19.0,85.56,23.89,46.67
23908,2019-02-23,20.0,88.33,13.89,33.89
23909,2019-02-23,21.0,88.33,19.44,45.0
23910,2019-02-23,22.0,82.78,8.33,17.22
23912,2019-02-24,9.0,51.67,7.22,6.67
23913,2019-02-24,10.0,68.5,10.0,13.64
23914,2019-02-24,11.0,75.0,24.5,35.0
23915,2019-02-24,12.0,100.5,35.56,45.0
23916,2019-02-24,13.0,81.11,38.89,54.5
23917,2019-02-24,14.0,98.89,42.78,66.67
23918,2019-02-24,15.0,91.11,32.5,53.33
23919,2019-02-24,16.0,96.11,32.78,56.67
23920,2019-02-24,17.0,98.18,30.0,59.44
23921,2019-02-24,18.0,82.5,26.11,38.33
23922,2019-02-24,19.0,86.67,13.5,31.11
23923,2019-02-24,20.0,48.33,6.67,7.22
23926,2019-02-25,9.0,72.78,8.89,5.0
23927,2019-02-25,10.0,92.78,24.44,21.67
23928,2019-02-25,11.0,111.67,49.5,45.5
23929,2019-02-25,12.0,128.89,61.11,44.5
23930,2019-02-25,13.0,148.89,56.67,59.44
23931,2019-02-25,14.0,126.67,52.0,72.22
23932,2019-02-25,15.0,109.5,37.22,71.11
23933,2019-02-25,16.0,104.44,43.33,70.0
23934,2019-02-25,17.0,92.86,47.27,67.5
23935,2019-02-25,18.0,120.0,37.22,42.78
23936,2019-02-25,19.0,118.33,23.33,28.89
23937,2019-02-25,20.0,115.0,7.78,10.56
23941,2019-02-26,9.0,75.0,14.0,5.0
23942,2019-02-26,10.0,113.0,38.0,18.89
23943,2019-02-26,11.0,112.5,45.0,40.56
23944,2019-02-26,12.0,105.0,48.33,36.11
23945,2019-02-26,13.0,107.22,45.0,42.22
23946,2019-02-26,14.0,107.78,41.67,46.67
23947,2019-02-26,15.0,109.44,34.44,25.0
23948,2019-02-26,16.0,102.22,39.5,41.11
23949,2019-02-26,17.0,91.67,32.78,30.0
23950,2019-02-26,18.0,102.22,25.0,15.0
23951,2019-02-26,19.0,98.33,11.5,12.22
23952,2019-02-26,20.0,46.67,12.27,10.0
23954,2019-02-27,9.0,98.75,15.56,8.75
23955,2019-02-27,10.0,101.67,30.45,30.91
23956,2019-02-27,11.0,105.0,41.5,51.0
23957,2019-02-27,12.0,113.89,37.5,49.44
23958,2019-02-27,13.0,108.89,37.22,78.33
23959,2019-02-27,14.0,88.89,38.33,68.89
23960,2019-02-27,15.0,78.89,20.56,39.44
23961,2019-02-27,16.0,86.11,26.67,45.56
23962,2019-02-27,17.0,71.67,15.0,30.0
23963,2019-02-27,18.0,70.56,15.56,24.29
23964,2019-02-27,19.0,55.56,20.0,
23968,2019-02-28,9.0,100.0,12.78,6.88
23969,2019-02-28,10.0,96.25,33.33,28.64
23970,2019-02-28,11.0,119.44,43.89,47.5
23971,2019-02-28,12.0,97.78,43.89,64.44
23972,2019-02-28,13.0,106.11,42.78,75.0
23973,2019-02-28,14.0,98.33,43.89,81.11
23974,2019-02-28,15.0,107.22,40.0,62.78
23975,2019-02-28,16.0,132.78,36.5,81.5
23976,2019-02-28,17.0,94.0,36.67,59.44
23977,2019-02-28,18.0,95.0,36.11,52.78
23978,2019-02-28,19.0,49.5,19.44,23.33
23984,2019-03-01,9.0,83.33,21.11,16.88
23985,2019-03-01,10.0,94.44,36.67,47.0
23986,2019-03-01,11.0,112.5,40.56,66.67
23987,2019-03-01,12.0,107.78,39.44,70.56
23988,2019-03-01,13.0,104.44,47.22,81.67
23989,2019-03-01,14.0,94.44,42.5,79.44
23990,2019-03-01,15.0,87.78,36.5,62.22
23991,2019-03-01,16.0,94.44,42.22,80.0
23992,2019-03-01,17.0,92.78,35.56,54.44
23993,2019-03-01,18.0,96.67,36.67,48.33
23994,2019-03-01,19.0,73.33,16.11,38.33
23995,2019-03-01,20.0,49.5,11.67,13.33
23997,2019-03-02,9.0,85.56,8.75,14.38
23998,2019-03-02,10.0,121.11,35.0,47.22
23999,2019-03-02,11.0,123.89,51.67,74.44
24000,2019-03-02,12.0,122.5,46.67,85.56
24001,2019-03-02,13.0,106.67,56.67,101.67
24002,2019-03-02,14.0,140.0,54.0,102.22
24003,2019-03-02,15.0,130.56,48.33,88.89
24004,2019-03-02,16.0,126.11,48.0,95.56
24005,2019-03-02,17.0,145.0,52.22,86.11
24006,2019-03-02,18.0,157.22,51.11,80.56
24007,2019-03-02,19.0,80.56,30.56,62.78
24008,2019-03-02,20.0,102.78,19.44,41.67
24009,2019-03-02,21.0,106.67,29.44,56.67
24010,2019-03-02,22.0,57.78,9.44,35.56
24014,2019-03-03,9.0,70.56,9.0,13.5
24015,2019-03-03,10.0,115.0,33.0,73.33
24016,2019-03-03,11.0,111.67,42.0,72.0
24017,2019-03-03,12.0,101.5,48.0,72.78
24018,2019-03-03,13.0,125.56,49.44,80.56
24019,2019-03-03,14.0,117.0,44.44,72.5
24020,2019-03-03,15.0,122.78,41.11,77.5
24021,2019-03-03,16.0,108.89,42.22,92.22
24022,2019-03-03,17.0,109.5,39.55,81.67
24023,2019-03-03,18.0,99.44,42.22,50.56
24024,2019-03-03,19.0,72.78,25.0,51.67
24025,2019-03-03,20.0,96.67,17.0,40.56
24026,2019-03-03,21.0,66.11,10.56,16.11
24028,2019-03-04,9.0,88.75,13.89,8.57
24029,2019-03-04,10.0,120.56,42.27,35.0
24030,2019-03-04,11.0,133.33,53.0,70.0
24031,2019-03-04,12.0,102.22,48.18,97.78
24032,2019-03-04,13.0,125.0,51.67,86.11
24033,2019-03-04,14.0,122.78,47.22,82.78
24034,2019-03-04,15.0,107.22,41.67,101.5
24035,2019-03-04,16.0,114.44,44.55,97.0
24036,2019-03-04,17.0,103.89,36.67,74.44
24037,2019-03-04,18.0,107.22,32.0,52.22
24038,2019-03-04,19.0,118.33,20.0,37.78
24039,2019-03-04,20.0,97.22,7.22,17.22
24040,2019-03-04,21.0,65.0,6.11,7.78
24044,2019-03-05,9.0,94.55,8.75,5.0
24045,2019-03-05,10.0,105.56,35.0,19.44
24046,2019-03-05,11.0,99.44,59.44,33.33
24047,2019-03-05,12.0,106.11,55.56,48.89
24048,2019-03-05,13.0,125.62,47.22,28.89
24049,2019-03-05,14.0,143.12,57.14,22.78
24050,2019-03-05,15.0,113.33,49.0,18.33
24051,2019-03-05,16.0,121.0,50.0,42.22
24052,2019-03-05,17.0,129.44,48.89,25.0
24053,2019-03-05,18.0,86.67,28.89,11.67
24054,2019-03-05,19.0,65.0,25.56,5.0
24055,2019-03-05,20.0,62.22,10.0,5.0
24058,2019-03-06,9.0,66.67,15.56,5.0
24059,2019-03-06,10.0,119.23,25.5,7.0
24060,2019-03-06,11.0,125.0,47.22,21.67
24061,2019-03-06,12.0,116.25,55.0,36.67
24062,2019-03-06,13.0,117.78,50.0,46.11
24063,2019-03-06,14.0,121.11,52.0,62.22
24064,2019-03-06,15.0,142.22,60.0,37.78
24065,2019-03-06,16.0,214.44,,78.33
24066,2019-03-06,17.0,113.33,,68.33
24067,2019-03-06,18.0,120.56,45.0,19.44
24068,2019-03-06,19.0,89.44,32.78,11.11
24069,2019-03-06,20.0,94.44,23.0,5.0
24073,2019-03-07,9.0,90.0,10.0,5.0
24074,2019-03-07,10.0,130.0,27.5,29.44
24075,2019-03-07,11.0,137.5,39.0,48.33
24076,2019-03-07,12.0,120.0,51.11,93.33
24077,2019-03-07,13.0,125.0,49.5,97.78
24078,2019-03-07,14.0,137.78,60.0,75.0
24079,2019-03-07,15.0,133.33,43.89,73.33
24080,2019-03-07,16.0,161.11,45.0,83.33
24081,2019-03-07,17.0,140.0,43.33,67.22
24082,2019-03-07,18.0,101.11,29.44,62.22
24083,2019-03-07,19.0,81.67,23.89,50.56
24084,2019-03-07,20.0,76.11,7.78,6.67
24090,2019-03-08,9.0,97.78,11.88,20.0
24091,2019-03-08,10.0,93.89,32.78,45.0
24092,2019-03-08,11.0,108.12,52.78,72.78
24093,2019-03-08,12.0,139.44,39.0,72.22
24094,2019-03-08,13.0,110.56,50.56,76.67
24095,2019-03-08,14.0,111.11,43.89,97.22
24096,2019-03-08,15.0,128.89,35.56,93.5
24097,2019-03-08,16.0,108.89,42.78,102.78
24098,2019-03-08,17.0,92.22,40.0,84.44
24099,2019-03-08,18.0,97.78,33.89,48.89
24100,2019-03-08,19.0,88.33,23.33,42.5
24101,2019-03-08,20.0,87.78,10.56,
24102,2019-03-08,21.0,75.91,6.67,5.0
24104,2019-03-09,9.0,111.43,7.78,13.12
24105,2019-03-09,10.0,185.0,26.82,44.5
24106,2019-03-09,11.0,121.5,48.5,65.0
24107,2019-03-09,12.0,130.0,70.0,80.0
24108,2019-03-09,13.0,127.78,57.22,104.44
24109,2019-03-09,14.0,154.44,50.56,94.44
24110,2019-03-09,15.0,146.0,46.11,92.22
24111,2019-03-09,16.0,144.44,52.22,113.89
24112,2019-03-09,17.0,109.44,43.89,98.33
24113,2019-03-09,18.0,123.33,40.0,68.89
24114,2019-03-09,19.0,75.0,31.11,46.11
24115,2019-03-09,20.0,78.33,16.11,27.22
24116,2019-03-09,21.0,84.44,23.33,35.0
24117,2019-03-09,22.0,60.56,5.0,32.78
24121,2019-03-10,9.0,77.27,8.89,10.71
24122,2019-03-10,10.0,111.11,30.0,46.0
24123,2019-03-10,11.0,125.56,51.82,67.5
24124,2019-03-10,12.0,121.11,44.44,90.0
24125,2019-03-10,13.0,123.33,51.67,93.33
24126,2019-03-10,14.0,125.0,45.56,92.22
24127,2019-03-10,15.0,121.67,41.67,88.89
24128,2019-03-10,16.0,111.67,36.5,118.33
24129,2019-03-10,17.0,107.22,36.67,80.56
24130,2019-03-10,18.0,99.44,33.89,81.67
24131,2019-03-10,19.0,95.0,33.0,74.44
24132,2019-03-10,20.0,74.5,22.22,55.56
24133,2019-03-10,21.0,55.0,6.67,33.33
24135,2019-03-11,9.0,87.78,8.75,5.0
24136,2019-03-11,10.0,124.44,25.45,55.62
24137,2019-03-11,11.0,133.33,55.56,73.75
24138,2019-03-11,12.0,141.67,60.0,
24139,2019-03-11,13.0,140.56,69.44,
24140,2019-03-11,14.0,137.78,71.67,86.25
24141,2019-03-11,15.0,139.44,48.89,118.64
24142,2019-03-11,16.0,145.56,45.56,182.27
24143,2019-03-11,17.0,137.22,48.5,139.44
24144,2019-03-11,18.0,120.0,46.5,128.89
24145,2019-03-11,19.0,111.67,39.44,73.89
24146,2019-03-11,20.0,122.78,30.0,72.78
24147,2019-03-11,21.0,82.78,7.78,38.33
24151,2019-03-12,9.0,123.5,10.0,6.25
24152,2019-03-12,10.0,148.33,45.0,38.5
24153,2019-03-12,11.0,161.67,58.0,58.5
24154,2019-03-12,12.0,142.78,69.0,70.5
24155,2019-03-12,13.0,162.0,66.5,97.0
24156,2019-03-12,14.0,175.0,62.22,91.67
24157,2019-03-12,15.0,149.0,56.67,81.11
24158,2019-03-12,16.0,143.33,58.89,100.62
24159,2019-03-12,17.0,161.11,54.44,91.11
24160,2019-03-12,18.0,137.78,58.33,78.89
24161,2019-03-12,19.0,143.33,44.44,62.78
24162,2019-03-12,20.0,81.11,26.5,48.89
24163,2019-03-12,21.0,71.11,10.5,30.56
24164,2019-03-12,22.0,78.33,8.89,13.33
24167,2019-03-13,9.0,96.25,5.0,12.5
24168,2019-03-13,10.0,168.08,,56.82
24169,2019-03-13,11.0,136.67,,83.33
24170,2019-03-13,12.0,146.67,63.89,112.86
24171,2019-03-13,13.0,140.56,63.89,
24172,2019-03-13,14.0,153.89,98.33,
24173,2019-03-13,15.0,147.78,89.44,125.0
24174,2019-03-13,16.0,129.44,62.78,100.91
24175,2019-03-13,17.0,126.11,59.44,150.0
24176,2019-03-13,18.0,148.89,67.22,150.0
24177,2019-03-13,19.0,122.22,48.89,150.0
24178,2019-03-13,20.0,112.22,43.89,80.0
24179,2019-03-13,21.0,109.44,27.78,38.33
24180,2019-03-13,22.0,86.0,44.0,65.0
24184,2019-03-14,9.0,100.45,10.0,8.18
24185,2019-03-14,10.0,128.0,42.78,41.67
24186,2019-03-14,11.0,116.25,49.44,56.11
24187,2019-03-14,12.0,148.75,61.67,80.56
24188,2019-03-14,13.0,182.78,45.0,75.0
24189,2019-03-14,14.0,127.78,59.44,84.0
24190,2019-03-14,15.0,116.67,45.0,88.0
24191,2019-03-14,16.0,104.44,48.89,92.78
24192,2019-03-14,17.0,109.44,41.67,80.56
24193,2019-03-14,18.0,118.89,38.89,68.5
24194,2019-03-14,19.0,113.5,30.0,60.0
24195,2019-03-14,20.0,100.56,27.22,52.78
24196,2019-03-14,21.0,71.11,7.78,17.78
24197,2019-03-14,22.0,69.44,8.33,17.22
24200,2019-03-15,9.0,105.45,15.0,25.91
24201,2019-03-15,10.0,100.45,42.22,44.44
24202,2019-03-15,11.0,123.5,47.78,74.44
24203,2019-03-15,12.0,106.11,53.5,96.11
24204,2019-03-15,13.0,105.0,43.33,96.82
24205,2019-03-15,14.0,111.67,46.67,95.0
24206,2019-03-15,15.0,107.22,41.67,107.22
24207,2019-03-15,16.0,117.22,43.0,105.56
24208,2019-03-15,17.0,104.44,41.25,135.0
24209,2019-03-15,18.0,109.44,36.0,98.33
24210,2019-03-15,19.0,88.33,34.44,73.89
24211,2019-03-15,20.0,85.0,20.56,47.22
24212,2019-03-15,21.0,77.22,10.56,33.89
24213,2019-03-15,22.0,72.78,6.67,35.0
24215,2019-03-16,9.0,85.5,7.5,10.0
24216,2019-03-16,10.0,110.0,17.27,21.0
24217,2019-03-16,11.0,114.44,35.0,56.5
24218,2019-03-16,12.0,106.67,39.44,71.11
24219,2019-03-16,13.0,111.0,50.0,72.0
24220,2019-03-16,14.0,110.5,45.0,85.0
24221,2019-03-16,15.0,107.5,41.67,80.0
24222,2019-03-16,16.0,106.11,49.44,90.56
24223,2019-03-16,17.0,132.22,38.5,78.5
24224,2019-03-16,18.0,106.11,32.78,61.67
24225,2019-03-16,19.0,93.89,17.78,35.0
24226,2019-03-16,20.0,74.44,17.22,23.89
24227,2019-03-16,21.0,63.33,7.78,10.0
24228,2019-03-16,22.0,66.88,12.78,5.56
24232,2019-03-17,9.0,94.55,5.0,8.75
24233,2019-03-17,10.0,110.0,23.0,26.11
24234,2019-03-17,11.0,89.5,48.33,40.56
24235,2019-03-17,12.0,113.33,41.67,61.43
24236,2019-03-17,13.0,130.56,50.5,
24237,2019-03-17,14.0,136.88,44.44,41.25
24238,2019-03-17,15.0,136.67,42.27,71.11
24239,2019-03-17,16.0,112.5,44.09,75.56
24240,2019-03-17,17.0,137.0,42.0,58.89
24241,2019-03-17,18.0,104.44,28.0,31.11
24242,2019-03-17,19.0,112.22,30.56,27.22
24243,2019-03-17,20.0,74.44,13.89,18.33
24244,2019-03-17,21.0,47.0,5.0,5.56
24246,2019-03-18,9.0,97.78,21.11,6.11
24247,2019-03-18,10.0,136.36,33.18,18.0
24248,2019-03-18,11.0,138.5,55.0,45.56
24249,2019-03-18,12.0,146.5,56.0,64.44
24250,2019-03-18,13.0,151.5,51.67,41.67
24251,2019-03-18,14.0,180.0,63.5,54.0
24252,2019-03-18,15.0,162.0,53.33,52.78
24253,2019-03-18,16.0,170.56,53.33,60.56
24254,2019-03-18,17.0,163.33,62.0,63.33
24255,2019-03-18,18.0,142.5,55.56,41.67
24256,2019-03-18,19.0,125.56,23.33,33.89
24257,2019-03-18,20.0,120.0,26.5,17.78
24258,2019-03-18,21.0,63.33,10.0,10.0
24262,2019-03-19,9.0,80.56,11.88,5.0
24263,2019-03-19,10.0,103.33,26.11,24.44
24264,2019-03-19,11.0,104.44,42.22,28.89
24265,2019-03-19,12.0,106.67,41.67,32.0
24266,2019-03-19,13.0,129.44,44.5,32.22
24267,2019-03-19,14.0,118.33,44.44,30.56
24268,2019-03-19,15.0,90.0,33.89,43.33
24269,2019-03-19,16.0,99.0,34.44,47.22
24270,2019-03-19,17.0,100.56,40.0,
24271,2019-03-19,18.0,101.67,28.33,
24272,2019-03-19,19.0,128.33,22.5,
24273,2019-03-19,20.0,65.56,12.78,
24274,2019-03-19,21.0,51.11,5.56,
24277,2019-03-20,9.0,71.67,17.0,5.56
24278,2019-03-20,10.0,132.14,35.0,22.5
24279,2019-03-20,11.0,163.33,61.5,53.33
24280,2019-03-20,12.0,148.89,67.22,87.22
24281,2019-03-20,13.0,146.11,60.0,100.56
24282,2019-03-20,14.0,180.56,73.33,91.67
24283,2019-03-20,15.0,133.33,55.0,83.89
24284,2019-03-20,16.0,167.78,63.89,109.44
24285,2019-03-20,17.0,153.5,64.0,105.56
24286,2019-03-20,18.0,161.11,51.0,86.11
24287,2019-03-20,19.0,187.14,54.5,68.33
24288,2019-03-20,20.0,200.5,35.56,58.64
24289,2019-03-20,21.0,75.5,11.11,47.78
24293,2019-03-21,9.0,97.5,10.62,9.44
24294,2019-03-21,10.0,140.0,34.09,35.5
24295,2019-03-21,11.0,145.0,50.0,79.0
24296,2019-03-21,12.0,142.22,63.89,86.11
24297,2019-03-21,13.0,177.78,62.22,99.44
24298,2019-03-21,14.0,173.89,57.78,109.44
24299,2019-03-21,15.0,181.11,45.56,99.44
24300,2019-03-21,16.0,155.56,55.83,116.67
24301,2019-03-21,17.0,125.0,50.56,96.11
24302,2019-03-21,18.0,114.44,45.5,84.0
24303,2019-03-21,19.0,115.0,44.44,65.0
24304,2019-03-21,20.0,88.89,31.67,31.67
24305,2019-03-21,21.0,60.0,10.5,8.33
24311,2019-03-22,8.0,80.0,10.0,5.0
24312,2019-03-22,9.0,93.5,19.0,19.44
24313,2019-03-22,10.0,150.0,49.44,63.33
24314,2019-03-22,11.0,147.0,53.33,91.11
24315,2019-03-22,12.0,152.78,64.0,109.44
24316,2019-03-22,13.0,156.11,63.33,104.44
24317,2019-03-22,14.0,156.11,60.5,105.0
24318,2019-03-22,15.0,158.89,64.38,113.89
24319,2019-03-22,16.0,152.78,53.89,120.0
24320,2019-03-22,17.0,139.44,50.0,
24321,2019-03-22,18.0,141.67,34.5,
24322,2019-03-22,19.0,165.0,43.89,90.0
24323,2019-03-22,20.0,108.89,30.56,49.44
24324,2019-03-22,21.0,78.5,23.89,28.33
24325,2019-03-22,22.0,67.22,19.44,20.5
24327,2019-03-23,8.0,62.5,5.62,5.0
24328,2019-03-23,9.0,81.82,13.64,10.5
24329,2019-03-23,10.0,105.5,29.44,33.89
24330,2019-03-23,11.0,111.67,44.44,59.5
24331,2019-03-23,12.0,127.86,50.0,89.0
24332,2019-03-23,13.0,145.0,50.0,112.22
24333,2019-03-23,14.0,141.11,45.56,98.33
24334,2019-03-23,15.0,139.5,43.33,110.0
24335,2019-03-23,16.0,156.67,57.5,
24336,2019-03-23,17.0,173.33,51.67,68.12
24337,2019-03-23,18.0,136.5,38.33,96.67
24338,2019-03-23,19.0,120.0,38.33,79.44
24339,2019-03-23,20.0,112.0,31.67,86.11
24340,2019-03-23,21.0,86.67,5.56,32.22
24341,2019-03-23,22.0,113.33,11.11,20.56
24345,2019-03-24,9.0,103.33,12.22,10.71
24346,2019-03-24,10.0,151.11,40.0,34.5
24347,2019-03-24,11.0,140.5,52.69,70.56
24348,2019-03-24,12.0,145.0,52.0,97.0
24349,2019-03-24,13.0,144.44,47.0,99.44
24350,2019-03-24,14.0,119.44,46.11,105.0
24351,2019-03-24,15.0,116.67,42.0,91.11
24352,2019-03-24,16.0,143.33,40.0,104.44
24353,2019-03-24,17.0,130.56,41.0,77.78
24354,2019-03-24,18.0,107.78,41.5,83.89
24355,2019-03-24,19.0,101.11,32.22,60.0
24356,2019-03-24,20.0,100.0,27.22,47.22
24357,2019-03-24,21.0,61.5,7.22,17.5
24359,2019-03-25,9.0,102.5,22.5,14.44
24360,2019-03-25,10.0,138.89,51.11,47.0
24361,2019-03-25,11.0,148.89,63.89,103.33
24362,2019-03-25,12.0,152.0,56.5,104.5
24363,2019-03-25,13.0,142.78,58.33,129.0
24364,2019-03-25,14.0,168.89,67.22,126.67
24365,2019-03-25,15.0,159.0,56.11,122.22
24366,2019-03-25,16.0,143.33,58.33,128.89
24367,2019-03-25,17.0,120.0,49.5,120.0
24368,2019-03-25,18.0,120.0,50.0,94.44
24369,2019-03-25,19.0,120.0,37.5,67.22
24370,2019-03-25,20.0,120.0,32.22,69.44
24371,2019-03-25,21.0,78.33,8.89,42.22
24375,2019-03-26,9.0,96.5,10.56,18.12
24376,2019-03-26,10.0,163.89,40.91,63.89
24377,2019-03-26,11.0,161.0,63.33,113.89
24378,2019-03-26,12.0,138.89,69.44,126.11
24379,2019-03-26,13.0,159.0,53.0,134.44
24380,2019-03-26,14.0,160.56,58.89,134.44
24381,2019-03-26,15.0,139.5,48.33,108.33
24382,2019-03-26,16.0,130.0,46.67,119.44
24383,2019-03-26,17.0,142.78,53.0,101.67
24384,2019-03-26,18.0,123.33,38.89,80.56
24385,2019-03-26,19.0,123.5,42.22,76.67
24386,2019-03-26,20.0,87.78,31.67,46.11
24387,2019-03-26,21.0,60.0,5.56,17.78
24402,2019-03-27,9.0,,10.62,
24403,2019-03-27,10.0,,20.0,9.0
24389,2019-03-27,11.0,109.38,41.11,55.0
24390,2019-03-27,12.0,132.78,41.11,80.0
24391,2019-03-27,13.0,137.78,46.67,75.56
24392,2019-03-27,14.0,134.44,49.44,75.0
24393,2019-03-27,15.0,163.89,45.0,75.0
24394,2019-03-27,16.0,137.22,51.67,75.0
24395,2019-03-27,17.0,164.44,46.11,81.0
24396,2019-03-27,18.0,140.0,34.44,57.78
24397,2019-03-27,19.0,128.89,30.0,25.0
24398,2019-03-27,20.0,98.33,20.56,16.11
24399,2019-03-27,21.0,73.89,10.5,5.0
24419,2019-03-28,9.0,,12.5,11.25
24405,2019-03-28,10.0,131.88,45.45,60.56
24406,2019-03-28,11.0,153.64,60.56,109.0
24407,2019-03-28,12.0,163.33,72.22,
24408,2019-03-28,13.0,169.5,71.67,76.67
24409,2019-03-28,14.0,165.5,61.67,129.0
24410,2019-03-28,15.0,189.0,52.22,151.11
24411,2019-03-28,16.0,177.22,57.78,136.67
24412,2019-03-28,17.0,131.11,57.22,
24413,2019-03-28,18.0,140.0,53.89,87.5
24414,2019-03-28,19.0,140.0,47.78,73.33
24415,2019-03-28,20.0,120.0,42.5,73.33
24416,2019-03-28,21.0,95.0,10.56,32.22
24423,2019-03-29,9.0,106.25,21.11,31.11
24424,2019-03-29,10.0,141.0,40.56,49.44
24425,2019-03-29,11.0,161.0,45.0,100.56
24437,2019-03-29,12.0,,66.5,125.5
24426,2019-03-29,13.0,126.67,62.22,134.44
24427,2019-03-29,14.0,147.78,57.22,130.0
24428,2019-03-29,15.0,153.33,40.0,116.11
24429,2019-03-29,16.0,172.22,43.0,112.78
24430,2019-03-29,17.0,166.67,39.44,95.56
24431,2019-03-29,18.0,170.0,35.0,105.56
24432,2019-03-29,19.0,141.11,33.5,73.33
24433,2019-03-29,20.0,124.44,33.33,42.78
24434,2019-03-29,21.0,90.56,6.67,33.89
24435,2019-03-29,22.0,107.5,10.0,27.22
24438,2019-03-30,9.0,106.5,8.33,12.0
24439,2019-03-30,10.0,130.56,32.78,34.17
24440,2019-03-30,11.0,125.71,40.0,57.86
24441,2019-03-30,13.0,131.43,47.86,89.29
24442,2019-03-30,14.0,136.67,46.5,85.0
24443,2019-03-30,15.0,122.22,48.89,95.56
24444,2019-03-30,16.0,149.44,45.56,107.22
24445,2019-03-30,17.0,111.67,38.0,90.56
24446,2019-03-30,18.0,136.11,43.57,80.0
24447,2019-03-30,19.0,129.44,35.56,
24448,2019-03-30,20.0,113.89,26.67,47.5
24449,2019-03-30,21.0,71.67,10.0,17.78
24450,2019-03-30,22.0,65.56,9.44,24.44
24454,2019-03-31,9.0,85.0,22.5,13.12
24455,2019-03-31,10.0,135.56,37.5,47.5
24456,2019-03-31,11.0,111.5,41.67,55.5
24457,2019-03-31,12.0,112.22,43.33,89.44
24458,2019-03-31,13.0,112.5,42.22,83.18
24459,2019-03-31,14.0,110.56,47.78,96.67
24460,2019-03-31,15.0,120.0,36.0,70.0
24461,2019-03-31,16.0,128.89,33.89,65.56
24462,2019-03-31,17.0,99.0,32.0,76.11
24463,2019-03-31,18.0,99.44,31.11,65.0
24464,2019-03-31,19.0,88.89,20.0,43.33
24465,2019-03-31,20.0,85.56,14.44,35.0
24466,2019-03-31,21.0,49.0,5.0,8.89
24468,2019-04-01,9.0,93.75,15.62,6.25
24469,2019-04-01,10.0,116.67,28.5,30.0
24470,2019-04-01,11.0,109.5,43.89,56.11
24471,2019-04-01,12.0,111.67,48.33,68.89
24472,2019-04-01,13.0,118.33,53.5,53.89
24473,2019-04-01,14.0,113.33,51.11,50.0
24474,2019-04-01,15.0,119.44,44.44,52.78
24475,2019-04-01,16.0,119.5,43.89,55.56
24476,2019-04-01,17.0,117.78,45.0,56.67
24477,2019-04-01,18.0,129.44,37.78,58.89
24478,2019-04-01,19.0,125.0,38.33,
24479,2019-04-01,20.0,103.89,28.5,27.5
24480,2019-04-01,21.0,70.0,6.11,12.22
24481,2019-04-01,22.0,63.89,10.0,15.0
24485,2019-04-02,9.0,114.44,20.5,5.0
24486,2019-04-02,10.0,152.5,30.0,34.44
24487,2019-04-02,11.0,115.0,46.11,49.0
24488,2019-04-02,12.0,131.11,53.33,50.0
24489,2019-04-02,13.0,116.67,45.0,70.45
24490,2019-04-02,14.0,112.78,44.44,70.0
24491,2019-04-02,15.0,113.5,40.56,53.89
24492,2019-04-02,16.0,131.0,42.78,93.33
24493,2019-04-02,17.0,108.33,34.44,72.78
24494,2019-04-02,18.0,110.0,33.33,74.44
24495,2019-04-02,19.0,105.0,26.0,62.78
24496,2019-04-02,20.0,82.78,19.44,33.89
24497,2019-04-02,21.0,47.5,6.11,12.78
24499,2019-04-03,9.0,93.33,9.38,12.5
24500,2019-04-03,10.0,155.5,27.22,29.0
24501,2019-04-03,11.0,122.5,47.22,66.5
24502,2019-04-03,12.0,111.36,55.56,88.89
24503,2019-04-03,13.0,134.44,51.11,96.0
24504,2019-04-03,14.0,155.56,51.11,120.0
24505,2019-04-03,15.0,117.22,50.0,119.5
24506,2019-04-03,16.0,125.56,,102.22
24507,2019-04-03,17.0,117.0,40.0,97.22
24508,2019-04-03,18.0,110.0,53.89,98.33
24509,2019-04-03,19.0,105.0,50.0,82.5
24510,2019-04-03,20.0,140.56,28.5,48.33
24511,2019-04-03,21.0,83.0,8.89,22.78
24529,2019-04-04,9.0,,7.5,12.0
24515,2019-04-04,10.0,105.0,21.36,37.22
24516,2019-04-04,11.0,114.55,45.5,60.56
24517,2019-04-04,12.0,116.5,54.55,75.0
24518,2019-04-04,13.0,127.78,51.11,85.91
24519,2019-04-04,14.0,124.55,45.0,88.64
24520,2019-04-04,15.0,122.27,42.22,91.11
24521,2019-04-04,16.0,117.22,38.33,95.56
24522,2019-04-04,17.0,115.0,41.0,100.0
24523,2019-04-04,18.0,113.75,28.89,67.22
24524,2019-04-04,19.0,98.33,26.11,57.78
24525,2019-04-04,20.0,77.22,18.5,48.89
24526,2019-04-04,21.0,70.0,5.56,25.56
24533,2019-04-05,9.0,67.5,16.11,5.0
24534,2019-04-05,10.0,99.5,22.08,19.5
24535,2019-04-05,11.0,87.22,35.0,40.0
24536,2019-04-05,12.0,87.5,36.67,64.58
24537,2019-04-05,13.0,99.44,36.67,73.33
24538,2019-04-05,14.0,87.78,33.0,75.0
24539,2019-04-05,15.0,91.67,34.62,87.78
24540,2019-04-05,16.0,108.33,39.44,103.89
24541,2019-04-05,17.0,92.22,24.44,73.33
24542,2019-04-05,18.0,81.67,28.5,45.56
24543,2019-04-05,19.0,82.22,21.67,46.11
24544,2019-04-05,20.0,74.0,14.0,39.44
24545,2019-04-05,21.0,70.0,6.11,22.78
24546,2019-04-05,22.0,72.0,7.78,30.56
24549,2019-04-06,9.0,67.27,8.5,6.0
24550,2019-04-06,10.0,81.11,35.5,38.0
24551,2019-04-06,11.0,88.5,36.5,58.89
24552,2019-04-06,12.0,122.14,38.64,51.67
24553,2019-04-06,13.0,113.89,35.0,63.0
24554,2019-04-06,14.0,113.89,42.78,69.5
24555,2019-04-06,15.0,117.22,39.44,83.89
24556,2019-04-06,16.0,121.11,45.0,104.44
24557,2019-04-06,17.0,103.89,29.44,95.56
24558,2019-04-06,18.0,98.89,32.78,73.33
24559,2019-04-06,19.0,105.0,28.33,60.56
24560,2019-04-06,20.0,85.0,28.5,60.0
24561,2019-04-06,21.0,45.0,13.89,7.5
24562,2019-04-06,22.0,48.5,6.11,13.33
24565,2019-04-07,9.0,59.0,9.44,18.0
24566,2019-04-07,10.0,78.0,14.5,32.78
24567,2019-04-07,11.0,81.11,28.0,41.67
24568,2019-04-07,12.0,82.22,30.5,52.0
24569,2019-04-07,13.0,85.56,41.67,69.09
24570,2019-04-07,14.0,89.0,38.57,58.89
24571,2019-04-07,15.0,81.11,,61.0
24572,2019-04-07,16.0,86.67,13.75,73.33
24573,2019-04-07,17.0,71.67,24.55,60.0
24574,2019-04-07,18.0,73.5,24.5,42.78
24575,2019-04-07,19.0,63.5,30.0,37.0
24576,2019-04-07,20.0,52.0,9.09,23.64
24577,2019-04-07,21.0,34.5,5.0,6.11
24580,2019-04-08,9.0,62.5,11.36,5.0
24581,2019-04-08,10.0,71.36,22.0,33.33
24582,2019-04-08,11.0,101.11,35.0,59.5
24583,2019-04-08,12.0,107.22,42.78,45.0
24584,2019-04-08,13.0,80.0,36.5,60.56
24585,2019-04-08,14.0,87.78,35.56,66.67
24586,2019-04-08,15.0,89.44,28.33,82.78
24587,2019-04-08,16.0,70.0,24.5,71.11
24588,2019-04-08,17.0,75.56,18.89,63.33
24589,2019-04-08,18.0,80.0,10.0,38.89
24593,2019-04-08,19.0,,10.0,29.44
24590,2019-04-08,20.0,107.5,7.22,18.33
24591,2019-04-08,21.0,47.78,5.0,10.0
24596,2019-04-09,9.0,59.09,10.0,10.0
24597,2019-04-09,10.0,91.11,26.0,31.0
24598,2019-04-09,11.0,68.33,34.44,47.5
24599,2019-04-09,12.0,77.22,38.0,42.78
24600,2019-04-09,13.0,80.0,33.33,50.56
24601,2019-04-09,14.0,71.67,23.89,41.11
24602,2019-04-09,15.0,70.0,12.22,31.67
24603,2019-04-09,16.0,70.0,11.11,35.0
24604,2019-04-09,17.0,70.56,11.67,37.78
24605,2019-04-09,18.0,73.89,7.78,20.56
24606,2019-04-09,19.0,77.78,5.0,11.11
24607,2019-04-09,20.0,57.22,7.22,10.0
24608,2019-04-09,21.0,32.78,5.0,5.0
24610,2019-04-10,9.0,55.0,8.89,6.25
24611,2019-04-10,10.0,83.89,13.89,25.56
24612,2019-04-10,11.0,74.5,27.78,61.67
24613,2019-04-10,12.0,82.0,40.56,54.5
24614,2019-04-10,13.0,98.33,38.64,72.5
24615,2019-04-10,14.0,102.78,33.5,74.44
24616,2019-04-10,15.0,103.33,32.22,75.56
24617,2019-04-10,16.0,93.33,20.56,45.56
24618,2019-04-10,17.0,85.56,41.67,46.11
24619,2019-04-10,18.0,85.0,21.11,45.0
24620,2019-04-10,19.0,72.78,25.56,37.22
24621,2019-04-10,20.0,75.0,12.78,37.78
24622,2019-04-10,21.0,50.0,5.0,8.33
24640,2019-04-11,9.0,,7.22,6.88
24626,2019-04-11,10.0,81.11,10.56,33.89
24627,2019-04-11,11.0,83.89,36.11,42.27
24628,2019-04-11,12.0,117.0,43.33,47.5
24629,2019-04-11,13.0,97.22,36.67,69.0
24630,2019-04-11,14.0,88.33,35.0,81.11
24631,2019-04-11,15.0,102.78,27.78,66.67
24632,2019-04-11,16.0,92.5,29.5,79.44
24633,2019-04-11,17.0,80.56,20.56,67.78
24634,2019-04-11,18.0,82.78,24.38,55.56
24635,2019-04-11,19.0,80.0,22.78,53.33
24636,2019-04-11,20.0,65.0,15.0,39.44
24637,2019-04-11,21.0,35.56,5.5,16.67
24643,2019-04-12,8.0,41.88,8.33,5.0
24644,2019-04-12,9.0,75.0,11.5,23.0
24645,2019-04-12,10.0,86.67,38.89,69.0
24646,2019-04-12,11.0,97.73,38.5,62.5
24647,2019-04-12,12.0,97.22,47.22,
24648,2019-04-12,13.0,99.0,42.22,78.33
24649,2019-04-12,14.0,103.5,40.0,106.0
24650,2019-04-12,15.0,93.89,35.0,105.5
24651,2019-04-12,16.0,97.22,33.89,110.0
24652,2019-04-12,17.0,86.11,25.56,107.78
24653,2019-04-12,18.0,103.89,18.33,75.56
24654,2019-04-12,19.0,78.0,22.78,66.11
24655,2019-04-12,20.0,78.33,21.67,55.0
24656,2019-04-12,21.0,62.22,5.0,31.67
24657,2019-04-12,22.0,44.5,5.56,32.22
24659,2019-04-13,8.0,38.5,5.0,
24660,2019-04-13,9.0,63.18,5.0,17.92
24661,2019-04-13,10.0,96.67,19.44,41.67
24662,2019-04-13,11.0,80.56,31.11,75.0
24663,2019-04-13,12.0,78.89,31.11,77.78
24664,2019-04-13,13.0,96.11,31.67,82.22
24665,2019-04-13,14.0,103.0,29.44,82.22
24666,2019-04-13,15.0,85.0,13.89,67.78
24667,2019-04-13,16.0,95.0,20.77,68.0
24668,2019-04-13,17.0,80.5,14.44,61.11
24669,2019-04-13,18.0,79.0,11.67,46.11
24670,2019-04-13,19.0,82.78,8.33,47.78
24671,2019-04-13,20.0,74.44,7.22,38.89
24672,2019-04-13,21.0,43.33,5.0,18.33
24673,2019-04-13,22.0,47.22,5.0,7.78
24677,2019-04-14,9.0,86.82,,30.0
24678,2019-04-14,10.0,118.33,,71.0
24679,2019-04-14,11.0,114.44,,79.44
24680,2019-04-14,12.0,112.22,,109.0
24681,2019-04-14,13.0,112.0,32.5,91.11
24682,2019-04-14,14.0,148.33,63.89,113.89
24683,2019-04-14,15.0,122.78,51.11,88.33
24684,2019-04-14,16.0,115.0,38.33,71.67
24685,2019-04-14,17.0,116.11,40.0,75.0
24686,2019-04-14,18.0,113.89,30.56,67.78
24687,2019-04-14,19.0,114.44,21.11,61.67
24688,2019-04-14,20.0,97.22,14.0,46.67
24689,2019-04-14,21.0,59.44,5.0,17.5
24690,2019-04-14,22.0,52.78,5.56,12.22
24693,2019-04-15,8.0,75.0,,6.25
24694,2019-04-15,9.0,79.44,18.12,26.0
24695,2019-04-15,10.0,137.22,48.33,55.56
24696,2019-04-15,11.0,147.78,55.0,84.44
24697,2019-04-15,12.0,133.89,72.5,110.0
24698,2019-04-15,13.0,169.44,57.0,111.36
24699,2019-04-15,14.0,138.89,58.89,109.5
24700,2019-04-15,15.0,143.33,53.33,126.67
24701,2019-04-15,16.0,123.33,40.0,145.56
24702,2019-04-15,17.0,114.44,46.11,118.89
24703,2019-04-15,18.0,127.22,35.5,93.5
24704,2019-04-15,19.0,118.33,36.11,85.56
24705,2019-04-15,20.0,98.89,24.0,61.67
24706,2019-04-15,21.0,78.33,8.33,32.78
24707,2019-04-15,22.0,71.11,10.0,32.5
24710,2019-04-16,8.0,61.25,5.0,5.0
24711,2019-04-16,9.0,104.5,22.73,43.5
24712,2019-04-16,10.0,136.11,47.0,102.22
24713,2019-04-16,11.0,159.0,51.67,135.0
24714,2019-04-16,12.0,142.78,56.67,129.0
24715,2019-04-16,13.0,116.11,60.91,106.11
24716,2019-04-16,14.0,116.0,50.0,105.0
24717,2019-04-16,15.0,146.67,35.0,126.67
24718,2019-04-16,16.0,148.33,43.33,121.11
24719,2019-04-16,17.0,126.11,45.0,120.0
24720,2019-04-16,18.0,110.0,40.56,101.11
24721,2019-04-16,19.0,113.33,29.5,111.11
24722,2019-04-16,20.0,95.0,25.5,65.0
24723,2019-04-16,21.0,63.89,5.56,45.56
24724,2019-04-16,22.0,62.78,5.0,27.5
24727,2019-04-17,8.0,52.5,5.62,5.0
24728,2019-04-17,9.0,82.78,13.08,47.5
24729,2019-04-17,10.0,129.0,46.67,76.11
24730,2019-04-17,11.0,123.5,50.0,81.67
24731,2019-04-17,12.0,136.67,51.11,117.5
24732,2019-04-17,13.0,133.89,59.55,127.22
24733,2019-04-17,14.0,168.33,52.22,127.22
24734,2019-04-17,15.0,134.44,38.5,108.33
24735,2019-04-17,16.0,133.33,61.11,148.89
24736,2019-04-17,17.0,120.0,45.83,126.67
24737,2019-04-17,18.0,115.5,41.11,85.0
24738,2019-04-17,19.0,132.14,37.22,78.33
24739,2019-04-17,20.0,134.38,32.22,75.0
24740,2019-04-17,21.0,102.78,9.29,33.89
24741,2019-04-17,22.0,116.5,22.27,42.22
24746,2019-04-18,8.0,73.0,9.38,6.11
24747,2019-04-18,9.0,82.78,15.45,29.17
24748,2019-04-18,10.0,111.11,44.44,60.56
24749,2019-04-18,11.0,143.33,47.22,103.89
24750,2019-04-18,12.0,138.89,46.67,121.0
24751,2019-04-18,13.0,130.0,56.11,125.56
24752,2019-04-18,14.0,152.22,41.11,143.0
24753,2019-04-18,15.0,138.33,31.5,166.67
24754,2019-04-18,16.0,143.33,40.5,150.0
24755,2019-04-18,17.0,145.0,35.0,120.0
24756,2019-04-18,18.0,133.33,28.89,105.0
24757,2019-04-18,19.0,117.78,28.89,73.89
24758,2019-04-18,20.0,93.89,18.89,55.56
24759,2019-04-18,21.0,73.33,5.56,27.22
24760,2019-04-18,22.0,76.67,5.0,35.0
24764,2019-04-19,8.0,69.5,7.22,5.0
24765,2019-04-19,9.0,80.45,9.0,33.33
24766,2019-04-19,10.0,111.67,40.0,66.11
24767,2019-04-19,11.0,107.22,35.45,99.58
24768,2019-04-19,12.0,114.5,39.44,102.78
24769,2019-04-19,13.0,106.25,46.67,77.5
24770,2019-04-19,14.0,85.0,32.78,50.56
24771,2019-04-19,15.0,68.33,15.0,66.67
24778,2019-04-19,16.0,,10.0,
24779,2019-04-19,17.0,,10.71,24.44
24772,2019-04-19,18.0,95.56,10.0,42.78
24773,2019-04-19,19.0,101.11,8.89,30.56
24774,2019-04-19,20.0,101.67,6.67,25.0
24775,2019-04-19,21.0,75.0,5.0,10.5
24776,2019-04-19,22.0,78.33,,15.0
24781,2019-04-20,8.0,55.0,5.0,5.0
24782,2019-04-20,9.0,72.0,8.89,11.36
24783,2019-04-20,10.0,110.56,27.22,36.67
24784,2019-04-20,11.0,145.56,40.77,41.11
24785,2019-04-20,12.0,127.22,43.33,60.0
24786,2019-04-20,13.0,135.0,49.44,80.0
24787,2019-04-20,14.0,133.89,46.67,94.44
24788,2019-04-20,15.0,138.33,31.11,96.67
24789,2019-04-20,16.0,137.22,38.89,103.89
24790,2019-04-20,17.0,125.0,40.0,83.33
24791,2019-04-20,18.0,130.56,32.5,90.0
24792,2019-04-20,19.0,138.33,37.22,83.33
24793,2019-04-20,20.0,124.44,25.56,40.0
24794,2019-04-20,21.0,76.0,11.67,10.0
24795,2019-04-20,22.0,79.0,13.89,8.0
24800,2019-04-21,9.0,78.89,8.12,14.0
24801,2019-04-21,10.0,75.0,15.5,34.44
24802,2019-04-21,11.0,90.0,31.11,44.5
24803,2019-04-21,12.0,125.0,35.0,66.11
24804,2019-04-21,13.0,125.0,,86.67
24805,2019-04-21,14.0,115.0,,85.0
24806,2019-04-21,15.0,110.56,30.0,83.33
24807,2019-04-21,16.0,105.0,38.5,113.5
24808,2019-04-21,17.0,101.67,33.89,63.33
24809,2019-04-21,18.0,105.0,25.0,47.78
24810,2019-04-21,19.0,105.0,30.0,
24811,2019-04-21,20.0,122.22,13.33,
24812,2019-04-21,21.0,89.44,7.78,
24813,2019-04-21,22.0,90.0,8.33,6.25
24816,2019-04-22,8.0,35.0,5.0,5.0
24817,2019-04-22,9.0,73.89,5.62,8.89
24818,2019-04-22,10.0,106.67,23.75,37.78
24819,2019-04-22,11.0,92.78,36.67,63.89
24820,2019-04-22,12.0,130.0,42.22,75.5
24821,2019-04-22,13.0,115.56,56.67,80.56
24822,2019-04-22,14.0,106.11,47.0,96.67
24823,2019-04-22,15.0,107.78,31.11,110.0
24824,2019-04-22,16.0,115.56,33.0,106.67
24825,2019-04-22,17.0,113.89,33.33,107.78
24826,2019-04-22,18.0,120.56,27.22,113.33
24827,2019-04-22,19.0,109.44,22.22,68.89
24828,2019-04-22,20.0,82.78,15.56,54.44
24829,2019-04-22,21.0,70.56,9.38,17.22
24830,2019-04-22,22.0,62.22,8.57,11.67
24833,2019-04-23,8.0,46.36,5.0,5.0
24834,2019-04-23,9.0,91.25,19.0,25.0
24835,2019-04-23,10.0,110.0,42.78,58.33
24836,2019-04-23,11.0,113.33,52.22,
24837,2019-04-23,12.0,128.33,50.0,70.71
24838,2019-04-23,13.0,127.78,47.22,110.56
24839,2019-04-23,14.0,123.33,45.0,124.0
24840,2019-04-23,15.0,121.11,36.67,119.44
24841,2019-04-23,16.0,106.5,33.33,112.22
24842,2019-04-23,17.0,117.22,26.11,88.89
24843,2019-04-23,18.0,113.33,27.78,93.5
24844,2019-04-23,19.0,109.38,18.33,84.44
24845,2019-04-23,20.0,77.86,15.0,36.67
24846,2019-04-23,21.0,52.22,8.89,8.33
24847,2019-04-23,22.0,60.56,7.22,8.89
24851,2019-04-24,8.0,50.0,8.89,5.0
24852,2019-04-24,9.0,55.0,13.89,7.5
24853,2019-04-24,10.0,107.0,38.18,70.0
24854,2019-04-24,11.0,100.0,40.0,80.0
24855,2019-04-24,12.0,90.0,42.78,129.5
24856,2019-04-24,13.0,115.0,43.89,110.56
24857,2019-04-24,14.0,105.0,45.71,91.67
24858,2019-04-24,15.0,106.11,35.56,85.0
24859,2019-04-24,16.0,95.0,32.86,95.0
24860,2019-04-24,17.0,95.0,39.44,92.78
24861,2019-04-24,18.0,95.0,15.56,82.22
24862,2019-04-24,19.0,95.0,21.43,65.71
24863,2019-04-24,20.0,77.22,16.67,
24864,2019-04-24,21.0,89.44,9.44,65.0
24865,2019-04-24,22.0,72.78,17.78,28.33
24870,2019-04-25,8.0,39.38,5.0,5.0
24871,2019-04-25,9.0,61.67,7.5,11.11
24872,2019-04-25,10.0,101.0,15.0,36.11
24873,2019-04-25,11.0,86.67,31.36,54.0
24874,2019-04-25,12.0,83.33,27.5,66.67
24875,2019-04-25,13.0,107.22,29.5,60.0
24876,2019-04-25,14.0,92.22,27.78,95.0
24877,2019-04-25,15.0,85.56,18.0,76.11
24878,2019-04-25,16.0,88.89,23.33,110.0
24879,2019-04-25,17.0,85.56,21.11,
24880,2019-04-25,18.0,101.67,12.22,
24881,2019-04-25,19.0,89.44,10.56,57.14
24882,2019-04-25,20.0,68.33,8.89,53.33
24883,2019-04-25,21.0,56.11,5.56,25.56
24884,2019-04-25,22.0,56.67,5.56,28.33
24888,2019-04-26,9.0,55.56,21.11,21.11
24889,2019-04-26,10.0,71.11,34.0,22.22
24890,2019-04-26,11.0,76.67,27.22,39.5
24891,2019-04-26,12.0,73.33,25.0,47.78
24892,2019-04-26,13.0,78.89,,56.5
24893,2019-04-26,14.0,100.56,20.0,60.56
24894,2019-04-26,15.0,102.22,26.67,57.78
24895,2019-04-26,16.0,72.78,32.78,62.5
24896,2019-04-26,17.0,72.22,21.67,54.55
24897,2019-04-26,18.0,76.67,16.0,53.33
24898,2019-04-26,19.0,70.0,12.22,52.78
24899,2019-04-26,20.0,79.44,8.89,36.67
24900,2019-04-26,21.0,48.33,6.67,15.56
24901,2019-04-26,22.0,65.5,6.0,21.67
24904,2019-04-27,8.0,38.18,5.0,5.0
24905,2019-04-27,9.0,62.78,8.33,15.0
24906,2019-04-27,10.0,92.78,24.0,41.92
24907,2019-04-27,11.0,78.75,29.5,55.0
24908,2019-04-27,12.0,92.5,41.67,70.0
24909,2019-04-27,13.0,113.33,42.5,78.89
24910,2019-04-27,14.0,133.89,37.78,83.33
24911,2019-04-27,15.0,176.43,35.0,92.22
24912,2019-04-27,16.0,117.78,40.0,86.5
24913,2019-04-27,17.0,92.22,36.11,68.89
24914,2019-04-27,18.0,100.0,25.0,73.33
24915,2019-04-27,19.0,103.89,28.18,68.89
24916,2019-04-27,20.0,77.78,25.56,54.44
24917,2019-04-27,21.0,76.67,7.73,31.67
24918,2019-04-27,22.0,92.22,13.0,28.0
24923,2019-04-28,9.0,56.11,7.5,7.0
24924,2019-04-28,10.0,76.0,12.73,28.12
24925,2019-04-28,11.0,92.22,38.5,
24926,2019-04-28,12.0,93.0,39.44,40.0
24927,2019-04-28,13.0,85.91,32.31,68.89
24928,2019-04-28,14.0,74.0,27.22,60.0
24929,2019-04-28,15.0,84.55,21.25,63.33
24930,2019-04-28,16.0,81.11,27.0,82.0
24931,2019-04-28,17.0,85.0,32.5,72.22
24932,2019-04-28,18.0,110.56,28.5,64.44
24933,2019-04-28,19.0,68.33,27.22,60.0
24934,2019-04-28,20.0,62.0,18.89,50.0
24935,2019-04-28,21.0,51.5,6.11,25.0
24938,2019-04-29,9.0,65.56,11.5,5.0
24939,2019-04-29,10.0,110.56,13.5,43.33
24940,2019-04-29,11.0,122.78,34.44,80.0
24941,2019-04-29,12.0,91.67,44.0,
24942,2019-04-29,13.0,109.0,59.44,55.0
24943,2019-04-29,14.0,126.67,40.0,83.33
24944,2019-04-29,15.0,112.22,22.22,83.89
24945,2019-04-29,16.0,82.78,33.33,82.22
24946,2019-04-29,17.0,84.44,23.33,73.33
24947,2019-04-29,18.0,85.56,22.22,62.78
24948,2019-04-29,19.0,82.78,17.0,72.22
24949,2019-04-29,20.0,63.0,19.44,60.56
24950,2019-04-29,21.0,53.33,6.67,28.33
24952,2019-04-30,9.0,65.0,7.5,5.0
24953,2019-04-30,10.0,77.78,18.64,23.89
24954,2019-04-30,11.0,81.11,37.0,54.44
24955,2019-04-30,12.0,88.5,41.5,57.22
24956,2019-04-30,13.0,81.11,34.44,86.0
24957,2019-04-30,14.0,90.0,37.0,82.5
24958,2019-04-30,15.0,91.11,20.45,60.0
24959,2019-04-30,16.0,76.67,30.56,78.64
24960,2019-04-30,17.0,79.44,19.0,75.56
24961,2019-04-30,18.0,76.11,14.44,56.67
24962,2019-04-30,19.0,68.33,14.44,50.0
24963,2019-04-30,20.0,68.33,14.5,32.78
24964,2019-04-30,21.0,45.56,6.67,12.78
24966,2019-05-01,9.0,82.5,10.62,7.5
24967,2019-05-01,10.0,86.67,18.0,31.5
24968,2019-05-01,11.0,80.56,33.89,44.44
24969,2019-05-01,12.0,76.67,45.56,55.56
24970,2019-05-01,13.0,68.89,40.0,52.5
24971,2019-05-01,14.0,74.44,35.0,63.89
24972,2019-05-01,15.0,80.0,20.0,47.78
24973,2019-05-01,16.0,72.78,20.0,48.33
24974,2019-05-01,17.0,80.0,16.67,41.11
24975,2019-05-01,18.0,94.44,18.5,40.56
24976,2019-05-01,19.0,72.78,18.5,35.56
24977,2019-05-01,20.0,53.5,15.0,20.0
24978,2019-05-01,21.0,53.64,11.67,7.0
24982,2019-05-02,9.0,64.58,8.18,15.0
24983,2019-05-02,10.0,87.78,35.56,35.0
24984,2019-05-02,11.0,84.44,49.44,28.33
24985,2019-05-02,12.0,93.33,29.5,64.17
24986,2019-05-02,13.0,84.44,38.0,72.0
24987,2019-05-02,14.0,82.0,38.89,65.56
24988,2019-05-02,15.0,79.5,20.5,50.45
24989,2019-05-02,16.0,80.0,21.67,51.67
24990,2019-05-02,17.0,76.67,13.33,40.5
24991,2019-05-02,18.0,77.78,17.22,44.44
24992,2019-05-02,19.0,78.89,16.0,40.56
24993,2019-05-02,20.0,62.5,6.11,21.67
24994,2019-05-02,21.0,50.0,5.0,6.67
25000,2019-05-03,9.0,55.0,18.0,23.75
25001,2019-05-03,10.0,73.89,27.08,48.89
25002,2019-05-03,11.0,65.56,31.0,49.44
25003,2019-05-03,12.0,83.12,38.12,51.0
25004,2019-05-03,13.0,68.89,27.5,64.44
25005,2019-05-03,14.0,67.5,30.5,56.0
25006,2019-05-03,15.0,74.44,21.67,66.67
25007,2019-05-03,16.0,73.33,25.56,68.89
25008,2019-05-03,17.0,68.89,13.5,53.33
25009,2019-05-03,18.0,76.11,11.67,44.44
25010,2019-05-03,19.0,82.22,13.33,41.67
25011,2019-05-03,20.0,68.33,8.33,43.33
25012,2019-05-03,21.0,52.0,5.0,17.22
25013,2019-05-03,22.0,41.11,8.33,23.89
25015,2019-05-04,8.0,39.0,5.0,5.0
25016,2019-05-04,9.0,54.23,7.27,7.73
25017,2019-05-04,10.0,87.92,19.58,38.0
25018,2019-05-04,11.0,96.11,31.11,60.0
25019,2019-05-04,12.0,101.25,40.56,75.0
25020,2019-05-04,13.0,126.88,38.5,93.89
25021,2019-05-04,14.0,97.5,44.5,93.75
25029,2019-05-04,15.0,,43.33,
25022,2019-05-04,16.0,126.67,38.33,68.89
25023,2019-05-04,17.0,129.44,31.11,77.78
25024,2019-05-04,18.0,83.89,27.5,79.44
25025,2019-05-04,19.0,111.11,30.0,65.56
25026,2019-05-04,21.0,71.0,12.0,12.0
25027,2019-05-04,22.0,50.0,12.22,16.11
25032,2019-05-05,9.0,68.5,9.0,10.0
25033,2019-05-05,10.0,74.5,25.56,31.11
25034,2019-05-05,11.0,107.0,42.0,
25035,2019-05-05,12.0,106.11,43.75,
25036,2019-05-05,13.0,88.12,40.71,
25043,2019-05-05,16.0,,15.0,48.33
25037,2019-05-05,17.0,106.67,34.09,73.89
25038,2019-05-05,18.0,118.89,38.5,77.22
25039,2019-05-05,19.0,120.0,33.89,95.5
25040,2019-05-05,20.0,80.0,37.22,95.83
25041,2019-05-05,21.0,105.0,15.0,
25044,2019-05-06,9.0,68.12,5.62,8.12
25045,2019-05-06,10.0,101.67,20.5,39.44
25046,2019-05-06,11.0,92.22,41.11,58.33
25047,2019-05-06,12.0,86.11,49.44,72.22
25048,2019-05-06,13.0,99.44,49.5,95.0
25049,2019-05-06,14.0,118.89,49.44,108.89
25050,2019-05-06,15.0,93.33,34.0,85.56
25051,2019-05-06,16.0,118.75,35.71,91.0
25052,2019-05-06,17.0,130.0,37.22,90.0
25053,2019-05-06,18.0,96.67,36.11,85.0
25054,2019-05-06,19.0,82.22,42.78,66.5
25055,2019-05-06,20.0,66.67,27.78,52.78
25056,2019-05-06,21.0,53.33,9.44,22.22
25071,2019-05-07,9.0,,25.56,
25072,2019-05-07,10.0,,41.67,
25059,2019-05-07,11.0,108.75,52.78,46.67
25060,2019-05-07,12.0,138.12,55.62,86.25
25061,2019-05-07,13.0,122.22,42.78,89.44
25062,2019-05-07,14.0,109.0,45.0,108.0
25063,2019-05-07,15.0,110.0,32.78,106.11
25064,2019-05-07,16.0,106.67,35.5,102.22
25065,2019-05-07,17.0,93.33,36.67,77.78
25066,2019-05-07,18.0,97.22,31.11,75.0
25067,2019-05-07,19.0,88.5,27.5,63.12
25068,2019-05-07,20.0,70.0,11.36,33.5
25069,2019-05-07,21.0,46.82,5.0,5.56
25073,2019-05-08,9.0,62.5,33.33,
25074,2019-05-08,10.0,92.22,64.44,33.0
25075,2019-05-08,11.0,93.5,70.0,91.67
25076,2019-05-08,12.0,100.5,78.89,68.33
25077,2019-05-08,13.0,90.0,80.0,93.89
25078,2019-05-08,14.0,85.0,30.0,82.08
25079,2019-05-08,15.0,73.33,30.5,45.0
25080,2019-05-08,16.0,138.89,36.0,73.89
25081,2019-05-08,17.0,133.33,30.0,66.11
25082,2019-05-08,18.0,88.89,13.33,65.56
25083,2019-05-08,19.0,103.57,28.0,58.89
25084,2019-05-08,20.0,65.0,25.0,44.38
25085,2019-05-08,21.0,78.75,11.92,21.5
25089,2019-05-09,9.0,65.0,11.67,11.11
25090,2019-05-09,10.0,68.5,26.11,35.0
25091,2019-05-09,11.0,83.64,32.27,51.36
25092,2019-05-09,12.0,82.5,37.22,45.5
25093,2019-05-09,13.0,85.0,39.44,66.67
25094,2019-05-09,14.0,86.11,38.33,65.0
25095,2019-05-09,15.0,81.11,21.11,55.5
25096,2019-05-09,16.0,78.5,28.89,55.0
25097,2019-05-09,17.0,71.67,19.55,43.89
25103,2019-05-09,18.0,,21.5,20.0
25098,2019-05-09,19.0,59.17,7.78,37.22
25099,2019-05-09,20.0,59.55,5.56,35.0
25100,2019-05-09,21.0,40.0,5.0,7.0
25107,2019-05-10,9.0,50.0,21.67,20.56
25108,2019-05-10,10.0,78.89,27.86,32.5
25109,2019-05-10,11.0,83.5,37.78,42.22
25110,2019-05-10,12.0,83.89,39.09,58.89
25111,2019-05-10,13.0,78.89,32.78,76.67
25112,2019-05-10,14.0,81.67,31.5,66.67
25113,2019-05-10,15.0,85.0,25.56,47.78
25114,2019-05-10,16.0,69.0,23.33,70.0
25115,2019-05-10,17.0,66.67,21.67,49.5
25116,2019-05-10,18.0,82.78,14.44,51.0
25117,2019-05-10,19.0,69.44,19.44,36.11
25118,2019-05-10,20.0,60.0,10.0,37.78
25119,2019-05-10,21.0,46.67,5.56,11.11
25121,2019-05-11,8.0,43.33,5.0,5.0
25122,2019-05-11,9.0,50.0,6.5,9.44
25123,2019-05-11,10.0,93.89,27.22,41.11
25124,2019-05-11,11.0,92.22,38.33,58.33
25125,2019-05-11,12.0,90.0,38.12,68.75
25126,2019-05-11,13.0,106.11,35.0,
25127,2019-05-11,14.0,111.67,,40.0
25128,2019-05-11,15.0,100.0,30.0,105.56
25129,2019-05-11,16.0,90.0,36.67,115.0
25130,2019-05-11,17.0,91.11,37.78,94.44
25131,2019-05-11,18.0,69.44,30.56,68.75
25132,2019-05-11,19.0,75.56,34.44,55.0
25133,2019-05-11,20.0,60.0,20.0,38.33
25134,2019-05-11,21.0,53.0,8.0,18.0
25135,2019-05-11,22.0,43.33,5.56,12.22
25139,2019-05-12,9.0,58.5,7.22,8.75
25140,2019-05-12,10.0,103.75,19.0,29.44
25141,2019-05-12,11.0,82.5,31.5,55.91
25142,2019-05-12,12.0,101.67,42.22,66.0
25143,2019-05-12,13.0,131.67,50.56,76.0
25152,2019-05-12,14.0,,39.5,62.5
25144,2019-05-12,15.0,129.38,36.67,75.0
25145,2019-05-12,16.0,86.67,42.0,72.78
25146,2019-05-12,17.0,97.22,,65.56
25147,2019-05-12,18.0,115.56,,58.89
25148,2019-05-12,19.0,101.11,,64.44
25149,2019-05-12,20.0,79.44,15.56,37.22
25150,2019-05-12,21.0,67.22,10.0,17.22
25153,2019-05-13,9.0,124.44,6.88,5.0
25154,2019-05-13,10.0,91.25,27.08,41.0
25164,2019-05-13,11.0,,59.44,
25165,2019-05-13,12.0,,50.56,
25166,2019-05-13,13.0,,56.11,
25155,2019-05-13,14.0,100.0,48.89,42.5
25156,2019-05-13,15.0,99.0,20.0,37.22
25157,2019-05-13,16.0,87.78,19.44,41.11
25158,2019-05-13,17.0,108.0,10.0,54.44
25159,2019-05-13,18.0,75.0,20.0,52.78
25160,2019-05-13,19.0,120.0,21.5,47.78
25161,2019-05-13,20.0,67.22,13.33,36.67
25162,2019-05-13,21.0,66.11,7.78,7.78
25169,2019-05-14,9.0,71.5,7.5,7.22
25170,2019-05-14,10.0,117.0,22.5,36.5
25171,2019-05-14,11.0,101.11,44.5,56.11
25172,2019-05-14,12.0,96.43,50.56,52.14
25173,2019-05-14,13.0,50.0,57.22,31.0
25174,2019-05-14,14.0,50.0,44.0,55.56
25175,2019-05-14,15.0,113.89,32.22,55.5
25176,2019-05-14,16.0,108.33,37.27,65.56
25177,2019-05-14,17.0,109.44,37.22,63.33
25178,2019-05-14,18.0,115.0,36.0,42.22
25179,2019-05-14,19.0,122.78,29.0,42.22
25180,2019-05-14,20.0,98.89,16.11,26.11
25181,2019-05-14,21.0,55.5,7.78,11.5
25184,2019-05-15,9.0,71.67,5.0,5.0
25185,2019-05-15,10.0,107.78,,43.33
25186,2019-05-15,11.0,108.33,47.86,58.33
25187,2019-05-15,12.0,101.67,57.22,72.78
25188,2019-05-15,13.0,115.0,61.67,81.11
25189,2019-05-15,14.0,122.22,46.67,82.78
25190,2019-05-15,15.0,96.11,38.89,65.5
25191,2019-05-15,16.0,78.89,55.0,60.0
25192,2019-05-15,17.0,100.56,31.67,68.33
25193,2019-05-15,18.0,87.22,34.44,58.33
25194,2019-05-15,19.0,112.22,44.0,50.56
25195,2019-05-15,20.0,60.56,22.22,35.56
25196,2019-05-15,21.0,67.5,12.5,19.44
25200,2019-05-16,9.0,76.67,10.91,9.5
25201,2019-05-16,10.0,80.0,23.5,28.57
25202,2019-05-16,11.0,81.11,42.78,45.0
25203,2019-05-16,12.0,87.78,41.67,72.5
25204,2019-05-16,13.0,81.11,45.0,63.89
25205,2019-05-16,14.0,82.22,35.0,72.0
25206,2019-05-16,15.0,88.0,27.22,65.0
25207,2019-05-16,16.0,79.44,27.22,76.11
25208,2019-05-16,17.0,74.5,25.0,51.0
25209,2019-05-16,18.0,78.33,15.0,61.11
25210,2019-05-16,19.0,69.44,14.0,43.33
25211,2019-05-16,20.0,47.78,7.22,33.89
25212,2019-05-16,21.0,36.11,5.0,9.44
25219,2019-05-17,9.0,67.27,9.38,29.0
25220,2019-05-17,10.0,91.67,27.22,38.33
25221,2019-05-17,11.0,112.22,36.67,60.0
25222,2019-05-17,12.0,92.78,41.67,65.56
25223,2019-05-17,13.0,80.0,42.78,66.67
25224,2019-05-17,14.0,85.56,50.0,
25225,2019-05-17,15.0,87.78,33.89,40.0
25226,2019-05-17,16.0,82.78,33.89,81.67
25227,2019-05-17,17.0,72.78,30.56,70.56
25228,2019-05-17,18.0,78.64,20.0,60.5
25229,2019-05-17,19.0,71.67,19.44,50.0
25230,2019-05-17,20.0,57.0,12.78,40.56
25231,2019-05-17,21.0,49.5,5.0,12.22
25233,2019-05-18,8.0,40.56,5.0,5.0
25234,2019-05-18,9.0,61.36,6.11,22.78
25235,2019-05-18,10.0,68.0,16.5,31.5
25236,2019-05-18,11.0,86.5,37.5,57.27
25237,2019-05-18,12.0,87.0,44.5,65.0
25238,2019-05-18,13.0,130.0,46.5,67.22
25239,2019-05-18,14.0,93.33,43.89,62.0
25240,2019-05-18,15.0,87.78,38.0,60.56
25241,2019-05-18,16.0,93.89,36.5,66.11
25242,2019-05-18,17.0,120.56,33.33,83.33
25243,2019-05-18,18.0,112.78,35.5,75.0
25244,2019-05-18,19.0,73.33,34.44,50.0
25245,2019-05-18,20.0,71.5,24.0,41.67
25246,2019-05-18,21.0,71.82,10.56,30.91
25247,2019-05-18,22.0,71.5,14.0,35.0
25252,2019-05-19,9.0,66.36,10.0,9.38
25253,2019-05-19,10.0,86.67,19.55,47.0
25254,2019-05-19,11.0,93.5,37.08,43.89
25255,2019-05-19,12.0,73.33,35.56,47.78
25256,2019-05-19,13.0,74.5,36.82,60.56
25257,2019-05-19,14.0,95.0,37.22,65.91
25258,2019-05-19,15.0,109.29,32.5,56.11
25259,2019-05-19,16.0,82.22,33.33,70.56
25260,2019-05-19,17.0,83.64,26.5,53.33
25261,2019-05-19,18.0,72.22,18.89,36.11
25262,2019-05-19,19.0,65.0,9.44,30.56
25263,2019-05-19,20.0,74.0,6.11,27.78
25264,2019-05-19,21.0,49.44,5.0,12.0
25266,2019-05-20,9.0,64.38,5.0,9.38
25267,2019-05-20,10.0,70.0,32.27,33.0
25268,2019-05-20,11.0,100.0,43.89,50.5
25269,2019-05-20,12.0,81.67,48.33,58.89
25270,2019-05-20,13.0,93.89,46.11,70.0
25271,2019-05-20,14.0,94.38,42.5,53.33
25272,2019-05-20,15.0,76.11,26.11,57.22
25273,2019-05-20,16.0,93.89,28.89,77.22
25274,2019-05-20,17.0,83.5,20.56,63.89
25275,2019-05-20,18.0,115.0,13.33,61.67
25276,2019-05-20,19.0,71.11,19.44,63.89
25277,2019-05-20,20.0,61.11,13.89,37.78
25278,2019-05-20,21.0,44.44,6.67,15.56
25282,2019-05-21,9.0,67.5,10.62,7.22
25283,2019-05-21,10.0,87.78,31.67,27.22
25284,2019-05-21,11.0,77.5,40.0,55.0
25285,2019-05-21,12.0,106.67,47.22,46.11
25286,2019-05-21,13.0,91.11,35.56,60.0
25287,2019-05-21,14.0,65.56,40.0,62.22
25288,2019-05-21,15.0,71.67,17.27,50.56
25289,2019-05-21,16.0,81.11,26.67,50.0
25290,2019-05-21,17.0,68.5,18.33,61.11
25291,2019-05-21,18.0,74.44,15.83,37.78
25292,2019-05-21,19.0,67.22,15.0,35.56
25293,2019-05-21,20.0,55.45,10.0,32.22
25294,2019-05-21,21.0,39.5,5.56,11.67
25296,2019-05-22,9.0,63.0,14.44,12.5
25297,2019-05-22,10.0,93.0,18.5,46.5
25298,2019-05-22,11.0,94.44,44.44,56.67
25299,2019-05-22,12.0,72.78,40.0,73.89
25300,2019-05-22,13.0,92.22,42.78,86.67
25301,2019-05-22,14.0,82.5,29.55,74.44
25302,2019-05-22,15.0,73.89,19.0,65.0
25303,2019-05-22,16.0,76.67,25.56,65.0
25304,2019-05-22,17.0,71.0,20.0,67.78
25305,2019-05-22,18.0,72.22,15.56,60.56
25306,2019-05-22,19.0,73.0,15.56,53.89
25307,2019-05-22,20.0,60.5,13.33,38.33
25308,2019-05-22,21.0,80.0,6.11,13.33
25312,2019-05-23,9.0,71.25,13.89,11.67
25313,2019-05-23,10.0,76.67,25.56,45.56
25314,2019-05-23,11.0,76.67,38.89,76.67
25315,2019-05-23,12.0,80.56,37.78,73.33
25316,2019-05-23,13.0,83.33,41.0,90.0
25317,2019-05-23,14.0,88.33,31.67,106.11
25318,2019-05-23,15.0,71.67,35.0,77.78
25319,2019-05-23,16.0,76.11,29.44,70.0
25320,2019-05-23,17.0,73.89,20.56,63.89
25321,2019-05-23,18.0,77.22,18.89,57.78
25322,2019-05-23,19.0,66.11,12.22,41.11
25323,2019-05-23,20.0,58.33,5.56,35.56
25324,2019-05-23,21.0,34.55,5.56,8.33
25330,2019-05-24,9.0,60.5,20.0,
25331,2019-05-24,10.0,98.18,37.0,
25332,2019-05-24,11.0,76.11,40.5,
25333,2019-05-24,12.0,80.56,46.5,
25334,2019-05-24,13.0,81.67,45.0,
25335,2019-05-24,14.0,90.0,43.0,
25336,2019-05-24,15.0,87.78,26.67,
25337,2019-05-24,16.0,88.89,23.33,72.5
25338,2019-05-24,17.0,86.67,15.56,105.0
25339,2019-05-24,18.0,97.22,20.0,105.0
25340,2019-05-24,19.0,72.78,17.78,83.89
25341,2019-05-24,20.0,58.89,12.78,72.22
25342,2019-05-24,21.0,41.67,5.0,31.67
25345,2019-05-25,8.0,46.67,5.0,7.22
25346,2019-05-25,9.0,59.44,5.0,15.0
25347,2019-05-25,10.0,77.78,28.0,52.5
25348,2019-05-25,11.0,105.0,37.5,55.0
25349,2019-05-25,12.0,103.89,42.22,66.11
25350,2019-05-25,13.0,103.89,37.22,85.5
25351,2019-05-25,14.0,100.5,36.5,75.0
25352,2019-05-25,15.0,95.0,30.0,74.44
25353,2019-05-25,16.0,106.11,36.11,76.11
25354,2019-05-25,17.0,92.22,37.22,71.11
25355,2019-05-25,18.0,85.0,27.78,68.33
25356,2019-05-25,19.0,90.0,27.27,63.89
25357,2019-05-25,20.0,87.5,26.36,65.56
25358,2019-05-25,21.0,73.0,11.11,35.56
25359,2019-05-25,22.0,53.89,7.78,27.22
25363,2019-05-26,9.0,86.67,5.0,14.09
25364,2019-05-26,10.0,97.0,28.89,43.5
25365,2019-05-26,11.0,86.82,43.89,67.78
25366,2019-05-26,12.0,132.22,36.5,80.0
25367,2019-05-26,13.0,119.44,43.89,76.67
25368,2019-05-26,14.0,93.89,44.44,69.44
25369,2019-05-26,15.0,97.22,34.0,70.56
25370,2019-05-26,16.0,96.67,34.44,82.22
25371,2019-05-26,17.0,86.11,28.33,82.5
25372,2019-05-26,18.0,86.5,27.22,68.33
25373,2019-05-26,19.0,95.5,32.5,75.56
25374,2019-05-26,20.0,96.67,24.44,75.5
25375,2019-05-26,21.0,74.5,9.23,36.88
25376,2019-05-26,22.0,65.0,11.11,
25378,2019-05-27,9.0,85.0,6.11,12.5
25379,2019-05-27,10.0,87.22,27.78,41.67
25380,2019-05-27,11.0,108.0,41.11,68.33
25381,2019-05-27,12.0,112.78,41.5,66.67
25382,2019-05-27,13.0,110.0,45.0,95.56
25383,2019-05-27,14.0,105.56,33.33,73.89
25384,2019-05-27,15.0,101.11,26.5,61.5
25385,2019-05-27,16.0,88.89,28.33,104.5
25386,2019-05-27,17.0,88.89,23.33,82.78
25387,2019-05-27,18.0,80.0,22.22,56.11
25388,2019-05-27,19.0,73.89,17.78,46.67
25389,2019-05-27,20.0,70.56,9.0,48.33
25390,2019-05-27,21.0,52.78,5.0,25.0
25394,2019-05-28,9.0,65.71,21.25,26.25
25407,2019-05-28,10.0,,47.22,86.67
25395,2019-05-28,11.0,105.0,49.0,116.11
25396,2019-05-28,12.0,163.89,52.78,133.33
25397,2019-05-28,13.0,140.56,48.89,107.22
25398,2019-05-28,14.0,118.33,42.78,88.89
25399,2019-05-28,15.0,100.56,36.11,73.5
25400,2019-05-28,16.0,112.78,39.38,116.11
25401,2019-05-28,17.0,103.89,42.22,94.44
25402,2019-05-28,18.0,105.56,33.33,91.11
25403,2019-05-28,19.0,98.33,31.67,71.11
25404,2019-05-28,20.0,91.0,31.67,53.89
25405,2019-05-28,21.0,67.22,7.22,36.11
25408,2019-05-29,9.0,94.38,26.82,
25409,2019-05-29,10.0,134.5,43.33,
25410,2019-05-29,11.0,85.5,46.67,62.0
25411,2019-05-29,12.0,100.0,49.44,99.44
25412,2019-05-29,13.0,105.0,45.5,100.56
25413,2019-05-29,14.0,96.0,38.5,98.33
25414,2019-05-29,15.0,87.22,36.67,95.5
25415,2019-05-29,16.0,86.67,34.44,101.11
25421,2019-05-29,17.0,,36.11,91.67
25422,2019-05-29,18.0,,42.22,114.44
25416,2019-05-29,19.0,153.12,35.0,72.78
25417,2019-05-29,20.0,116.5,26.11,78.89
25418,2019-05-29,21.0,87.5,16.5,61.67
25419,2019-05-29,22.0,108.64,31.25,80.0
25425,2019-05-30,9.0,84.38,9.38,15.5
25426,2019-05-30,10.0,105.0,28.5,58.33
25427,2019-05-30,11.0,88.33,44.44,83.89
25428,2019-05-30,12.0,95.0,41.5,86.67
25429,2019-05-30,13.0,91.67,40.0,86.11
25430,2019-05-30,14.0,107.22,36.11,87.78
25431,2019-05-30,15.0,91.25,30.0,82.22
25432,2019-05-30,16.0,78.89,27.78,80.0
25433,2019-05-30,17.0,90.5,25.0,77.22
25434,2019-05-30,18.0,81.67,25.0,63.33
25435,2019-05-30,19.0,79.44,18.33,63.33
25436,2019-05-30,20.0,65.56,19.44,52.22
25437,2019-05-30,21.0,44.44,5.56,12.78
25443,2019-05-31,9.0,94.44,12.27,43.18
25444,2019-05-31,10.0,83.33,41.67,57.08
25445,2019-05-31,11.0,95.56,39.17,86.0
25446,2019-05-31,12.0,106.67,41.0,90.0
25447,2019-05-31,13.0,95.0,41.0,83.33
25448,2019-05-31,14.0,85.71,32.78,80.0
25449,2019-05-31,15.0,90.0,27.92,85.56
25450,2019-05-31,16.0,93.33,28.89,120.0
25451,2019-05-31,17.0,90.91,25.0,88.89
25452,2019-05-31,18.0,108.89,24.0,55.56
25453,2019-05-31,19.0,136.67,24.44,62.78
25454,2019-05-31,20.0,104.5,20.56,55.0
25455,2019-05-31,21.0,58.5,8.89,31.67
25456,2019-05-31,22.0,59.5,15.0,44.44
25458,2019-06-01,8.0,60.0,5.0,7.22
25459,2019-06-01,9.0,56.67,7.22,19.44
25460,2019-06-01,10.0,103.33,32.0,48.33
25461,2019-06-01,11.0,92.78,44.0,66.36
25462,2019-06-01,12.0,88.33,35.56,74.44
25463,2019-06-01,13.0,93.5,38.5,69.44
25464,2019-06-01,14.0,107.5,37.5,69.44
25465,2019-06-01,15.0,102.5,26.11,64.44
25466,2019-06-01,16.0,107.78,35.5,79.44
25467,2019-06-01,17.0,92.78,25.0,71.11
25468,2019-06-01,18.0,93.33,26.0,47.22
25469,2019-06-01,19.0,123.12,27.22,40.0
25470,2019-06-01,20.0,81.11,22.78,37.78
25471,2019-06-01,21.0,70.5,6.67,29.5
25472,2019-06-01,22.0,99.44,18.89,43.0
25476,2019-06-02,9.0,68.0,7.5,12.78
25487,2019-06-02,10.0,,36.67,34.55
25488,2019-06-02,11.0,,45.0,59.44
25489,2019-06-02,12.0,,43.89,73.89
25490,2019-06-02,13.0,,45.56,83.33
25477,2019-06-02,14.0,113.33,39.5,71.11
25478,2019-06-02,15.0,120.0,32.22,71.67
25479,2019-06-02,16.0,97.78,19.5,65.5
25480,2019-06-02,17.0,87.78,23.5,63.89
25481,2019-06-02,18.0,91.67,18.5,56.67
25482,2019-06-02,19.0,100.56,12.78,42.78
25483,2019-06-02,20.0,89.44,11.67,37.22
25484,2019-06-02,21.0,51.36,5.0,23.33
25485,2019-06-02,22.0,49.44,5.0,16.67
25491,2019-06-03,9.0,96.67,6.25,16.67
25492,2019-06-03,10.0,104.0,23.18,43.33
25493,2019-06-03,11.0,110.0,43.89,75.91
25494,2019-06-03,12.0,123.89,40.5,85.56
25495,2019-06-03,13.0,113.89,43.89,57.22
25496,2019-06-03,14.0,102.22,41.67,84.5
25497,2019-06-03,15.0,91.11,30.0,61.67
25498,2019-06-03,16.0,100.56,33.33,75.0
25499,2019-06-03,17.0,96.67,35.0,65.0
25500,2019-06-03,18.0,87.78,26.67,60.56
25501,2019-06-03,19.0,90.56,23.64,64.44
25502,2019-06-03,20.0,77.78,13.18,56.11
25503,2019-06-03,21.0,55.0,5.0,17.78
25504,2019-06-03,22.0,47.22,5.0,20.0
25508,2019-06-04,9.0,81.11,12.5,16.67
25509,2019-06-04,10.0,98.64,25.0,76.82
25510,2019-06-04,11.0,99.44,51.67,87.78
25511,2019-06-04,12.0,128.89,52.27,70.0
25512,2019-06-04,13.0,110.0,47.78,87.78
25513,2019-06-04,14.0,60.0,52.78,77.22
25514,2019-06-04,15.0,109.44,41.36,78.89
25515,2019-06-04,16.0,121.11,40.0,90.0
25516,2019-06-04,17.0,104.44,35.0,88.89
25517,2019-06-04,18.0,100.56,27.22,61.67
25518,2019-06-04,19.0,114.44,25.56,56.67
25519,2019-06-04,20.0,97.5,14.44,40.56
25520,2019-06-04,21.0,48.89,5.0,18.33
25522,2019-06-05,9.0,78.75,6.25,20.5
25523,2019-06-05,10.0,106.0,30.0,58.18
25524,2019-06-05,11.0,105.56,50.56,69.5
25525,2019-06-05,12.0,92.0,45.5,93.33
25526,2019-06-05,13.0,122.22,48.33,106.11
25527,2019-06-05,14.0,128.33,39.44,103.89
25528,2019-06-05,15.0,100.0,41.5,87.78
25529,2019-06-05,16.0,101.11,38.0,86.67
25530,2019-06-05,17.0,121.67,32.78,89.5
25531,2019-06-05,18.0,111.11,29.44,90.56
25532,2019-06-05,19.0,95.0,40.56,90.0
25533,2019-06-05,20.0,60.0,47.5,22.5
25534,2019-06-05,21.0,60.42,12.0,22.78
25535,2019-06-05,22.0,85.56,19.44,40.56
25539,2019-06-06,9.0,80.62,5.0,9.38
25540,2019-06-06,10.0,76.5,29.44,38.64
25541,2019-06-06,11.0,99.55,45.56,76.11
25542,2019-06-06,12.0,93.89,40.0,61.11
25543,2019-06-06,13.0,105.0,44.44,66.67
25544,2019-06-06,14.0,85.0,36.11,76.11
25545,2019-06-06,15.0,78.89,26.5,74.5
25546,2019-06-06,16.0,79.62,30.56,71.11
25547,2019-06-06,17.0,87.22,23.89,47.78
25548,2019-06-06,18.0,95.0,19.09,51.11
25549,2019-06-06,19.0,79.5,16.11,38.75
25550,2019-06-06,20.0,71.11,15.56,
25551,2019-06-06,21.0,68.33,5.56,
25557,2019-06-07,9.0,76.67,19.09,32.27
25558,2019-06-07,10.0,75.0,38.08,50.0
25559,2019-06-07,11.0,105.83,38.89,62.22
25560,2019-06-07,12.0,90.0,40.5,70.5
25561,2019-06-07,13.0,85.0,44.0,72.78
25562,2019-06-07,14.0,87.78,,82.78
25563,2019-06-07,15.0,77.78,,78.0
25564,2019-06-07,16.0,86.67,37.0,83.64
25565,2019-06-07,17.0,77.78,38.0,77.78
25566,2019-06-07,18.0,93.89,28.89,69.44
25567,2019-06-07,19.0,79.09,27.27,59.5
25568,2019-06-07,20.0,67.78,14.44,47.78
25569,2019-06-07,21.0,53.0,5.0,18.33
25570,2019-06-07,22.0,45.0,5.0,39.09
25585,2019-06-08,9.0,,12.5,7.5
25572,2019-06-08,10.0,78.33,28.5,28.18
25573,2019-06-08,11.0,86.11,38.33,46.67
25574,2019-06-08,12.0,108.5,35.0,56.67
25575,2019-06-08,13.0,114.44,38.5,
25576,2019-06-08,14.0,97.22,37.22,44.0
25577,2019-06-08,15.0,88.0,25.0,72.22
25578,2019-06-08,16.0,104.5,33.89,77.78
25579,2019-06-08,17.0,100.0,39.5,75.0
25580,2019-06-08,18.0,120.0,21.11,54.29
25581,2019-06-08,19.0,105.0,17.22,37.5
25582,2019-06-08,20.0,120.45,10.0,37.5
25583,2019-06-08,21.0,44.5,5.0,16.67
25587,2019-06-09,9.0,69.0,11.5,12.22
25588,2019-06-09,10.0,99.0,25.5,44.55
25589,2019-06-09,11.0,117.22,39.44,48.33
25590,2019-06-09,12.0,111.11,35.0,52.22
25591,2019-06-09,13.0,105.0,31.11,68.12
25598,2019-06-09,14.0,,49.5,
25592,2019-06-09,15.0,107.5,32.22,39.17
25593,2019-06-09,16.0,118.89,19.0,67.0
25594,2019-06-09,17.0,93.33,22.5,67.78
25595,2019-06-09,18.0,84.5,11.0,48.89
25596,2019-06-09,19.0,73.89,10.0,41.67
25597,2019-06-09,20.0,52.0,10.0,25.0
25599,2019-06-09,21.0,,5.56,5.0
25602,2019-06-10,9.0,86.0,5.56,
25603,2019-06-10,10.0,109.09,30.45,32.22
25604,2019-06-10,11.0,103.89,47.78,66.67
25605,2019-06-10,12.0,100.56,46.67,91.5
25606,2019-06-10,13.0,110.56,51.5,99.0
25616,2019-06-10,14.0,,50.0,105.0
25607,2019-06-10,15.0,113.75,38.08,58.18
25608,2019-06-10,16.0,126.5,36.36,101.67
25609,2019-06-10,17.0,125.0,41.67,110.0
25610,2019-06-10,18.0,106.5,33.33,91.11
25611,2019-06-10,19.0,115.56,32.5,61.67
25612,2019-06-10,20.0,117.78,28.0,63.89
25613,2019-06-10,21.0,83.0,10.0,60.56
25614,2019-06-10,22.0,73.33,10.0,27.5
25619,2019-06-11,9.0,69.0,5.62,12.22
25620,2019-06-11,10.0,104.55,22.73,64.0
25621,2019-06-11,11.0,106.0,41.11,64.44
25622,2019-06-11,12.0,117.22,46.5,81.5
25623,2019-06-11,13.0,127.0,38.89,85.91
25624,2019-06-11,14.0,117.22,46.11,79.44
25625,2019-06-11,15.0,105.56,40.0,71.11
25626,2019-06-11,16.0,98.89,34.0,93.0
25627,2019-06-11,17.0,131.82,41.36,86.11
25628,2019-06-11,18.0,112.22,21.67,76.11
25629,2019-06-11,19.0,105.0,30.0,53.33
25630,2019-06-11,20.0,88.0,12.78,40.0
25631,2019-06-11,21.0,56.67,5.0,34.44
25643,2019-06-12,9.0,,10.0,15.0
25633,2019-06-12,10.0,89.0,15.0,
25634,2019-06-12,11.0,105.0,,
25644,2019-06-12,15.0,,,55.0
25635,2019-06-12,16.0,122.5,45.0,110.0
25636,2019-06-12,17.0,120.0,45.0,105.0
25637,2019-06-12,18.0,115.0,25.0,105.0
25638,2019-06-12,19.0,160.0,25.0,72.5
25639,2019-06-12,20.0,110.0,20.0,60.0
25640,2019-06-12,21.0,80.0,15.0,55.0
25641,2019-06-12,22.0,70.0,30.0,47.5
25647,2019-06-13,10.0,80.0,20.0,15.0
25658,2019-06-13,11.0,,40.0,43.33
25659,2019-06-13,12.0,,50.0,65.0
25648,2019-06-13,13.0,133.33,42.86,57.5
25649,2019-06-13,14.0,89.17,43.75,47.86
25660,2019-06-13,15.0,,34.38,25.0
25650,2019-06-13,16.0,107.78,27.78,46.11
25651,2019-06-13,17.0,97.78,18.12,61.88
25652,2019-06-13,18.0,108.12,15.56,42.14
25653,2019-06-13,19.0,86.25,8.89,35.62
25654,2019-06-13,20.0,83.89,5.56,41.25
25655,2019-06-13,21.0,61.67,5.0,15.56
25664,2019-06-14,9.0,65.0,20.62,22.14
25665,2019-06-14,10.0,90.0,36.25,41.67
25666,2019-06-14,11.0,104.09,41.25,69.5
25667,2019-06-14,12.0,108.12,45.56,101.88
25668,2019-06-14,13.0,103.75,51.25,77.5
25669,2019-06-14,14.0,90.62,46.88,86.88
25670,2019-06-14,15.0,93.12,33.12,72.5
25671,2019-06-14,16.0,105.62,30.0,72.22
25672,2019-06-14,17.0,108.12,34.0,66.88
25673,2019-06-14,18.0,116.82,28.89,66.11
25674,2019-06-14,19.0,112.22,26.11,76.25
25675,2019-06-14,20.0,77.5,11.67,47.5
25676,2019-06-14,21.0,74.38,5.0,26.88
25677,2019-06-15,9.0,71.25,9.44,14.5
25678,2019-06-15,10.0,75.45,31.67,40.56
25679,2019-06-15,11.0,88.33,43.5,52.22
25680,2019-06-15,12.0,98.75,43.5,
25681,2019-06-15,13.0,105.0,42.5,
25682,2019-06-15,14.0,99.44,38.89,70.0
25683,2019-06-15,15.0,108.75,31.88,60.45
25684,2019-06-15,16.0,93.75,30.0,118.12
25685,2019-06-15,17.0,84.38,28.75,86.25
25686,2019-06-15,18.0,93.12,18.75,72.5
25687,2019-06-15,19.0,78.12,25.0,63.89
25688,2019-06-15,20.0,60.0,13.33,38.89
25689,2019-06-15,21.0,42.22,5.0,5.56
25693,2019-06-16,9.0,66.67,5.0,5.0
25694,2019-06-16,10.0,85.0,25.0,
25695,2019-06-16,11.0,78.75,43.12,
25696,2019-06-16,12.0,105.0,36.88,
25697,2019-06-16,13.0,78.12,33.75,65.83
25698,2019-06-16,14.0,79.38,23.33,101.88
25706,2019-06-16,15.0,,19.38,95.0
25699,2019-06-16,16.0,67.86,22.22,15.0
25700,2019-06-16,17.0,63.75,10.0,41.25
25701,2019-06-16,18.0,65.0,10.0,35.0
25702,2019-06-16,19.0,69.38,8.12,24.38
25703,2019-06-16,20.0,77.5,9.38,11.25
25704,2019-06-16,21.0,31.11,5.0,5.0
25707,2019-06-17,9.0,81.25,5.0,14.29
25708,2019-06-17,10.0,71.67,29.17,42.5
25709,2019-06-17,11.0,88.75,53.12,86.88
25710,2019-06-17,12.0,102.5,49.38,100.0
25711,2019-06-17,13.0,101.25,46.88,86.25
25712,2019-06-17,14.0,102.0,58.12,80.0
25713,2019-06-17,15.0,120.0,54.38,43.75
25714,2019-06-17,16.0,114.38,32.5,90.62
25715,2019-06-17,17.0,95.62,34.0,79.38
25716,2019-06-17,18.0,98.75,31.88,64.38
25717,2019-06-17,19.0,90.0,25.0,48.5
25718,2019-06-17,20.0,95.62,17.78,38.33
25719,2019-06-17,21.0,57.78,5.0,15.0
25720,2019-06-17,22.0,66.5,8.89,21.67
25724,2019-06-18,9.0,74.38,6.43,9.29
25725,2019-06-18,10.0,102.5,31.11,50.62
25726,2019-06-18,11.0,130.0,45.0,88.12
25727,2019-06-18,12.0,121.25,51.25,81.67
25728,2019-06-18,13.0,90.0,50.0,75.0
25729,2019-06-18,14.0,77.5,45.0,36.0
25730,2019-06-18,15.0,131.25,23.12,72.5
25731,2019-06-18,16.0,115.0,35.5,83.12
25732,2019-06-18,17.0,113.12,29.38,69.38
25733,2019-06-18,18.0,109.44,20.0,58.75
25734,2019-06-18,19.0,85.0,10.62,65.0
25736,2019-06-18,20.0,,10.0,33.57
25737,2019-06-18,21.0,,5.62,23.12
25735,2019-06-18,22.0,60.0,5.0,23.12
25738,2019-06-19,9.0,72.86,21.43,
25739,2019-06-19,10.0,93.89,24.0,55.0
25740,2019-06-19,11.0,121.88,50.62,107.0
25741,2019-06-19,12.0,115.62,55.0,
25742,2019-06-19,13.0,113.12,58.12,66.67
25743,2019-06-19,14.0,102.5,48.12,84.38
25744,2019-06-19,15.0,105.0,42.5,90.0
25745,2019-06-19,16.0,98.75,43.12,86.88
25746,2019-06-19,17.0,96.67,29.38,105.0
25747,2019-06-19,18.0,115.0,29.38,46.67
25748,2019-06-19,19.0,113.12,15.0,72.73
25749,2019-06-19,20.0,77.22,13.89,61.25
25750,2019-06-19,21.0,61.88,8.75,28.12
25751,2019-06-19,22.0,86.82,10.0,46.88
25755,2019-06-20,9.0,97.22,6.43,20.71
25756,2019-06-20,10.0,77.73,28.33,47.78
25757,2019-06-20,11.0,98.18,38.12,96.25
25758,2019-06-20,12.0,109.38,45.62,97.5
25759,2019-06-20,13.0,107.22,46.11,110.91
25760,2019-06-20,14.0,121.25,46.67,153.33
25761,2019-06-20,15.0,118.12,37.5,105.5
25762,2019-06-20,16.0,111.88,35.71,105.62
25763,2019-06-20,17.0,98.75,,81.88
25764,2019-06-20,18.0,89.38,18.57,91.25
25765,2019-06-20,19.0,94.38,26.88,87.5
25766,2019-06-20,20.0,77.5,28.12,55.62
25767,2019-06-20,21.0,56.25,6.25,36.88
25772,2019-06-21,9.0,80.0,11.11,34.0
25773,2019-06-21,10.0,77.5,35.91,61.88
25774,2019-06-21,11.0,119.0,42.5,81.25
25775,2019-06-21,12.0,106.88,46.88,92.27
25776,2019-06-21,13.0,103.75,54.44,
25777,2019-06-21,14.0,112.5,49.38,
25778,2019-06-21,15.0,103.75,40.62,
25779,2019-06-21,16.0,106.25,36.88,
25780,2019-06-21,17.0,112.5,38.75,60.0
25781,2019-06-21,18.0,118.75,30.62,98.75
25782,2019-06-21,19.0,96.88,29.38,105.0
25783,2019-06-21,20.0,79.5,25.56,78.33
25784,2019-06-21,21.0,55.56,7.78,57.78
25785,2019-06-21,22.0,53.75,6.25,40.62
25789,2019-06-22,9.0,90.0,7.22,22.5
25790,2019-06-22,10.0,81.0,20.42,44.44
25791,2019-06-22,11.0,96.67,45.56,69.44
25792,2019-06-22,12.0,110.0,41.25,71.88
25793,2019-06-22,13.0,107.22,48.33,71.5
25794,2019-06-22,14.0,100.62,48.33,80.62
25795,2019-06-22,15.0,119.44,34.38,86.25
25796,2019-06-22,16.0,107.5,43.12,105.0
25797,2019-06-22,17.0,102.5,38.12,
25798,2019-06-22,18.0,111.25,34.38,82.5
25799,2019-06-22,19.0,103.12,26.25,86.0
25800,2019-06-22,20.0,99.38,21.25,103.75
25801,2019-06-22,21.0,67.5,9.38,31.88
25802,2019-06-22,22.0,55.62,12.5,25.56
25805,2019-06-23,9.0,73.89,14.17,10.71
25806,2019-06-23,10.0,100.5,35.0,55.0
25807,2019-06-23,11.0,94.38,40.62,63.12
25808,2019-06-23,12.0,106.11,50.0,70.0
25809,2019-06-23,13.0,83.33,54.17,58.89
25810,2019-06-23,14.0,94.44,37.78,69.44
25811,2019-06-23,15.0,83.75,27.5,74.38
25812,2019-06-23,16.0,86.88,37.22,56.88
25813,2019-06-23,17.0,82.22,26.25,55.0
25814,2019-06-23,18.0,85.62,23.75,64.38
25815,2019-06-23,19.0,78.75,25.0,61.88
25816,2019-06-23,20.0,78.33,13.33,60.62
25817,2019-06-23,21.0,51.88,5.0,28.12
25819,2019-06-24,9.0,92.86,10.0,15.62
25820,2019-06-24,10.0,98.12,34.38,51.88
25821,2019-06-24,11.0,101.88,50.0,72.5
25822,2019-06-24,12.0,120.0,58.75,83.75
25823,2019-06-24,13.0,105.62,62.5,84.38
25824,2019-06-24,14.0,119.17,58.12,91.88
25833,2019-06-24,15.0,,41.25,85.62
25825,2019-06-24,16.0,95.71,47.5,93.12
25826,2019-06-24,17.0,112.5,42.22,85.0
25827,2019-06-24,18.0,102.5,38.12,88.12
25828,2019-06-24,19.0,83.12,33.75,71.25
25829,2019-06-24,20.0,81.25,21.88,54.38
25830,2019-06-24,21.0,66.11,12.22,46.67
25831,2019-06-24,22.0,55.62,14.38,41.88
25836,2019-06-25,9.0,75.0,9.38,15.62
25837,2019-06-25,10.0,84.38,33.89,56.25
25838,2019-06-25,11.0,96.25,56.88,75.0
25839,2019-06-25,12.0,98.89,36.88,100.0
25840,2019-06-25,13.0,103.75,60.62,94.38
25841,2019-06-25,14.0,93.75,39.38,68.75
25842,2019-06-25,15.0,89.38,33.12,67.5
25843,2019-06-25,16.0,92.5,41.11,81.88
25844,2019-06-25,17.0,93.12,31.88,83.75
25845,2019-06-25,18.0,84.29,21.11,70.62
25849,2019-06-25,19.0,,18.12,65.0
25846,2019-06-25,20.0,65.0,21.67,42.86
25847,2019-06-25,21.0,47.5,11.25,14.44
25848,2019-06-25,22.0,75.62,5.62,27.5
25850,2019-06-26,9.0,75.0,40.71,
25851,2019-06-26,10.0,110.62,37.5,30.0
25852,2019-06-26,11.0,112.5,47.5,78.64
25853,2019-06-26,12.0,111.25,61.11,122.5
25854,2019-06-26,13.0,123.75,50.56,131.25
25855,2019-06-26,14.0,110.62,51.5,121.25
25856,2019-06-26,15.0,80.0,31.67,105.0
25857,2019-06-26,16.0,106.88,41.88,79.38
25858,2019-06-26,17.0,130.0,46.88,101.25
25859,2019-06-26,18.0,97.5,37.5,107.22
25860,2019-06-26,19.0,91.88,26.88,85.0
25861,2019-06-26,20.0,83.75,31.25,66.88
25862,2019-06-26,21.0,66.88,18.75,43.12
25863,2019-06-26,22.0,74.44,26.25,66.67
25880,2019-06-27,9.0,,,10.0
25866,2019-06-27,10.0,90.0,,
25879,2019-06-27,11.0,,57.5,40.0
25867,2019-06-27,12.0,130.0,25.0,80.0
25868,2019-06-27,13.0,105.0,46.67,110.0
25869,2019-06-27,14.0,101.25,41.25,110.56
25870,2019-06-27,15.0,93.75,29.38,78.89
25871,2019-06-27,16.0,114.38,31.67,87.5
25872,2019-06-27,17.0,90.0,26.88,90.62
25873,2019-06-27,18.0,113.12,36.67,76.25
25874,2019-06-27,19.0,93.12,18.12,79.38
25875,2019-06-27,20.0,76.88,24.5,56.88
25876,2019-06-27,21.0,62.5,6.25,23.33
25884,2019-06-28,9.0,63.75,13.75,32.78
25885,2019-06-28,10.0,96.11,30.0,46.25
25886,2019-06-28,11.0,91.25,46.25,47.78
25887,2019-06-28,12.0,92.5,42.78,88.12
25888,2019-06-28,13.0,108.12,37.5,72.22
25889,2019-06-28,14.0,145.0,38.75,75.62
25898,2019-06-28,15.0,,46.67,
25890,2019-06-28,16.0,109.44,29.38,90.71
25891,2019-06-28,17.0,111.25,31.88,88.0
25892,2019-06-28,18.0,105.62,33.75,68.12
25893,2019-06-28,19.0,94.38,26.25,79.38
25894,2019-06-28,20.0,96.25,20.0,56.25
25895,2019-06-28,21.0,46.88,5.62,18.89
25900,2019-06-29,9.0,77.5,12.86,10.0
25901,2019-06-29,10.0,98.18,26.25,35.0
25902,2019-06-29,11.0,77.5,45.0,58.75
25903,2019-06-29,12.0,100.71,47.5,82.5
25904,2019-06-29,13.0,113.12,41.88,85.0
25905,2019-06-29,14.0,115.62,46.25,84.0
25906,2019-06-29,15.0,101.25,44.5,83.57
25907,2019-06-29,16.0,112.5,29.38,98.12
25908,2019-06-29,17.0,112.5,36.88,91.88
25909,2019-06-29,18.0,94.38,27.5,66.25
25910,2019-06-29,19.0,97.5,29.38,55.62
25911,2019-06-29,20.0,75.62,24.38,43.33
25912,2019-06-29,21.0,56.88,17.78,26.88
25916,2019-06-30,9.0,70.62,8.57,19.38
25917,2019-06-30,10.0,90.62,33.75,37.5
25918,2019-06-30,11.0,101.25,42.5,42.78
25919,2019-06-30,12.0,98.12,59.38,99.38
25920,2019-06-30,13.0,98.12,49.38,92.5
25921,2019-06-30,14.0,100.0,40.62,99.38
25922,2019-06-30,15.0,103.12,35.0,92.5
25923,2019-06-30,16.0,103.75,36.88,91.11
25924,2019-06-30,17.0,100.62,31.88,81.25
25925,2019-06-30,18.0,100.0,20.62,100.62
25926,2019-06-30,19.0,90.62,24.38,93.75
25927,2019-06-30,20.0,70.62,11.88,56.25
25928,2019-06-30,21.0,80.0,9.38,10.62
25930,2019-07-01,9.0,71.88,8.33,
25931,2019-07-01,10.0,96.25,23.75,25.71
25932,2019-07-01,11.0,105.62,50.62,46.67
25933,2019-07-01,12.0,119.38,43.12,86.88
25934,2019-07-01,13.0,103.12,45.0,110.62
25935,2019-07-01,14.0,100.0,40.62,108.12
25936,2019-07-01,15.0,90.0,31.88,80.0
25937,2019-07-01,16.0,93.33,24.44,57.0
25943,2019-07-01,17.0,,25.0,101.25
25938,2019-07-01,18.0,58.75,31.67,111.67
25944,2019-07-01,19.0,,32.5,61.67
25939,2019-07-01,20.0,82.86,15.62,53.33
25940,2019-07-01,21.0,60.0,6.88,38.75
25948,2019-07-02,9.0,66.88,10.0,18.33
25949,2019-07-02,10.0,84.44,27.78,71.88
25950,2019-07-02,11.0,91.11,40.0,58.12
25951,2019-07-02,12.0,116.88,38.75,74.38
25952,2019-07-02,13.0,103.12,33.75,65.0
25953,2019-07-02,14.0,103.5,33.75,70.0
25954,2019-07-02,15.0,99.38,23.5,58.12
25955,2019-07-02,16.0,92.5,25.0,76.25
25956,2019-07-02,17.0,78.75,19.38,53.12
25957,2019-07-02,18.0,88.75,13.75,67.5
25958,2019-07-02,19.0,88.75,11.25,55.62
25959,2019-07-02,20.0,86.25,11.25,48.75
25960,2019-07-02,21.0,53.75,6.88,14.38
25961,2019-07-02,22.0,61.25,7.5,33.75
25964,2019-07-03,8.0,40.62,5.0,5.0
25965,2019-07-03,9.0,58.12,5.0,20.0
25966,2019-07-03,10.0,90.0,31.5,55.62
25967,2019-07-03,11.0,82.78,38.89,89.5
25968,2019-07-03,12.0,81.88,33.75,95.0
25969,2019-07-03,13.0,93.75,33.12,78.75
25970,2019-07-03,14.0,94.38,47.5,61.25
25971,2019-07-03,15.0,98.33,,63.89
25972,2019-07-03,16.0,109.38,,91.88
25973,2019-07-03,17.0,98.33,,86.25
25974,2019-07-03,18.0,120.0,29.5,58.89
25975,2019-07-03,19.0,124.29,38.12,47.86
25979,2019-07-03,20.0,,43.89,
25976,2019-07-03,21.0,64.44,10.0,16.88
25977,2019-07-03,22.0,132.78,31.11,56.25
25983,2019-07-04,8.0,34.38,10.0,5.0
25984,2019-07-04,9.0,83.89,11.11,20.56
25985,2019-07-04,10.0,117.5,43.75,80.62
25986,2019-07-04,11.0,118.12,42.5,121.88
25987,2019-07-04,12.0,119.44,38.12,118.12
25988,2019-07-04,13.0,146.25,48.75,119.38
25989,2019-07-04,14.0,131.5,50.0,120.0
25990,2019-07-04,15.0,123.75,35.0,110.0
25991,2019-07-04,16.0,142.5,61.88,106.67
25998,2019-07-04,17.0,,83.12,
25992,2019-07-04,18.0,140.0,47.5,80.71
25993,2019-07-04,19.0,158.75,40.56,130.0
25994,2019-07-04,20.0,118.12,20.0,99.44
25995,2019-07-04,21.0,101.25,13.75,36.5
25996,2019-07-04,22.0,133.75,30.62,87.5
26001,2019-07-05,9.0,80.5,5.0,33.75
26002,2019-07-05,10.0,117.5,5.0,57.22
26003,2019-07-05,11.0,78.75,,65.0
26004,2019-07-05,12.0,118.12,,120.62
26005,2019-07-05,13.0,117.5,,126.25
26006,2019-07-05,14.0,108.75,,114.44
26007,2019-07-05,15.0,125.56,80.0,105.0
26008,2019-07-05,16.0,108.12,92.5,105.0
26009,2019-07-05,17.0,98.75,120.0,95.0
26013,2019-07-05,18.0,,135.0,
26010,2019-07-05,19.0,111.0,51.43,55.83
26011,2019-07-05,20.0,80.62,70.0,85.0
26012,2019-07-05,21.0,59.38,39.38,20.62
26014,2019-07-06,9.0,55.0,8.89,10.5
26015,2019-07-06,10.0,69.44,18.12,53.75
26016,2019-07-06,11.0,86.67,42.0,63.12
26017,2019-07-06,12.0,103.89,41.11,73.89
26018,2019-07-06,13.0,95.62,50.0,56.25
26019,2019-07-06,14.0,103.57,27.5,94.29
26020,2019-07-06,15.0,96.25,40.0,67.0
26021,2019-07-06,16.0,105.0,32.5,90.62
26022,2019-07-06,17.0,103.75,33.33,70.0
26023,2019-07-06,18.0,81.67,18.33,56.25
26024,2019-07-06,19.0,73.75,14.38,18.0
26025,2019-07-06,20.0,,7.0,17.78
26026,2019-07-06,21.0,,5.0,8.75
26040,2019-07-07,9.0,,7.78,20.83
26029,2019-07-07,10.0,75.0,31.36,64.0
26030,2019-07-07,11.0,144.38,35.56,84.0
26031,2019-07-07,12.0,119.55,41.88,92.78
26032,2019-07-07,13.0,130.56,32.73,72.22
26033,2019-07-07,14.0,123.12,34.38,86.43
26041,2019-07-07,15.0,,25.62,
26034,2019-07-07,16.0,85.0,24.38,27.5
26035,2019-07-07,17.0,101.0,15.56,50.0
26036,2019-07-07,18.0,103.12,18.12,60.0
26037,2019-07-07,19.0,105.0,8.33,52.5
26038,2019-07-07,20.0,77.78,8.12,71.88
26039,2019-07-07,21.0,55.56,5.0,25.91
26055,2019-07-08,9.0,,11.25,30.0
26043,2019-07-08,10.0,112.14,45.56,43.33
26044,2019-07-08,11.0,151.67,66.67,66.25
26045,2019-07-08,12.0,136.25,53.75,134.38
26046,2019-07-08,13.0,130.62,40.0,150.0
26047,2019-07-08,14.0,138.75,63.12,157.5
26048,2019-07-08,15.0,130.0,48.75,138.75
26049,2019-07-08,16.0,118.75,39.38,126.67
26050,2019-07-08,17.0,125.0,43.75,140.0
26051,2019-07-08,18.0,113.89,30.0,71.88
26052,2019-07-08,19.0,105.0,29.0,95.5
26053,2019-07-08,20.0,86.25,26.5,90.56
26054,2019-07-08,21.0,56.67,8.33,18.89
26059,2019-07-09,9.0,84.5,8.75,12.86
26060,2019-07-09,10.0,112.5,44.5,55.56
26061,2019-07-09,11.0,104.09,60.0,113.33
26062,2019-07-09,12.0,119.38,60.62,158.12
26063,2019-07-09,13.0,140.62,50.0,131.0
26064,2019-07-09,14.0,120.62,58.5,117.5
26065,2019-07-09,15.0,126.67,46.67,101.67
26066,2019-07-09,16.0,126.88,40.0,109.38
26067,2019-07-09,17.0,110.0,42.5,104.44
26068,2019-07-09,18.0,106.43,30.62,98.12
26071,2019-07-09,19.0,,27.5,83.75
26069,2019-07-09,20.0,105.0,19.38,63.75
26070,2019-07-09,21.0,53.12,6.25,28.75
26073,2019-07-10,9.0,55.0,,17.5
26074,2019-07-10,10.0,125.0,25.0,
26075,2019-07-10,11.0,132.5,60.0,
26076,2019-07-10,12.0,120.62,43.33,95.0
26077,2019-07-10,13.0,112.5,58.75,123.75
26078,2019-07-10,14.0,117.5,52.5,137.5
26079,2019-07-10,15.0,116.25,34.44,180.0
26080,2019-07-10,16.0,126.88,48.33,163.12
26081,2019-07-10,17.0,107.5,41.67,94.38
26082,2019-07-10,18.0,96.25,32.78,77.5
26083,2019-07-10,19.0,97.22,30.62,74.38
26084,2019-07-10,20.0,97.5,26.5,55.56
26085,2019-07-10,21.0,88.57,12.5,39.29
26103,2019-07-11,9.0,,9.0,21.33
26088,2019-07-11,10.0,84.44,30.56,70.56
26089,2019-07-11,11.0,111.88,36.25,76.5
26090,2019-07-11,12.0,112.5,48.89,86.88
26091,2019-07-11,13.0,97.5,43.12,116.25
26092,2019-07-11,14.0,112.5,54.38,88.75
26093,2019-07-11,15.0,124.5,27.5,75.62
26094,2019-07-11,16.0,106.25,37.5,108.75
26095,2019-07-11,17.0,127.0,35.62,115.0
26096,2019-07-11,18.0,117.22,29.38,80.62
26097,2019-07-11,19.0,99.0,29.38,71.25
26098,2019-07-11,20.0,85.0,20.0,57.5
26099,2019-07-11,21.0,66.67,7.78,31.67
26106,2019-07-12,9.0,82.0,20.71,5.0
26107,2019-07-12,10.0,110.0,33.33,
26108,2019-07-12,11.0,116.11,36.88,
26109,2019-07-12,12.0,102.78,40.62,102.22
26110,2019-07-12,13.0,93.89,58.75,100.0
26111,2019-07-12,14.0,101.67,36.25,117.5
26112,2019-07-12,15.0,95.62,30.62,147.78
26113,2019-07-12,16.0,113.75,33.12,145.0
26114,2019-07-12,17.0,112.5,23.0,110.0
26115,2019-07-12,18.0,102.5,27.14,116.25
26116,2019-07-12,19.0,111.67,25.0,113.0
26117,2019-07-12,20.0,80.0,6.88,30.0
26118,2019-07-12,21.0,41.88,5.0,12.5
26119,2019-07-13,9.0,70.0,14.38,15.56
26120,2019-07-13,10.0,99.38,31.67,37.22
26121,2019-07-13,11.0,111.5,45.5,56.25
26122,2019-07-13,12.0,114.38,40.62,110.62
26123,2019-07-13,13.0,108.12,43.12,109.38
26124,2019-07-13,14.0,135.56,44.38,113.12
26125,2019-07-13,15.0,120.0,36.25,101.25
26126,2019-07-13,16.0,130.62,45.0,123.75
26127,2019-07-13,17.0,125.56,39.38,120.62
26128,2019-07-13,18.0,117.5,40.0,138.12
26129,2019-07-13,19.0,105.62,32.5,87.22
26130,2019-07-13,20.0,88.75,22.5,81.67
26131,2019-07-13,21.0,53.33,6.25,45.62
26134,2019-07-14,9.0,58.12,13.33,7.78
26135,2019-07-14,10.0,80.56,26.11,25.0
26136,2019-07-14,11.0,79.38,44.38,
26137,2019-07-14,12.0,85.0,43.12,78.75
26138,2019-07-14,13.0,101.88,42.5,
26139,2019-07-14,14.0,110.0,45.0,82.86
26140,2019-07-14,15.0,93.75,28.12,122.5
26141,2019-07-14,16.0,106.11,37.78,108.12
26142,2019-07-14,17.0,103.57,24.38,125.0
26143,2019-07-14,18.0,130.0,28.12,77.5
26144,2019-07-14,19.0,118.75,20.0,100.62
26145,2019-07-14,20.0,67.22,10.0,85.62
26146,2019-07-14,21.0,51.88,5.62,20.62
26148,2019-07-15,9.0,76.5,9.5,26.67
26149,2019-07-15,10.0,90.62,17.78,41.88
26150,2019-07-15,11.0,99.38,48.12,98.0
26151,2019-07-15,12.0,113.12,46.88,105.0
26152,2019-07-15,13.0,106.88,42.5,111.11
26153,2019-07-15,14.0,142.5,41.25,100.0
26154,2019-07-15,15.0,135.0,45.0,113.75
26155,2019-07-15,16.0,135.0,39.0,120.0
26156,2019-07-15,17.0,120.0,54.5,
26157,2019-07-15,18.0,135.0,35.0,78.33
26158,2019-07-15,19.0,99.5,40.56,105.0
26159,2019-07-15,20.0,106.11,24.44,66.11
26160,2019-07-15,21.0,73.75,12.5,25.62
26163,2019-07-16,9.0,75.56,5.0,12.5
26164,2019-07-16,10.0,91.25,,48.12
26165,2019-07-16,11.0,120.62,,95.0
26166,2019-07-16,12.0,112.5,,132.5
26167,2019-07-16,13.0,113.12,43.33,141.25
26168,2019-07-16,14.0,112.5,47.14,121.25
26169,2019-07-16,15.0,105.0,42.5,106.25
26170,2019-07-16,16.0,88.12,54.38,113.12
26171,2019-07-16,17.0,92.5,45.0,95.71
26172,2019-07-16,18.0,95.0,55.0,72.0
26175,2019-07-16,19.0,,50.62,
26173,2019-07-16,20.0,95.56,36.25,43.57
26174,2019-07-16,21.0,67.5,11.88,30.62
26176,2019-07-17,9.0,77.5,10.62,21.88
26177,2019-07-17,10.0,88.75,27.5,95.62
26178,2019-07-17,11.0,114.38,50.62,68.12
26179,2019-07-17,12.0,110.62,51.88,80.0
26180,2019-07-17,13.0,102.5,43.75,112.0
26181,2019-07-17,14.0,113.75,48.12,108.75
26182,2019-07-17,15.0,104.38,36.88,114.38
26183,2019-07-17,16.0,109.38,38.5,116.25
26184,2019-07-17,17.0,113.75,31.25,95.56
26185,2019-07-17,18.0,109.29,32.0,100.83
26190,2019-07-17,19.0,,41.67,
26186,2019-07-17,20.0,82.14,20.0,44.5
26187,2019-07-17,21.0,57.27,11.88,36.11
26191,2019-07-18,9.0,63.57,10.0,14.29
26192,2019-07-18,10.0,91.67,42.22,55.62
26193,2019-07-18,11.0,107.5,38.75,80.0
26194,2019-07-18,12.0,115.62,51.25,90.0
26195,2019-07-18,13.0,112.5,54.38,92.22
26196,2019-07-18,14.0,122.14,38.5,112.14
26197,2019-07-18,15.0,125.0,42.5,115.0
26198,2019-07-18,16.0,120.0,43.12,115.0
26199,2019-07-18,17.0,126.88,25.56,102.78
26200,2019-07-18,18.0,131.25,35.0,85.0
26201,2019-07-18,19.0,136.88,27.78,105.62
26202,2019-07-18,20.0,130.0,30.62,87.22
26203,2019-07-18,21.0,55.71,10.62,31.67
26209,2019-07-19,9.0,66.11,15.71,
26210,2019-07-19,10.0,107.5,22.5,52.78
26211,2019-07-19,11.0,102.78,35.62,83.12
26212,2019-07-19,12.0,93.75,43.12,88.33
26213,2019-07-19,13.0,102.5,51.25,60.0
26214,2019-07-19,14.0,103.12,38.75,
26215,2019-07-19,15.0,101.25,27.5,
26216,2019-07-19,16.0,125.56,29.38,61.67
26217,2019-07-19,17.0,90.0,25.71,86.67
26222,2019-07-19,18.0,,16.25,
26218,2019-07-19,19.0,131.88,10.71,90.5
26219,2019-07-19,20.0,71.67,14.38,112.5
26220,2019-07-19,21.0,48.12,8.33,62.0
26223,2019-07-20,9.0,89.17,13.75,
26224,2019-07-20,10.0,93.75,22.14,33.0
26225,2019-07-20,11.0,115.62,35.0,93.75
26226,2019-07-20,12.0,108.75,31.25,119.38
26227,2019-07-20,13.0,101.25,41.67,95.62
26228,2019-07-20,14.0,101.88,28.75,111.88
26229,2019-07-20,15.0,95.0,44.38,80.0
26230,2019-07-20,16.0,119.38,26.25,70.62
26231,2019-07-20,17.0,135.0,32.5,125.0
26232,2019-07-20,18.0,116.67,20.0,82.22
26233,2019-07-20,19.0,92.5,23.33,79.38
26234,2019-07-20,20.0,82.5,26.67,50.0
26235,2019-07-20,21.0,46.25,5.62,15.5
26238,2019-07-21,9.0,65.0,9.58,5.0
26239,2019-07-21,10.0,84.38,21.67,27.0
26240,2019-07-21,11.0,80.71,38.57,80.71
26241,2019-07-21,12.0,101.88,38.12,107.5
26242,2019-07-21,13.0,126.88,38.75,88.75
26243,2019-07-21,14.0,110.0,44.38,
26251,2019-07-21,15.0,,46.88,
26244,2019-07-21,16.0,105.0,33.75,75.62
26245,2019-07-21,17.0,107.5,24.38,118.75
26246,2019-07-21,18.0,106.88,23.89,90.0
26247,2019-07-21,19.0,96.88,18.75,66.25
26248,2019-07-21,20.0,78.33,13.33,59.09
26249,2019-07-21,21.0,47.5,7.5,15.0
26253,2019-07-22,9.0,96.88,10.62,5.0
26254,2019-07-22,10.0,110.0,21.11,67.14
26255,2019-07-22,11.0,96.25,46.25,105.62
26256,2019-07-22,12.0,125.0,47.5,131.11
26257,2019-07-22,13.0,139.38,51.88,147.5
26258,2019-07-22,14.0,131.25,53.12,124.0
26259,2019-07-22,15.0,130.0,31.88,130.0
26260,2019-07-22,16.0,106.25,39.38,88.12
26261,2019-07-22,17.0,121.25,34.38,92.5
26262,2019-07-22,18.0,120.0,35.0,100.62
26263,2019-07-22,19.0,101.25,34.38,99.38
26264,2019-07-22,20.0,116.67,29.44,79.44
26265,2019-07-22,21.0,72.14,6.43,35.71
26269,2019-07-23,9.0,63.12,8.33,18.33
26270,2019-07-23,10.0,119.29,31.43,66.0
26271,2019-07-23,11.0,118.12,57.5,127.5
26272,2019-07-23,12.0,121.88,58.12,126.67
26273,2019-07-23,13.0,120.0,47.78,124.38
26274,2019-07-23,14.0,123.89,42.5,96.25
26275,2019-07-23,15.0,110.83,43.33,94.17
26276,2019-07-23,16.0,119.17,41.11,93.33
26277,2019-07-23,17.0,117.14,36.0,93.75
26278,2019-07-23,18.0,120.0,32.5,95.62
26279,2019-07-23,19.0,109.38,34.44,80.0
26280,2019-07-23,20.0,117.14,18.75,74.29
26281,2019-07-23,21.0,78.12,10.0,46.88
26283,2019-07-24,9.0,67.5,9.38,10.0
26284,2019-07-24,10.0,92.22,35.56,
26285,2019-07-24,11.0,127.5,53.75,
26286,2019-07-24,12.0,106.67,63.57,
26287,2019-07-24,13.0,136.88,46.25,58.33
26288,2019-07-24,14.0,135.62,45.62,105.0
26289,2019-07-24,15.0,130.0,29.29,113.57
26290,2019-07-24,16.0,137.5,40.62,135.0
26291,2019-07-24,17.0,136.88,38.75,130.62
26292,2019-07-24,18.0,106.43,36.43,110.71
26293,2019-07-24,19.0,116.25,45.62,
26294,2019-07-24,20.0,86.88,30.62,43.33
26295,2019-07-24,21.0,72.5,13.12,38.75
26296,2019-07-24,22.0,101.88,26.67,78.12
26300,2019-07-25,9.0,80.62,8.57,12.5
26301,2019-07-25,10.0,96.67,30.62,34.5
26302,2019-07-25,11.0,95.0,40.62,43.12
26303,2019-07-25,12.0,104.38,43.75,78.75
26304,2019-07-25,13.0,140.62,36.25,106.11
26305,2019-07-25,14.0,121.88,36.11,97.0
26306,2019-07-25,15.0,118.12,28.33,68.75
26307,2019-07-25,16.0,102.22,29.38,68.12
26308,2019-07-25,17.0,120.0,31.67,80.62
26309,2019-07-25,18.0,113.75,23.33,85.62
26310,2019-07-25,19.0,88.75,31.88,66.88
26311,2019-07-25,20.0,81.88,27.5,55.0
26312,2019-07-25,21.0,83.75,10.62,17.5
26318,2019-07-26,9.0,77.22,29.0,41.88
26319,2019-07-26,10.0,85.62,27.5,86.25
26320,2019-07-26,11.0,111.25,46.88,82.5
26321,2019-07-26,12.0,117.5,40.5,97.5
26322,2019-07-26,13.0,135.0,45.56,128.89
26323,2019-07-26,14.0,116.88,43.12,128.33
26330,2019-07-26,15.0,,43.12,138.12
26324,2019-07-26,16.0,115.0,31.67,93.89
26325,2019-07-26,17.0,114.38,31.88,89.38
26326,2019-07-26,18.0,135.0,26.43,91.43
26327,2019-07-26,19.0,111.25,18.75,64.38
26328,2019-07-26,20.0,111.25,19.38,69.38
26329,2019-07-26,21.0,61.67,8.12,35.0
26332,2019-07-27,9.0,85.71,10.0,9.29
26333,2019-07-27,10.0,101.25,25.0,43.12
26334,2019-07-27,11.0,100.0,35.0,62.5
26335,2019-07-27,12.0,105.0,38.33,110.0
26336,2019-07-27,13.0,108.75,33.12,101.25
26337,2019-07-27,14.0,101.88,33.33,93.12
26338,2019-07-27,15.0,98.75,33.12,75.62
26339,2019-07-27,16.0,109.38,29.38,101.25
26340,2019-07-27,17.0,105.62,38.12,85.62
26341,2019-07-27,18.0,112.14,36.43,80.0
26342,2019-07-27,19.0,99.38,19.0,70.0
26343,2019-07-27,20.0,82.5,22.22,58.75
26344,2019-07-27,21.0,53.75,6.25,40.0
26348,2019-07-28,9.0,56.88,8.57,18.89
26349,2019-07-28,10.0,92.22,19.38,50.5
26350,2019-07-28,11.0,120.62,41.67,66.25
26351,2019-07-28,12.0,105.0,36.0,55.0
26352,2019-07-28,13.0,100.62,37.0,93.75
26353,2019-07-28,14.0,117.86,37.86,95.71
26354,2019-07-28,15.0,101.25,21.67,71.11
26355,2019-07-28,16.0,93.57,27.14,92.86
26356,2019-07-28,17.0,101.25,27.5,91.88
26357,2019-07-28,18.0,92.5,17.5,97.5
26358,2019-07-28,19.0,96.67,16.88,107.0
26360,2019-07-28,20.0,,7.14,
26359,2019-07-28,21.0,47.5,5.0,
26362,2019-07-29,9.0,69.38,14.38,13.33
26363,2019-07-29,10.0,86.88,26.25,67.78
26364,2019-07-29,11.0,118.12,36.25,67.5
26365,2019-07-29,12.0,123.12,46.88,115.0
26366,2019-07-29,13.0,141.88,60.0,134.38
26367,2019-07-29,14.0,135.0,46.25,130.0
26368,2019-07-29,15.0,135.0,42.5,144.38
26369,2019-07-29,16.0,127.5,37.22,137.5
26370,2019-07-29,17.0,112.86,42.5,121.43
26371,2019-07-29,18.0,75.0,43.89,75.0
26372,2019-07-29,19.0,122.78,25.0,102.5
26373,2019-07-29,20.0,107.5,15.0,91.43
26374,2019-07-29,21.0,30.0,5.62,17.0
26378,2019-07-30,9.0,73.12,22.14,
26379,2019-07-30,10.0,106.67,40.0,
26380,2019-07-30,11.0,117.5,48.75,
26381,2019-07-30,12.0,123.57,51.11,126.67
26382,2019-07-30,13.0,141.88,43.75,141.11
26383,2019-07-30,14.0,133.12,39.38,136.25
26384,2019-07-30,15.0,118.12,37.5,89.38
26385,2019-07-30,16.0,123.12,31.25,132.5
26386,2019-07-30,17.0,108.12,31.88,125.0
26387,2019-07-30,18.0,120.0,36.25,
26388,2019-07-30,19.0,112.22,26.25,60.0
26389,2019-07-30,20.0,103.57,20.0,77.86
26390,2019-07-30,21.0,60.45,5.0,26.25
26392,2019-07-31,9.0,98.57,10.0,22.0
26393,2019-07-31,10.0,115.62,35.56,74.38
26394,2019-07-31,11.0,110.0,46.25,95.62
26395,2019-07-31,12.0,129.38,47.22,124.38
26396,2019-07-31,13.0,123.75,48.75,105.62
26397,2019-07-31,14.0,111.25,48.75,116.25
26398,2019-07-31,15.0,103.75,39.44,107.5
26399,2019-07-31,16.0,125.62,34.44,125.62
26400,2019-07-31,17.0,98.12,33.75,102.22
26401,2019-07-31,18.0,112.5,36.88,83.75
26402,2019-07-31,19.0,114.29,38.33,92.14
26403,2019-07-31,20.0,69.38,35.0,63.75
26404,2019-07-31,21.0,50.0,20.0,36.88
26408,2019-08-01,9.0,94.29,15.0,
26409,2019-08-01,10.0,111.11,25.56,25.0
26410,2019-08-01,11.0,137.78,38.75,85.62
26411,2019-08-01,12.0,114.44,38.18,116.88
26412,2019-08-01,13.0,98.12,41.25,120.0
26413,2019-08-01,14.0,105.62,41.25,111.25
26414,2019-08-01,15.0,111.25,30.0,112.14
26415,2019-08-01,16.0,101.25,30.0,105.0
26416,2019-08-01,17.0,102.14,25.0,89.29
26417,2019-08-01,18.0,96.25,37.5,63.12
26418,2019-08-01,19.0,94.38,33.12,52.5
26419,2019-08-01,20.0,92.5,30.0,38.75
26420,2019-08-01,21.0,66.25,10.0,15.62
26425,2019-08-02,9.0,89.38,13.75,5.0
26426,2019-08-02,10.0,103.12,34.0,26.25
26427,2019-08-02,11.0,110.0,34.44,93.33
26428,2019-08-02,12.0,115.71,40.0,119.38
26429,2019-08-02,13.0,111.67,45.62,101.25
26430,2019-08-02,14.0,130.0,22.78,105.0
26431,2019-08-02,15.0,118.33,36.88,94.29
26432,2019-08-02,16.0,101.25,26.25,109.38
26433,2019-08-02,17.0,95.0,25.62,80.62
26434,2019-08-02,18.0,88.89,13.33,47.5
26435,2019-08-02,19.0,80.0,10.56,42.5
26436,2019-08-02,20.0,59.38,5.0,40.62
26437,2019-08-02,21.0,35.62,5.0,5.62
26440,2019-08-03,9.0,91.67,8.57,23.57
26441,2019-08-03,10.0,78.33,24.38,55.83
26442,2019-08-03,11.0,98.5,35.0,48.75
26443,2019-08-03,12.0,111.88,38.33,90.0
26444,2019-08-03,13.0,103.12,36.88,90.62
26445,2019-08-03,14.0,98.57,31.43,69.29
26446,2019-08-03,15.0,111.88,43.12,78.12
26447,2019-08-03,16.0,117.14,32.14,79.29
26448,2019-08-03,17.0,119.38,34.38,64.38
26449,2019-08-03,18.0,114.38,20.62,73.33
26450,2019-08-03,19.0,112.5,22.78,58.75
26451,2019-08-03,20.0,72.5,13.75,43.12
26452,2019-08-03,21.0,55.62,5.0,19.38
26456,2019-08-04,9.0,78.89,7.5,10.0
26457,2019-08-04,10.0,114.5,17.78,51.88
26458,2019-08-04,11.0,103.75,36.11,55.83
26459,2019-08-04,12.0,118.75,36.11,80.0
26460,2019-08-04,13.0,115.0,48.0,97.5
26461,2019-08-04,14.0,112.5,46.67,97.5
26462,2019-08-04,15.0,100.0,35.0,110.62
26463,2019-08-04,16.0,95.0,35.0,91.88
26464,2019-08-04,17.0,115.0,30.62,84.29
26465,2019-08-04,18.0,106.25,14.38,102.5
26466,2019-08-04,19.0,93.12,23.75,102.5
26467,2019-08-04,20.0,80.56,20.0,60.0
26468,2019-08-04,21.0,48.12,6.25,20.62
26470,2019-08-05,9.0,92.14,7.5,17.5
26471,2019-08-05,10.0,117.78,28.12,70.45
26472,2019-08-05,11.0,98.75,43.12,78.12
26473,2019-08-05,12.0,112.78,48.12,110.56
26474,2019-08-05,13.0,126.25,60.0,132.5
26475,2019-08-05,14.0,141.25,40.62,126.25
26476,2019-08-05,15.0,120.62,41.11,138.12
26477,2019-08-05,16.0,125.0,49.29,150.0
26478,2019-08-05,17.0,111.67,36.88,40.0
26479,2019-08-05,18.0,111.0,25.56,91.67
26480,2019-08-05,19.0,111.25,25.62,92.78
26481,2019-08-05,20.0,85.62,18.12,66.25
26482,2019-08-05,21.0,69.38,11.88,26.25
26486,2019-08-06,9.0,69.38,21.43,
26487,2019-08-06,10.0,93.12,40.0,56.0
26488,2019-08-06,11.0,95.0,49.38,94.5
26489,2019-08-06,12.0,103.75,53.12,110.0
26490,2019-08-06,13.0,115.0,48.33,113.75
26499,2019-08-06,14.0,,56.88,
26491,2019-08-06,15.0,122.22,33.12,
26492,2019-08-06,16.0,120.62,41.88,101.0
26493,2019-08-06,17.0,131.25,34.38,119.38
26494,2019-08-06,18.0,107.5,28.12,130.0
26495,2019-08-06,19.0,106.25,28.75,99.38
26496,2019-08-06,20.0,77.5,20.62,58.75
26497,2019-08-06,21.0,55.56,10.0,14.38
26501,2019-08-07,9.0,74.44,12.5,
26502,2019-08-07,10.0,108.75,31.0,
26503,2019-08-07,11.0,118.12,47.0,73.33
26504,2019-08-07,12.0,115.62,53.75,151.11
26505,2019-08-07,13.0,125.56,45.62,172.22
26506,2019-08-07,14.0,121.25,41.0,108.89
26507,2019-08-07,15.0,108.0,45.0,110.0
26515,2019-08-07,16.0,,48.12,
26508,2019-08-07,17.0,90.0,30.62,104.29
26509,2019-08-07,18.0,106.88,25.62,123.33
26510,2019-08-07,19.0,110.62,36.11,170.0
26511,2019-08-07,20.0,116.25,26.25,118.12
26512,2019-08-07,21.0,145.0,15.0,46.25
26516,2019-08-08,9.0,95.0,9.29,20.83
26517,2019-08-08,10.0,107.78,30.0,79.09
26518,2019-08-08,11.0,100.56,40.56,81.88
26519,2019-08-08,12.0,110.0,46.5,147.5
26520,2019-08-08,13.0,100.62,46.0,83.12
26521,2019-08-08,14.0,98.12,20.0,100.62
26522,2019-08-08,15.0,98.75,17.5,129.38
26523,2019-08-08,16.0,106.25,38.33,106.25
26524,2019-08-08,17.0,92.5,33.12,103.75
26525,2019-08-08,18.0,98.12,25.62,72.5
26526,2019-08-08,19.0,111.67,33.12,68.75
26527,2019-08-08,20.0,61.88,27.78,55.62
26528,2019-08-08,21.0,82.5,8.12,23.12
26535,2019-08-09,9.0,92.22,15.0,53.75
26536,2019-08-09,10.0,97.14,26.67,61.0
26537,2019-08-09,11.0,114.0,46.88,
26538,2019-08-09,12.0,113.12,36.88,
26539,2019-08-09,13.0,123.57,55.56,
26540,2019-08-09,14.0,107.5,55.0,
26541,2019-08-09,15.0,101.25,31.88,
26542,2019-08-09,16.0,132.5,43.12,
26547,2019-08-09,17.0,,41.88,
26543,2019-08-09,18.0,110.0,26.25,98.33
26544,2019-08-09,19.0,104.38,27.5,133.75
26545,2019-08-09,20.0,78.33,31.5,110.0
26546,2019-08-09,21.0,51.11,11.88,49.44
26549,2019-08-10,9.0,48.33,6.11,30.0
26560,2019-08-10,10.0,,21.11,46.25
26550,2019-08-10,11.0,85.0,45.56,90.0
26551,2019-08-10,12.0,121.25,45.56,92.22
26561,2019-08-10,13.0,,36.88,123.0
26552,2019-08-10,14.0,131.25,43.12,114.44
26553,2019-08-10,15.0,122.5,31.25,76.11
26554,2019-08-10,16.0,100.0,58.75,66.67
26555,2019-08-10,17.0,128.89,29.5,84.5
26556,2019-08-10,18.0,118.33,31.0,89.38
26557,2019-08-10,19.0,152.5,31.0,76.11
26558,2019-08-10,20.0,98.75,25.62,45.62
26559,2019-08-10,21.0,67.5,5.0,23.75
26565,2019-08-11,9.0,76.25,13.75,23.33
26566,2019-08-11,10.0,82.0,28.89,62.27
26567,2019-08-11,11.0,88.12,39.0,75.0
26568,2019-08-11,12.0,103.12,36.88,90.0
26569,2019-08-11,13.0,104.38,35.62,108.12
26570,2019-08-11,14.0,111.88,39.38,93.75
26571,2019-08-11,15.0,90.0,41.88,79.17
26572,2019-08-11,16.0,122.22,30.62,95.0
26573,2019-08-11,17.0,97.5,29.44,78.12
26574,2019-08-11,18.0,85.62,27.78,81.25
26575,2019-08-11,19.0,109.44,26.25,90.56
26576,2019-08-11,20.0,68.75,17.5,45.62
26577,2019-08-11,21.0,64.38,7.5,18.12
26579,2019-08-12,9.0,70.62,7.5,14.38
26580,2019-08-12,10.0,86.88,26.11,53.12
26581,2019-08-12,11.0,101.67,33.12,76.25
26582,2019-08-12,12.0,104.29,42.86,102.86
26583,2019-08-12,13.0,104.29,54.38,101.25
26584,2019-08-12,14.0,105.0,38.75,90.0
26585,2019-08-12,15.0,117.0,47.22,
26586,2019-08-12,16.0,114.44,34.38,85.0
26587,2019-08-12,17.0,125.0,32.5,92.5
26588,2019-08-12,18.0,108.75,37.5,89.38
26589,2019-08-12,19.0,88.33,34.44,40.0
26590,2019-08-12,20.0,85.0,19.38,50.0
26591,2019-08-12,21.0,51.88,8.12,20.0
26594,2019-08-13,9.0,72.78,6.88,27.78
26595,2019-08-13,10.0,110.62,33.75,47.78
26596,2019-08-13,11.0,98.75,35.0,76.25
26597,2019-08-13,12.0,101.67,32.22,72.5
26598,2019-08-13,13.0,112.78,49.38,81.88
26599,2019-08-13,14.0,106.88,38.75,90.0
26600,2019-08-13,15.0,115.0,26.67,80.0
26601,2019-08-13,16.0,113.12,32.5,101.25
26602,2019-08-13,17.0,98.33,34.38,75.0
26603,2019-08-13,18.0,118.75,30.0,68.12
26604,2019-08-13,19.0,89.38,24.38,75.0
26605,2019-08-13,20.0,70.0,12.22,58.12
26606,2019-08-13,21.0,55.0,5.0,23.12
26607,2019-08-14,9.0,83.12,5.5,24.0
26608,2019-08-14,10.0,105.56,32.5,96.5
26609,2019-08-14,11.0,94.38,48.12,79.38
26610,2019-08-14,12.0,110.0,46.11,93.57
26611,2019-08-14,13.0,126.11,45.0,120.42
26612,2019-08-14,14.0,105.0,51.11,130.0
26620,2019-08-14,15.0,,42.5,
26621,2019-08-14,16.0,,50.0,45.0
26613,2019-08-14,17.0,97.14,31.88,67.78
26614,2019-08-14,18.0,150.0,26.88,123.75
26615,2019-08-14,19.0,116.88,31.11,115.0
26616,2019-08-14,20.0,132.5,23.89,110.0
26617,2019-08-14,21.0,118.75,13.12,110.0
26623,2019-08-15,9.0,75.42,10.0,28.33
26624,2019-08-15,10.0,80.0,23.33,73.0
26625,2019-08-15,11.0,104.44,40.5,112.78
26626,2019-08-15,12.0,113.57,37.14,98.57
26627,2019-08-15,13.0,106.25,43.75,91.88
26628,2019-08-15,14.0,94.38,33.75,88.12
26629,2019-08-15,15.0,105.0,31.11,65.0
26630,2019-08-15,16.0,103.75,29.38,76.88
26631,2019-08-15,17.0,114.29,25.0,62.14
26632,2019-08-15,18.0,111.11,24.38,70.0
26633,2019-08-15,19.0,92.0,23.75,
26634,2019-08-15,20.0,78.89,12.5,
26635,2019-08-15,21.0,36.25,5.0,
26637,2019-08-16,9.0,55.0,9.38,
26638,2019-08-16,10.0,100.56,17.08,
26639,2019-08-16,11.0,92.5,25.0,
26640,2019-08-16,12.0,82.14,32.0,5.0
26641,2019-08-16,13.0,72.5,25.62,71.5
26642,2019-08-16,14.0,82.5,17.5,61.67
26643,2019-08-16,15.0,80.0,16.25,68.75
26644,2019-08-16,16.0,67.5,16.88,51.25
26645,2019-08-16,17.0,62.5,10.0,37.5
26653,2019-08-17,9.0,67.22,17.5,5.0
26654,2019-08-17,10.0,95.0,24.44,50.0
26655,2019-08-17,11.0,89.38,35.56,122.0
26656,2019-08-17,12.0,93.75,42.5,121.88
26657,2019-08-17,13.0,113.75,42.22,101.67
26658,2019-08-17,14.0,122.5,33.75,100.0
26659,2019-08-17,15.0,124.38,40.62,125.62
26660,2019-08-17,16.0,118.75,41.25,145.62
26661,2019-08-17,17.0,125.0,41.82,142.5
26662,2019-08-17,18.0,119.38,39.38,103.12
26663,2019-08-17,19.0,109.38,32.86,74.38
26664,2019-08-17,20.0,90.62,26.88,43.75
26665,2019-08-17,21.0,69.5,10.0,25.0
26668,2019-08-18,9.0,75.91,8.0,14.64
26669,2019-08-18,10.0,83.89,28.46,61.11
26670,2019-08-18,11.0,98.0,44.09,76.88
26671,2019-08-18,12.0,105.0,42.5,81.67
26672,2019-08-18,13.0,100.62,36.88,91.11
26673,2019-08-18,14.0,100.71,46.43,78.33
26674,2019-08-18,15.0,107.78,29.0,74.5
26675,2019-08-18,16.0,109.44,40.62,97.5
26676,2019-08-18,17.0,118.12,27.78,128.12
26677,2019-08-18,18.0,98.57,28.75,119.29
26678,2019-08-18,19.0,106.67,27.14,87.5
26679,2019-08-18,20.0,72.5,18.75,61.88
26680,2019-08-18,21.0,53.5,8.33,23.12
26682,2019-08-19,9.0,97.14,14.29,26.11
26683,2019-08-19,10.0,84.44,37.27,65.0
26684,2019-08-19,11.0,107.78,45.0,74.38
26685,2019-08-19,12.0,118.12,38.89,90.0
26686,2019-08-19,13.0,108.75,48.75,102.5
26687,2019-08-19,14.0,105.62,43.33,81.88
26688,2019-08-19,15.0,110.0,48.12,85.0
26689,2019-08-19,16.0,108.75,53.12,112.5
26690,2019-08-19,17.0,114.0,36.67,67.5
26691,2019-08-19,18.0,101.25,45.62,93.75
26692,2019-08-19,19.0,86.88,31.25,95.62
26693,2019-08-19,20.0,107.5,26.88,95.0
26694,2019-08-19,21.0,70.0,7.5,25.91
26698,2019-08-20,9.0,71.0,10.71,22.27
26699,2019-08-20,10.0,80.0,19.55,52.5
26700,2019-08-20,11.0,75.0,27.73,44.38
26701,2019-08-20,12.0,83.75,20.0,49.58
26702,2019-08-20,13.0,85.62,16.11,55.56
26703,2019-08-20,14.0,70.56,9.38,45.56
26704,2019-08-20,15.0,68.33,17.78,37.5
26705,2019-08-20,16.0,68.75,11.25,37.78
26706,2019-08-20,17.0,85.56,10.0,41.88
26714,2019-08-21,9.0,75.5,9.38,16.88
26715,2019-08-21,10.0,85.0,24.38,68.33
26716,2019-08-21,11.0,96.67,41.88,71.88
26717,2019-08-21,12.0,101.88,45.0,96.25
26718,2019-08-21,13.0,105.0,42.78,86.25
26719,2019-08-21,14.0,93.75,35.0,90.62
26720,2019-08-21,15.0,112.5,34.38,118.75
26721,2019-08-21,16.0,102.5,36.88,105.83
26722,2019-08-21,17.0,101.88,29.38,76.88
26723,2019-08-21,18.0,105.0,33.89,89.38
26724,2019-08-21,19.0,105.0,34.44,83.12
26725,2019-08-21,20.0,79.44,27.5,56.25
26726,2019-08-21,21.0,66.25,12.5,40.0
26729,2019-08-22,9.0,58.18,9.17,18.12
26730,2019-08-22,10.0,73.33,31.5,60.0
26731,2019-08-22,11.0,98.75,40.62,74.44
26732,2019-08-22,12.0,118.57,46.43,99.38
26733,2019-08-22,13.0,85.62,44.38,75.0
26734,2019-08-22,14.0,88.75,25.56,73.89
26735,2019-08-22,15.0,88.12,30.62,87.5
26736,2019-08-22,16.0,78.75,32.5,81.25
26737,2019-08-22,17.0,98.75,34.38,63.75
26738,2019-08-22,18.0,97.5,23.12,66.88
26739,2019-08-22,19.0,97.5,21.88,72.78
26740,2019-08-22,20.0,80.0,11.88,46.88
26741,2019-08-22,21.0,48.75,8.75,18.12
26746,2019-08-23,9.0,51.67,6.5,55.0
26747,2019-08-23,10.0,55.0,16.88,36.88
26748,2019-08-23,11.0,75.56,28.89,50.0
26749,2019-08-23,12.0,66.88,28.75,46.0
26750,2019-08-23,13.0,72.5,31.25,
26751,2019-08-23,14.0,83.12,17.0,41.25
26752,2019-08-23,15.0,70.0,10.0,70.5
26753,2019-08-23,16.0,69.44,15.62,48.75
26754,2019-08-23,17.0,61.88,10.62,29.38
26761,2019-08-24,9.0,71.11,8.75,17.22
26762,2019-08-24,10.0,73.75,28.12,56.67
26763,2019-08-24,11.0,96.88,35.71,63.57
26764,2019-08-24,12.0,103.12,42.78,75.62
26765,2019-08-24,13.0,101.25,41.25,58.89
26766,2019-08-24,14.0,96.25,35.56,75.56
26767,2019-08-24,15.0,108.12,42.5,85.62
26768,2019-08-24,16.0,102.5,43.33,83.33
26769,2019-08-24,17.0,101.25,30.62,70.0
26770,2019-08-24,18.0,96.88,29.44,69.38
26771,2019-08-24,19.0,99.38,31.25,71.88
26772,2019-08-24,20.0,70.62,19.38,33.12
26773,2019-08-24,21.0,50.71,5.71,12.86
26776,2019-08-25,9.0,52.78,21.67,
26777,2019-08-25,10.0,78.12,21.92,
26778,2019-08-25,11.0,98.12,39.44,65.0
26779,2019-08-25,12.0,98.12,38.12,107.5
26780,2019-08-25,13.0,90.0,40.62,86.25
26781,2019-08-25,14.0,78.12,26.88,72.5
26782,2019-08-25,15.0,88.75,40.0,87.5
26783,2019-08-25,16.0,97.78,32.5,100.62
26784,2019-08-25,17.0,78.33,30.0,60.0
26785,2019-08-25,18.0,83.75,26.25,55.0
26788,2019-08-25,19.0,,18.75,61.67
26786,2019-08-25,20.0,60.0,13.12,37.5
26787,2019-08-25,21.0,45.83,9.17,10.0
26789,2019-08-26,9.0,63.57,15.71,13.75
26790,2019-08-26,10.0,79.5,27.5,50.0
26797,2019-08-26,11.0,,37.14,71.43
26791,2019-08-26,12.0,88.0,40.0,71.82
26792,2019-08-26,13.0,114.38,,96.25
26793,2019-08-26,14.0,119.29,28.33,130.0
26794,2019-08-26,15.0,96.25,33.12,61.25
26795,2019-08-26,16.0,91.25,33.89,68.33
26796,2019-08-26,17.0,92.5,32.5,75.83
26798,2019-08-26,18.0,,30.0,
26799,2019-08-26,19.0,,12.14,
26800,2019-08-26,20.0,,12.86,
26801,2019-08-26,21.0,,5.62,
26805,2019-08-27,9.0,47.22,15.83,10.0
26806,2019-08-27,10.0,72.86,37.14,40.0
26807,2019-08-27,11.0,68.75,15.91,45.62
26808,2019-08-27,12.0,68.12,28.12,54.44
26809,2019-08-27,13.0,73.12,34.38,53.12
26810,2019-08-27,14.0,81.25,18.33,36.25
26811,2019-08-27,15.0,70.71,17.14,42.14
26812,2019-08-27,16.0,58.12,15.62,32.5
26813,2019-08-27,17.0,53.75,16.11,22.5
26821,2019-08-28,9.0,53.75,10.71,15.0
26822,2019-08-28,10.0,64.44,35.62,41.88
26823,2019-08-28,11.0,85.62,31.5,53.12
26824,2019-08-28,12.0,90.0,30.0,58.12
26825,2019-08-28,13.0,78.12,29.38,65.0
26826,2019-08-28,14.0,92.5,18.75,49.38
26827,2019-08-28,15.0,92.5,15.62,74.44
26828,2019-08-28,16.0,87.78,26.67,64.44
26829,2019-08-28,17.0,88.75,13.75,55.0
26830,2019-08-28,18.0,86.43,19.29,47.86
26831,2019-08-28,19.0,78.12,16.25,
26832,2019-08-28,20.0,59.38,9.29,
26833,2019-08-28,21.0,51.25,5.0,8.57
26837,2019-08-29,8.0,20.56,10.0,5.0
26838,2019-08-29,9.0,37.22,14.29,8.12
26839,2019-08-29,10.0,55.0,22.86,37.5
26840,2019-08-29,11.0,64.44,15.0,62.22
26841,2019-08-29,12.0,71.25,16.88,60.0
26842,2019-08-29,13.0,75.0,13.75,48.33
26843,2019-08-29,14.0,64.38,10.0,74.38
26844,2019-08-29,15.0,66.88,11.88,54.38
26845,2019-08-29,16.0,75.62,10.62,55.62
26846,2019-08-29,17.0,60.0,8.12,85.0
26847,2019-08-29,18.0,69.38,7.5,
26848,2019-08-29,19.0,63.12,9.44,
26849,2019-08-29,20.0,61.88,10.62,
26850,2019-08-29,21.0,28.12,7.5,
26857,2019-08-30,8.0,24.44,5.0,10.0
26858,2019-08-30,9.0,38.89,5.62,10.56
26859,2019-08-30,10.0,44.5,7.5,16.25
26860,2019-08-30,11.0,53.75,14.44,42.5
26861,2019-08-30,12.0,48.57,15.0,40.0
26872,2019-08-30,13.0,,10.62,
26862,2019-08-30,14.0,58.75,6.25,26.0
26863,2019-08-30,15.0,67.5,9.38,45.62
26864,2019-08-30,16.0,63.12,6.25,32.5
26865,2019-08-30,17.0,45.62,6.25,30.62
26875,2019-08-31,8.0,25.45,5.0,5.0
26876,2019-08-31,9.0,41.25,5.0,8.89
26877,2019-08-31,10.0,55.56,6.25,22.22
26878,2019-08-31,11.0,63.75,6.25,33.89
26879,2019-08-31,12.0,66.25,20.0,28.75
26880,2019-08-31,13.0,71.25,16.25,50.0
26881,2019-08-31,14.0,65.62,10.0,36.25
26882,2019-08-31,15.0,68.33,23.75,38.75
26883,2019-08-31,16.0,69.38,17.5,36.25
26884,2019-08-31,17.0,72.5,15.0,35.0
26885,2019-08-31,18.0,70.0,15.0,32.5
26886,2019-08-31,19.0,,20.62,
26887,2019-08-31,20.0,,11.88,
26888,2019-08-31,21.0,,8.75,25.0
26891,2019-09-01,8.0,26.67,5.62,4.38
26892,2019-09-01,9.0,35.62,10.0,5.0
26893,2019-09-01,10.0,62.5,8.75,19.38
26894,2019-09-01,11.0,50.62,10.0,27.78
26895,2019-09-01,12.0,59.38,10.0,24.44
26896,2019-09-01,13.0,57.14,10.0,65.62
26897,2019-09-01,14.0,57.5,16.0,30.0
26898,2019-09-01,15.0,63.12,11.88,23.12
26899,2019-09-01,16.0,71.0,18.75,12.5
26900,2019-09-01,17.0,68.75,10.62,33.12
26901,2019-09-01,18.0,56.25,6.25,30.62
26902,2019-09-01,19.0,55.0,6.67,26.25
26903,2019-09-01,20.0,47.5,10.0,11.88
26904,2019-09-01,21.0,33.75,5.62,8.12
26906,2019-09-02,8.0,22.5,,
26907,2019-09-02,9.0,37.86,5.0,9.44
26908,2019-09-02,10.0,42.5,18.33,12.78
26909,2019-09-02,11.0,48.75,18.75,10.0
26910,2019-09-02,12.0,47.5,23.12,10.62
26911,2019-09-02,13.0,53.89,37.5,18.89
26912,2019-09-02,14.0,43.33,27.5,14.38
26913,2019-09-02,15.0,43.75,31.11,24.38
26914,2019-09-02,16.0,45.62,30.0,17.22
26915,2019-09-02,17.0,44.38,21.67,13.75
26924,2019-09-03,8.0,19.44,10.0,
26925,2019-09-03,9.0,28.12,6.88,
26926,2019-09-03,10.0,45.0,6.11,10.71
26927,2019-09-03,11.0,46.88,28.12,30.62
26928,2019-09-03,12.0,41.88,10.62,36.25
26929,2019-09-03,13.0,47.5,10.0,36.88
26930,2019-09-03,14.0,38.12,10.56,15.56
26933,2019-09-04,8.0,15.0,,5.71
26934,2019-09-04,9.0,31.67,9.0,8.0
26935,2019-09-04,10.0,33.89,10.0,
26936,2019-09-04,11.0,46.88,14.0,
26937,2019-09-04,12.0,44.38,10.0,
26938,2019-09-04,13.0,54.0,5.62,10.0
26939,2019-09-04,14.0,55.0,5.0,17.5
26940,2019-09-04,15.0,50.0,10.56,41.11
26941,2019-09-04,16.0,41.88,6.5,23.75
26942,2019-09-04,17.0,45.0,5.0,14.38
26943,2019-09-04,18.0,42.5,5.0,9.38
26944,2019-09-04,19.0,35.0,5.0,5.0
26945,2019-09-04,20.0,34.38,5.0,6.67
26946,2019-09-04,21.0,30.62,5.0,5.0
26952,2019-09-05,8.0,15.0,5.0,5.0
26953,2019-09-05,9.0,24.29,7.86,5.0
26954,2019-09-05,10.0,43.75,10.0,6.88
26955,2019-09-05,11.0,45.62,20.62,23.12
26956,2019-09-05,12.0,46.25,9.38,21.88
26957,2019-09-05,13.0,42.5,9.38,30.0
26958,2019-09-05,14.0,40.62,10.0,35.0
26959,2019-09-05,15.0,48.12,20.62,30.0
26960,2019-09-05,16.0,42.5,10.56,22.5
26961,2019-09-05,17.0,42.5,5.0,18.75
26962,2019-09-05,18.0,35.0,5.0,13.12
26963,2019-09-05,19.0,40.0,11.25,7.86
26964,2019-09-05,20.0,32.5,8.89,11.88
26965,2019-09-05,21.0,18.75,5.0,5.0
26971,2019-09-06,8.0,15.62,10.0,5.83
26972,2019-09-06,9.0,20.56,12.14,5.71
26973,2019-09-06,10.0,38.12,15.62,6.25
26974,2019-09-06,11.0,33.75,13.75,17.5
26975,2019-09-06,12.0,40.0,7.5,18.75
26976,2019-09-06,13.0,41.88,8.75,17.5
26977,2019-09-06,14.0,32.5,10.0,18.89
26978,2019-09-06,15.0,31.25,10.0,20.62
26979,2019-09-06,16.0,37.0,5.71,12.86
26980,2019-09-06,17.0,36.25,5.0,18.75
26988,2019-09-07,8.0,23.89,5.0,5.0
26989,2019-09-07,9.0,39.5,5.0,6.88
26990,2019-09-07,10.0,58.12,11.88,17.5
26991,2019-09-07,11.0,52.78,19.5,36.25
26992,2019-09-07,12.0,58.12,27.22,40.0
26993,2019-09-07,13.0,60.0,25.0,35.0
26994,2019-09-07,14.0,61.88,23.75,
26995,2019-09-07,15.0,68.12,21.88,38.75
26996,2019-09-07,16.0,61.88,23.75,51.88
26997,2019-09-07,17.0,63.12,23.12,65.62
26998,2019-09-07,18.0,60.62,22.5,69.38
26999,2019-09-07,19.0,61.88,21.88,43.75
27000,2019-09-07,20.0,51.88,16.67,41.88
27001,2019-09-07,21.0,38.89,10.0,18.12
27003,2019-09-08,8.0,29.44,,5.62
27004,2019-09-08,9.0,37.78,15.0,5.0
27005,2019-09-08,10.0,55.0,23.12,25.71
27006,2019-09-08,11.0,62.22,22.86,30.56
27007,2019-09-08,12.0,50.0,,30.0
27008,2019-09-08,13.0,56.88,17.5,27.14
27009,2019-09-08,14.0,47.73,17.78,21.11
27010,2019-09-08,15.0,48.75,22.5,26.25
27011,2019-09-08,16.0,51.25,15.56,21.25
27012,2019-09-08,17.0,47.5,15.0,10.62
27020,2019-09-09,8.0,31.25,10.71,5.0
27021,2019-09-09,9.0,46.11,8.33,20.62
27022,2019-09-09,10.0,59.44,17.5,34.44
27023,2019-09-09,11.0,63.75,29.38,51.88
27024,2019-09-09,12.0,73.12,28.89,40.62
27025,2019-09-09,13.0,68.75,30.0,45.62
27026,2019-09-09,14.0,57.5,12.5,44.5
27027,2019-09-09,15.0,64.44,15.62,49.38
27028,2019-09-09,16.0,63.12,12.5,37.78
27029,2019-09-09,17.0,72.5,10.0,41.25
27030,2019-09-09,18.0,71.11,10.0,38.12
27031,2019-09-09,19.0,71.25,13.12,31.11
27032,2019-09-09,20.0,48.12,9.38,15.62
27033,2019-09-09,21.0,28.12,6.88,5.0
27036,2019-09-10,8.0,26.88,5.0,
27037,2019-09-10,9.0,30.0,16.67,16.11
27038,2019-09-10,10.0,41.25,28.12,23.12
27039,2019-09-10,11.0,46.25,25.62,18.75
27040,2019-09-10,12.0,48.57,11.25,32.0
27041,2019-09-10,13.0,46.88,13.75,18.75
27042,2019-09-10,14.0,37.78,10.62,10.62
27043,2019-09-10,15.0,40.56,27.5,20.0
27044,2019-09-10,16.0,35.0,36.25,13.75
27045,2019-09-10,17.0,38.75,18.75,10.0
27053,2019-09-11,8.0,25.62,,7.14
27054,2019-09-11,9.0,40.62,12.5,11.25
27055,2019-09-11,10.0,53.75,16.88,27.78
27056,2019-09-11,11.0,51.25,30.0,50.0
27057,2019-09-11,12.0,62.5,26.25,49.38
27058,2019-09-11,13.0,59.38,22.5,46.88
27059,2019-09-11,14.0,54.38,13.12,40.0
27060,2019-09-11,15.0,66.25,23.75,65.62
27061,2019-09-11,16.0,58.12,18.12,50.0
27062,2019-09-11,17.0,66.88,18.75,47.5
27063,2019-09-11,18.0,60.0,10.0,38.75
27064,2019-09-11,19.0,58.75,9.44,36.67
27065,2019-09-11,20.0,44.38,10.62,15.0
27066,2019-09-11,21.0,33.57,10.0,7.5
27072,2019-09-12,8.0,26.25,7.5,7.14
27073,2019-09-12,9.0,40.0,8.75,11.88
27074,2019-09-12,10.0,44.38,10.0,20.62
27075,2019-09-12,11.0,56.67,13.33,29.44
27076,2019-09-12,12.0,58.75,21.5,45.62
27077,2019-09-12,13.0,49.38,10.62,38.75
27078,2019-09-12,14.0,60.0,10.0,31.11
27079,2019-09-12,15.0,55.0,15.56,43.33
27080,2019-09-12,16.0,60.0,11.88,31.67
27081,2019-09-12,17.0,58.75,10.0,22.5
27082,2019-09-12,18.0,57.5,10.0,23.75
27083,2019-09-12,19.0,50.62,10.0,31.25
27084,2019-09-12,20.0,46.88,10.0,12.5
27085,2019-09-12,21.0,25.0,5.62,5.0
27092,2019-09-13,8.0,23.33,10.0,5.0
27093,2019-09-13,9.0,36.25,11.88,5.0
27094,2019-09-13,10.0,41.88,25.0,16.88
27095,2019-09-13,11.0,51.88,24.55,41.88
27096,2019-09-13,12.0,45.62,16.88,21.67
27097,2019-09-13,13.0,46.88,10.0,23.0
27098,2019-09-13,14.0,45.0,10.0,24.38
27099,2019-09-13,15.0,43.75,10.0,38.12
27100,2019-09-13,16.0,40.62,6.88,38.12
27101,2019-09-13,17.0,40.62,9.29,34.38
27109,2019-09-14,8.0,37.5,6.43,5.0
27110,2019-09-14,9.0,41.25,10.0,7.5
27111,2019-09-14,10.0,65.0,18.75,
27112,2019-09-14,11.0,83.12,32.5,
27113,2019-09-14,12.0,68.12,37.22,
27114,2019-09-14,13.0,80.0,39.29,
27115,2019-09-14,14.0,70.0,28.75,
27116,2019-09-14,15.0,83.12,,
27117,2019-09-14,16.0,76.88,33.57,72.5
27118,2019-09-14,17.0,71.25,36.88,93.12
27119,2019-09-14,18.0,73.75,44.0,88.75
27120,2019-09-14,19.0,75.0,,65.62
27121,2019-09-14,20.0,56.67,13.75,75.0
27122,2019-09-14,21.0,37.5,10.62,
27124,2019-09-15,8.0,31.25,10.0,6.25
27125,2019-09-15,9.0,43.12,11.82,12.0
27126,2019-09-15,10.0,56.25,20.0,21.0
27127,2019-09-15,11.0,57.78,25.83,27.5
27128,2019-09-15,12.0,63.33,28.12,31.88
27129,2019-09-15,13.0,51.11,33.5,22.78
27130,2019-09-15,14.0,51.67,21.88,20.62
27139,2019-09-15,15.0,,28.89,18.12
27131,2019-09-15,16.0,90.0,13.75,22.5
27132,2019-09-15,17.0,52.5,12.22,21.67
27141,2019-09-16,8.0,42.5,6.25,
27142,2019-09-16,9.0,56.88,15.62,11.67
27143,2019-09-16,10.0,67.5,19.38,35.62
27144,2019-09-16,11.0,76.25,38.75,56.88
27145,2019-09-16,12.0,81.88,37.86,69.29
27146,2019-09-16,13.0,71.25,28.89,58.57
27147,2019-09-16,14.0,68.12,31.88,
27148,2019-09-16,15.0,83.75,31.25,
27149,2019-09-16,16.0,75.62,32.22,
27150,2019-09-16,17.0,57.5,28.12,52.14
27151,2019-09-16,18.0,72.5,25.0,73.75
27152,2019-09-16,19.0,76.25,18.33,80.0
27153,2019-09-16,20.0,46.25,11.88,41.88
27155,2019-09-17,8.0,23.57,,5.0
27156,2019-09-17,9.0,33.75,,7.5
27157,2019-09-17,10.0,51.67,,10.0
27158,2019-09-17,11.0,55.0,,
27159,2019-09-17,12.0,56.11,,31.0
27160,2019-09-17,13.0,56.88,,48.12
27161,2019-09-17,14.0,51.43,,31.43
27162,2019-09-17,15.0,41.88,20.0,33.12
27163,2019-09-17,16.0,40.0,22.86,24.29
27164,2019-09-17,17.0,39.38,21.25,21.25
27173,2019-09-18,8.0,29.38,8.89,7.14
27174,2019-09-18,9.0,55.0,9.38,13.12
27188,2019-09-18,10.0,,23.12,35.0
27175,2019-09-18,11.0,78.57,36.25,46.88
27176,2019-09-18,12.0,100.62,35.62,52.5
27177,2019-09-18,13.0,97.5,38.75,
27178,2019-09-18,14.0,96.25,20.0,82.5
27179,2019-09-18,15.0,88.12,28.75,78.75
27180,2019-09-18,16.0,92.5,30.62,58.0
27181,2019-09-18,17.0,103.33,18.75,52.5
27182,2019-09-18,18.0,90.0,20.0,58.75
27183,2019-09-18,19.0,80.83,19.38,34.38
27184,2019-09-18,20.0,65.0,13.12,32.5
27190,2019-09-19,8.0,29.38,11.0,7.86
27191,2019-09-19,9.0,45.0,15.0,5.0
27192,2019-09-19,10.0,55.62,18.75,21.25
27193,2019-09-19,11.0,70.0,22.86,36.43
27194,2019-09-19,12.0,66.11,25.56,25.62
27195,2019-09-19,13.0,63.12,25.0,39.38
27196,2019-09-19,14.0,60.0,16.88,31.88
27197,2019-09-19,15.0,67.5,26.25,37.5
27198,2019-09-19,16.0,63.75,15.62,46.25
27199,2019-09-19,17.0,66.25,16.25,50.0
27200,2019-09-19,18.0,71.25,12.5,
27201,2019-09-19,19.0,68.12,11.88,
27202,2019-09-19,20.0,36.43,8.57,10.83
27207,2019-09-20,8.0,26.67,8.12,5.0
27208,2019-09-20,9.0,40.62,17.22,10.62
27209,2019-09-20,10.0,46.11,45.62,20.56
27210,2019-09-20,11.0,55.62,23.12,30.0
27211,2019-09-20,12.0,50.62,38.12,25.62
27212,2019-09-20,13.0,55.0,39.38,17.22
27213,2019-09-20,14.0,47.5,26.88,25.62
27214,2019-09-20,15.0,47.5,33.12,20.0
27215,2019-09-20,16.0,46.25,25.62,17.5
27216,2019-09-20,17.0,47.22,11.25,20.0
27224,2019-09-21,8.0,33.12,6.67,5.0
27225,2019-09-21,9.0,43.75,15.0,15.0
27226,2019-09-21,10.0,58.12,22.22,33.75
27227,2019-09-21,11.0,76.25,36.88,45.0
27228,2019-09-21,12.0,93.89,45.0,51.43
27229,2019-09-21,13.0,88.75,38.75,69.38
27230,2019-09-21,14.0,109.38,31.25,56.88
27231,2019-09-21,15.0,104.44,34.38,63.12
27232,2019-09-21,16.0,89.29,39.29,60.71
27233,2019-09-21,17.0,93.75,40.0,50.0
27234,2019-09-21,18.0,93.57,35.71,65.0
27235,2019-09-21,19.0,79.5,42.5,40.0
27236,2019-09-21,20.0,57.86,19.38,42.5
27237,2019-09-21,21.0,46.25,10.0,14.0
27239,2019-09-22,8.0,38.12,8.33,11.25
27240,2019-09-22,9.0,43.12,25.0,8.75
27241,2019-09-22,10.0,65.62,22.78,27.0
27242,2019-09-22,11.0,64.38,19.38,27.5
27243,2019-09-22,12.0,66.25,21.25,35.5
27244,2019-09-22,13.0,59.38,18.75,38.12
27245,2019-09-22,14.0,60.62,16.88,32.78
27246,2019-09-22,15.0,54.38,12.5,31.67
27247,2019-09-22,16.0,55.62,13.12,33.75
27248,2019-09-22,17.0,52.5,12.22,31.88
27257,2019-09-23,8.0,34.44,11.88,5.0
27258,2019-09-23,9.0,51.88,11.25,8.75
27259,2019-09-23,10.0,61.88,28.75,36.25
27260,2019-09-23,11.0,77.22,43.0,41.11
27261,2019-09-23,12.0,80.62,42.78,61.25
27262,2019-09-23,13.0,77.86,42.86,45.0
27263,2019-09-23,14.0,77.5,31.88,46.88
27264,2019-09-23,15.0,85.0,36.88,64.38
27265,2019-09-23,16.0,73.75,35.56,46.88
27266,2019-09-23,17.0,76.25,31.88,47.5
27267,2019-09-23,18.0,76.25,28.12,42.5
27268,2019-09-23,19.0,74.29,18.57,29.29
27269,2019-09-23,20.0,49.38,21.88,15.0
27271,2019-09-24,8.0,26.67,10.56,5.0
27272,2019-09-24,9.0,41.25,19.44,8.75
27273,2019-09-24,10.0,53.12,32.5,41.25
27274,2019-09-24,11.0,48.75,32.5,21.88
27275,2019-09-24,12.0,48.75,15.62,28.12
27276,2019-09-24,13.0,50.62,13.75,17.5
27277,2019-09-24,14.0,40.56,13.12,17.5
27278,2019-09-24,15.0,46.88,12.22,29.38
27279,2019-09-24,16.0,41.88,14.38,20.0
27280,2019-09-24,17.0,43.12,11.25,19.38
27289,2019-09-25,8.0,31.88,10.0,7.14
27290,2019-09-25,9.0,48.75,11.11,19.44
27291,2019-09-25,10.0,65.62,18.12,29.17
27292,2019-09-25,11.0,65.0,35.0,
27293,2019-09-25,12.0,68.75,41.25,50.0
27294,2019-09-25,13.0,59.38,26.88,52.5
27295,2019-09-25,14.0,58.75,18.75,48.0
27296,2019-09-25,15.0,56.88,23.12,74.38
27297,2019-09-25,16.0,67.22,30.0,60.0
27298,2019-09-25,17.0,60.71,20.71,52.5
27299,2019-09-25,18.0,65.0,15.0,53.12
27300,2019-09-25,19.0,60.0,17.78,52.5
27301,2019-09-25,20.0,40.0,6.88,30.56
27307,2019-09-26,8.0,35.0,10.0,5.0
27308,2019-09-26,9.0,46.25,13.12,14.38
27309,2019-09-26,10.0,52.5,25.0,32.5
27310,2019-09-26,11.0,63.12,23.89,51.25
27311,2019-09-26,12.0,65.62,28.12,51.11
27312,2019-09-26,13.0,60.71,24.38,42.14
27313,2019-09-26,14.0,62.22,15.0,48.12
27314,2019-09-26,15.0,61.43,23.57,55.71
27315,2019-09-26,16.0,58.75,26.88,43.75
27316,2019-09-26,17.0,58.12,17.5,46.88
27317,2019-09-26,18.0,54.44,11.11,37.5
27318,2019-09-26,19.0,58.33,11.25,31.0
27319,2019-09-26,20.0,32.78,7.5,13.89
27325,2019-09-27,8.0,34.44,15.62,9.38
27326,2019-09-27,9.0,47.27,24.09,17.5
27327,2019-09-27,10.0,77.5,36.88,38.33
27328,2019-09-27,11.0,56.88,41.25,36.25
27329,2019-09-27,12.0,55.0,23.33,41.88
27330,2019-09-27,13.0,53.12,18.0,27.5
27331,2019-09-27,14.0,49.38,15.0,27.5
27332,2019-09-27,15.0,58.57,14.29,30.0
27333,2019-09-27,16.0,48.75,10.0,34.38
27334,2019-09-27,17.0,46.25,12.14,21.25
27342,2019-09-28,8.0,41.25,19.44,5.0
27343,2019-09-28,9.0,60.0,16.36,30.0
27344,2019-09-28,10.0,62.5,39.44,51.25
27345,2019-09-28,11.0,92.22,51.25,90.62
27346,2019-09-28,12.0,95.0,50.62,115.0
27347,2019-09-28,13.0,113.12,53.75,89.29
27348,2019-09-28,14.0,94.44,43.89,60.0
27349,2019-09-28,15.0,123.12,47.5,93.75
27350,2019-09-28,16.0,113.75,55.0,81.67
27351,2019-09-28,17.0,98.75,44.38,70.0
27352,2019-09-28,18.0,113.57,52.86,80.83
27353,2019-09-28,19.0,104.38,36.67,76.67
27354,2019-09-28,20.0,88.12,30.0,54.38
27355,2019-09-28,21.0,62.5,34.38,28.12
27358,2019-09-29,8.0,37.22,10.0,8.33
27359,2019-09-29,9.0,55.0,16.67,12.22
27360,2019-09-29,10.0,67.5,32.22,35.0
27361,2019-09-29,11.0,77.86,36.67,30.56
27362,2019-09-29,12.0,101.25,29.44,46.25
27363,2019-09-29,13.0,69.38,26.0,51.88
27364,2019-09-29,14.0,78.57,35.0,46.88
27365,2019-09-29,15.0,95.0,23.89,44.38
27366,2019-09-29,16.0,65.62,17.78,38.75
27367,2019-09-29,17.0,60.0,23.75,35.0
27376,2019-09-30,8.0,43.33,8.75,9.29
27377,2019-09-30,9.0,62.5,16.67,31.25
27378,2019-09-30,10.0,100.62,35.62,37.5
27379,2019-09-30,11.0,101.25,38.75,60.0
27380,2019-09-30,12.0,98.75,40.62,66.88
27381,2019-09-30,13.0,106.88,40.0,71.25
27382,2019-09-30,14.0,76.43,32.86,55.71
27383,2019-09-30,15.0,82.5,30.0,75.62
27384,2019-09-30,16.0,76.25,36.88,76.25
27385,2019-09-30,17.0,82.5,21.25,65.0
27386,2019-09-30,18.0,81.25,17.5,48.12
27387,2019-09-30,19.0,68.12,15.0,47.5
27388,2019-09-30,20.0,42.5,8.12,20.62
27391,2019-10-01,8.0,28.12,12.0,5.0
27392,2019-10-01,9.0,43.89,19.55,13.0
27393,2019-10-01,10.0,53.12,17.5,28.5
27394,2019-10-01,11.0,52.22,15.0,29.38
27395,2019-10-01,12.0,53.75,30.56,19.38
27396,2019-10-01,13.0,53.12,44.44,16.88
27397,2019-10-01,14.0,51.88,36.88,25.0
27398,2019-10-01,15.0,67.5,40.0,21.43
27399,2019-10-01,16.0,52.78,31.25,21.88
27400,2019-10-01,17.0,52.78,20.5,31.25
27409,2019-10-02,8.0,32.86,10.0,6.88
27410,2019-10-02,9.0,47.5,13.0,21.88
27411,2019-10-02,10.0,71.88,22.5,32.5
27412,2019-10-02,11.0,70.0,29.38,51.88
27413,2019-10-02,12.0,71.67,43.12,67.5
27414,2019-10-02,13.0,73.75,36.25,63.12
27415,2019-10-02,14.0,82.5,36.88,65.62
27416,2019-10-02,15.0,93.12,40.0,69.38
27417,2019-10-02,16.0,103.75,38.12,67.5
27418,2019-10-02,17.0,106.25,35.62,53.12
27419,2019-10-02,18.0,93.75,25.62,60.62
27420,2019-10-02,19.0,98.12,21.88,37.5
27421,2019-10-02,20.0,58.12,11.25,26.25
27422,2019-10-02,21.0,37.78,6.88,5.0
27425,2019-10-03,8.0,33.12,11.43,
27426,2019-10-03,9.0,44.38,20.62,
27427,2019-10-03,10.0,66.25,48.0,20.0
27428,2019-10-03,11.0,66.88,18.12,56.88
27429,2019-10-03,12.0,58.75,29.38,74.44
27430,2019-10-03,13.0,46.0,34.38,26.67
27438,2019-10-03,14.0,,17.5,43.75
27439,2019-10-03,15.0,,12.5,40.62
27440,2019-10-03,16.0,,10.0,43.33
27431,2019-10-03,17.0,30.0,10.0,23.75
27442,2019-10-04,8.0,35.71,12.14,5.0
27443,2019-10-04,9.0,51.25,11.11,30.0
27444,2019-10-04,10.0,62.86,12.14,43.75
27445,2019-10-04,11.0,70.0,42.22,38.75
27446,2019-10-04,12.0,60.56,23.75,62.5
27447,2019-10-04,13.0,66.43,30.71,
27448,2019-10-04,14.0,66.88,13.5,10.0
27449,2019-10-04,15.0,68.75,14.38,27.0
27450,2019-10-04,16.0,53.75,10.0,60.62
27451,2019-10-04,17.0,51.25,10.0,35.56
27459,2019-10-05,8.0,39.5,7.86,9.29
27460,2019-10-05,9.0,56.25,11.43,20.62
27461,2019-10-05,10.0,69.44,39.58,40.0
27462,2019-10-05,11.0,86.88,48.12,66.67
27463,2019-10-05,12.0,109.29,50.62,88.89
27464,2019-10-05,13.0,90.0,39.29,67.86
27465,2019-10-05,14.0,90.62,46.67,58.75
27466,2019-10-05,15.0,105.0,45.62,101.25
27467,2019-10-05,16.0,94.38,42.5,72.5
27468,2019-10-05,17.0,103.75,57.5,78.75
27469,2019-10-05,18.0,107.5,51.25,66.88
27470,2019-10-05,19.0,100.71,40.71,55.71
27471,2019-10-05,20.0,62.22,21.88,38.12
27472,2019-10-05,21.0,50.0,11.88,13.75
27475,2019-10-06,8.0,36.0,5.0,5.0
27476,2019-10-06,9.0,47.78,7.73,21.0
27477,2019-10-06,10.0,74.44,27.78,35.0
27478,2019-10-06,11.0,80.0,34.38,
27479,2019-10-06,12.0,83.89,36.25,
27480,2019-10-06,13.0,74.38,30.62,48.89
27481,2019-10-06,14.0,65.62,30.0,47.78
27482,2019-10-06,15.0,66.88,38.57,56.43
27483,2019-10-06,16.0,63.12,21.25,41.11
27484,2019-10-06,17.0,52.22,17.5,31.88
27493,2019-10-07,8.0,53.75,20.0,
27494,2019-10-07,9.0,61.43,44.29,35.0
27495,2019-10-07,10.0,92.22,42.5,65.62
27496,2019-10-07,11.0,105.0,50.71,75.0
27497,2019-10-07,12.0,107.86,63.12,108.12
27498,2019-10-07,13.0,105.56,55.62,108.75
27499,2019-10-07,14.0,109.38,51.25,99.38
27500,2019-10-07,15.0,141.67,60.62,112.5
27501,2019-10-07,16.0,130.0,79.38,64.17
27502,2019-10-07,17.0,115.62,44.38,79.38
27503,2019-10-07,18.0,140.0,38.89,86.88
27504,2019-10-07,19.0,120.0,51.88,78.75
27505,2019-10-07,20.0,74.38,18.12,26.25
27508,2019-10-08,8.0,40.91,13.12,
27509,2019-10-08,9.0,56.67,25.91,23.33
27510,2019-10-08,10.0,68.12,41.11,44.38
27511,2019-10-08,11.0,65.71,27.5,45.0
27512,2019-10-08,12.0,73.75,26.88,51.25
27513,2019-10-08,13.0,75.62,33.33,
27514,2019-10-08,14.0,73.12,20.62,35.0
27515,2019-10-08,15.0,75.0,22.5,40.62
27516,2019-10-08,16.0,61.88,23.75,37.5
27517,2019-10-08,17.0,60.0,19.38,26.25
27525,2019-10-09,8.0,51.25,5.0,7.5
27526,2019-10-09,9.0,74.44,27.78,34.38
27527,2019-10-09,10.0,90.62,38.5,53.75
27528,2019-10-09,11.0,117.5,56.25,71.88
27529,2019-10-09,12.0,112.78,49.38,76.88
27530,2019-10-09,13.0,103.12,,90.62
27531,2019-10-09,14.0,115.0,,82.5
27532,2019-10-09,15.0,121.67,49.38,88.12
27533,2019-10-09,16.0,108.89,61.25,71.25
27534,2019-10-09,17.0,115.0,53.75,85.0
27535,2019-10-09,18.0,112.78,46.88,73.12
27536,2019-10-09,19.0,117.5,40.62,69.38
27537,2019-10-09,20.0,108.75,21.88,30.0
27538,2019-10-09,21.0,52.5,10.0,10.62
27541,2019-10-10,8.0,46.11,8.57,6.43
27542,2019-10-10,9.0,55.0,15.0,25.45
27543,2019-10-10,10.0,69.38,24.09,44.38
27544,2019-10-10,11.0,97.22,32.22,51.25
27545,2019-10-10,12.0,88.89,30.62,46.25
27546,2019-10-10,13.0,82.0,30.62,46.0
27547,2019-10-10,14.0,85.0,18.75,39.38
27548,2019-10-10,15.0,71.88,27.78,40.0
27549,2019-10-10,16.0,79.38,27.5,45.0
27550,2019-10-10,17.0,64.38,20.0,34.44
27560,2019-10-11,8.0,51.0,8.5,7.0
27561,2019-10-11,9.0,53.89,6.5,27.86
27562,2019-10-11,10.0,91.25,37.0,
27563,2019-10-11,11.0,106.11,48.75,39.0
27564,2019-10-11,12.0,83.75,40.0,78.33
27565,2019-10-11,13.0,114.38,38.89,90.62
27566,2019-10-11,14.0,90.56,42.0,61.36
27567,2019-10-11,15.0,74.38,43.12,70.62
27568,2019-10-11,16.0,79.38,33.12,67.5
27569,2019-10-11,17.0,62.5,18.12,46.88
27577,2019-10-12,8.0,49.38,18.89,
27578,2019-10-12,9.0,67.27,31.88,36.67
27579,2019-10-12,10.0,87.5,40.62,60.0
27580,2019-10-12,11.0,140.62,58.12,
27581,2019-10-12,12.0,120.0,53.33,78.75
27582,2019-10-12,13.0,128.12,55.62,110.0
27583,2019-10-12,14.0,130.0,65.62,
27584,2019-10-12,15.0,123.12,58.75,101.0
27585,2019-10-12,16.0,141.25,53.89,103.75
27586,2019-10-12,17.0,149.38,53.12,104.5
27587,2019-10-12,18.0,125.62,48.12,106.25
27588,2019-10-12,19.0,138.12,47.5,112.22
27589,2019-10-12,20.0,94.38,33.12,88.75
27590,2019-10-12,21.0,80.62,16.88,52.5
27591,2019-10-12,22.0,71.88,14.38,42.5
27595,2019-10-13,8.0,58.33,10.0,17.14
27596,2019-10-13,9.0,76.25,31.0,42.5
27597,2019-10-13,10.0,103.57,46.43,47.86
27598,2019-10-13,11.0,113.89,53.64,94.38
27599,2019-10-13,12.0,111.88,48.12,113.75
27600,2019-10-13,13.0,123.12,46.88,110.0
27601,2019-10-13,14.0,123.0,54.38,100.62
27602,2019-10-13,15.0,118.12,64.44,123.12
27603,2019-10-13,16.0,119.38,51.88,116.88
27604,2019-10-13,17.0,107.5,44.38,104.38
27605,2019-10-13,18.0,91.88,47.5,107.5
27606,2019-10-13,19.0,97.78,36.88,73.75
27607,2019-10-13,20.0,76.88,17.5,34.38
27610,2019-10-14,8.0,51.11,18.12,
27611,2019-10-14,9.0,77.5,18.89,31.67
27612,2019-10-14,10.0,95.56,32.27,70.56
27613,2019-10-14,11.0,96.88,38.75,68.75
27614,2019-10-14,12.0,93.12,40.62,71.25
27615,2019-10-14,13.0,102.86,35.0,86.25
27616,2019-10-14,14.0,81.88,32.5,70.0
27617,2019-10-14,15.0,95.0,31.88,55.62
27618,2019-10-14,16.0,72.5,27.5,52.5
27619,2019-10-14,17.0,65.62,25.0,51.25
27629,2019-10-15,8.0,39.0,10.71,9.29
27630,2019-10-15,9.0,53.33,25.0,23.12
27631,2019-10-15,10.0,68.75,29.38,56.5
27632,2019-10-15,11.0,81.88,26.88,55.0
27633,2019-10-15,12.0,81.88,21.25,44.38
27634,2019-10-15,13.0,71.88,20.62,42.22
27635,2019-10-15,14.0,64.38,16.88,46.25
27636,2019-10-15,15.0,54.38,18.33,40.0
27637,2019-10-15,16.0,55.0,11.67,35.62
27638,2019-10-15,17.0,59.44,15.62,
27646,2019-10-16,8.0,73.12,24.0,14.44
27647,2019-10-16,9.0,78.12,30.62,43.33
27648,2019-10-16,10.0,120.0,53.75,83.12
27649,2019-10-16,11.0,120.0,67.86,115.0
27650,2019-10-16,12.0,122.5,69.38,126.25
27651,2019-10-16,13.0,115.62,61.25,134.38
27652,2019-10-16,14.0,125.0,56.88,107.5
27653,2019-10-16,15.0,133.12,70.0,130.0
27654,2019-10-16,16.0,135.71,50.62,126.25
27655,2019-10-16,17.0,155.56,48.75,120.62
27656,2019-10-16,18.0,121.25,55.0,106.67
27657,2019-10-16,19.0,159.38,50.0,95.0
27658,2019-10-16,20.0,118.75,23.12,65.0
27659,2019-10-16,21.0,80.0,11.88,25.0
27662,2019-10-17,8.0,42.22,,5.0
27663,2019-10-17,9.0,58.33,,26.67
27664,2019-10-17,10.0,63.75,41.11,57.5
27665,2019-10-17,11.0,81.88,35.0,41.25
27666,2019-10-17,12.0,80.56,34.44,48.33
27667,2019-10-17,13.0,75.0,27.5,43.33
27668,2019-10-17,14.0,66.11,28.75,40.62
27669,2019-10-17,15.0,68.12,29.38,46.88
27670,2019-10-17,16.0,68.12,21.88,33.12
27671,2019-10-17,17.0,58.12,26.25,37.5
27680,2019-10-18,8.0,47.73,5.0,5.0
27681,2019-10-18,9.0,50.0,9.29,14.29
27682,2019-10-18,10.0,83.75,25.62,36.88
27683,2019-10-18,11.0,83.75,31.88,41.88
27684,2019-10-18,12.0,83.75,32.78,37.5
27685,2019-10-18,13.0,97.5,26.88,41.88
27686,2019-10-18,14.0,113.89,23.75,40.0
27687,2019-10-18,15.0,72.78,32.5,45.0
27688,2019-10-18,16.0,80.56,31.25,35.62
27689,2019-10-18,17.0,58.12,30.0,33.12
27697,2019-10-19,8.0,23.33,5.0,5.0
27710,2019-10-19,9.0,,8.12,5.0
27711,2019-10-19,10.0,,11.43,15.62
27712,2019-10-19,11.0,,15.62,35.0
27698,2019-10-19,12.0,90.0,24.0,34.38
27699,2019-10-19,13.0,145.62,34.44,36.25
27700,2019-10-19,14.0,123.33,23.12,40.0
27701,2019-10-19,15.0,117.86,42.14,80.0
27702,2019-10-19,16.0,104.44,37.5,61.67
27703,2019-10-19,17.0,124.38,37.5,
27704,2019-10-19,18.0,105.0,33.33,42.5
27705,2019-10-19,19.0,104.38,25.62,62.5
27706,2019-10-19,20.0,83.12,25.62,40.62
27707,2019-10-19,21.0,72.78,9.38,23.33
27708,2019-10-19,22.0,45.56,8.75,20.0
27714,2019-10-20,8.0,35.0,5.0,7.5
27715,2019-10-20,9.0,55.0,7.0,16.67
27716,2019-10-20,10.0,81.11,26.25,29.38
27717,2019-10-20,11.0,75.62,32.5,42.5
27718,2019-10-20,12.0,83.75,30.0,49.29
27719,2019-10-20,13.0,89.29,32.14,50.71
27720,2019-10-20,14.0,75.62,22.5,37.5
27721,2019-10-20,15.0,87.5,31.25,46.25
27722,2019-10-20,16.0,65.0,27.5,41.67
27723,2019-10-20,17.0,50.62,21.88,28.33
27732,2019-10-21,8.0,28.33,9.29,5.0
27733,2019-10-21,9.0,51.25,30.62,7.86
27734,2019-10-21,10.0,68.12,40.56,25.62
27735,2019-10-21,11.0,63.75,23.75,33.75
27736,2019-10-21,12.0,69.44,21.25,35.0
27737,2019-10-21,13.0,69.38,22.5,34.38
27738,2019-10-21,14.0,58.12,20.56,21.67
27739,2019-10-21,15.0,61.25,19.44,22.5
27740,2019-10-21,16.0,56.88,15.62,28.33
27741,2019-10-21,17.0,37.5,17.5,15.0
27749,2019-10-22,8.0,28.5,5.71,6.67
27750,2019-10-22,9.0,41.11,14.38,10.0
27751,2019-10-22,10.0,58.75,10.5,17.22
27752,2019-10-22,11.0,56.25,15.0,31.25
27753,2019-10-22,12.0,62.78,16.88,28.89
27754,2019-10-22,13.0,56.43,14.29,33.57
27755,2019-10-22,14.0,48.75,11.25,22.5
27756,2019-10-22,15.0,48.12,11.25,40.0
27757,2019-10-22,16.0,44.38,8.75,23.33
27758,2019-10-22,17.0,36.88,8.75,18.75
27766,2019-10-23,8.0,51.25,10.0,8.57
27767,2019-10-23,9.0,80.71,22.14,21.88
27768,2019-10-23,10.0,99.38,43.89,45.0
27769,2019-10-23,11.0,101.11,57.22,
27770,2019-10-23,12.0,113.75,51.88,86.0
27771,2019-10-23,13.0,117.22,48.12,123.75
27772,2019-10-23,14.0,114.38,44.38,91.88
27773,2019-10-23,15.0,108.75,48.75,111.25
27774,2019-10-23,16.0,107.5,55.0,106.88
27775,2019-10-23,17.0,113.75,55.62,106.25
27776,2019-10-23,18.0,101.67,45.62,82.5
27777,2019-10-23,19.0,94.38,41.88,77.22
27778,2019-10-23,20.0,78.33,23.12,35.0
27779,2019-10-23,21.0,62.22,10.0,12.5
27782,2019-10-24,8.0,35.0,8.57,5.0
27783,2019-10-24,9.0,43.89,17.5,10.62
27784,2019-10-24,10.0,70.0,20.0,20.0
27785,2019-10-24,11.0,51.25,16.25,31.88
27786,2019-10-24,12.0,61.88,13.89,28.33
27787,2019-10-24,13.0,62.78,20.0,26.25
27788,2019-10-24,14.0,50.0,13.12,25.62
27789,2019-10-24,15.0,53.12,21.0,26.88
27790,2019-10-24,16.0,57.22,18.75,23.12
27791,2019-10-24,17.0,44.38,10.0,20.62
27800,2019-10-25,8.0,32.78,,5.0
27801,2019-10-25,9.0,45.62,13.33,18.89
27802,2019-10-25,10.0,64.44,33.89,45.62
27803,2019-10-25,11.0,70.62,38.89,40.62
27804,2019-10-25,12.0,63.12,31.0,29.38
27805,2019-10-25,13.0,71.25,,
27806,2019-10-25,14.0,72.5,20.0,17.5
27807,2019-10-25,15.0,83.75,36.88,32.78
27808,2019-10-25,16.0,53.12,22.78,19.38
27809,2019-10-25,17.0,52.5,13.75,13.75
27817,2019-10-26,8.0,40.71,9.29,5.0
27818,2019-10-26,9.0,48.12,10.0,25.56
27819,2019-10-26,10.0,68.75,28.89,35.0
27820,2019-10-26,11.0,105.62,37.78,51.67
27821,2019-10-26,12.0,100.62,43.33,76.25
27822,2019-10-26,13.0,98.75,43.75,87.5
27823,2019-10-26,14.0,93.75,44.5,60.0
27824,2019-10-26,15.0,109.38,46.88,75.0
27825,2019-10-26,16.0,101.11,38.12,60.0
27826,2019-10-26,17.0,101.88,42.78,53.75
27827,2019-10-26,18.0,81.25,36.11,53.12
27828,2019-10-26,19.0,87.14,36.43,44.29
27829,2019-10-26,20.0,67.22,23.12,23.75
27830,2019-10-26,21.0,49.38,5.62,7.78
27832,2019-10-27,8.0,30.62,5.0,5.71
27833,2019-10-27,9.0,38.89,7.5,10.62
27834,2019-10-27,10.0,58.89,16.67,32.0
27835,2019-10-27,11.0,65.0,,42.5
27836,2019-10-27,12.0,80.62,26.43,42.22
27837,2019-10-27,13.0,62.86,31.43,38.57
27838,2019-10-27,14.0,80.0,33.33,30.83
27839,2019-10-27,15.0,55.0,36.25,37.5
27840,2019-10-27,16.0,51.0,21.25,28.33
27841,2019-10-27,17.0,54.0,21.25,22.22
27849,2019-10-28,8.0,36.88,9.38,5.0
27850,2019-10-28,9.0,55.0,10.62,30.62
27851,2019-10-28,10.0,87.5,39.5,48.75
27852,2019-10-28,11.0,106.88,43.12,73.12
27853,2019-10-28,12.0,105.0,48.75,57.5
27854,2019-10-28,13.0,88.12,55.0,81.25
27855,2019-10-28,14.0,71.88,43.75,51.25
27856,2019-10-28,15.0,88.57,44.29,72.86
27857,2019-10-28,16.0,90.62,44.38,91.88
27858,2019-10-28,17.0,100.0,42.5,87.78
27859,2019-10-28,18.0,73.12,31.25,58.75
27860,2019-10-28,19.0,72.14,28.57,52.14
27861,2019-10-28,20.0,47.5,15.62,23.12
27862,2019-10-28,21.0,38.12,7.78,7.5
27864,2019-10-29,8.0,18.64,5.0,5.0
27865,2019-10-29,9.0,36.88,16.25,8.57
27866,2019-10-29,10.0,43.12,46.25,23.33
27867,2019-10-29,11.0,60.71,17.5,28.75
27868,2019-10-29,12.0,51.11,16.25,26.25
27869,2019-10-29,13.0,41.25,10.56,17.5
27870,2019-10-29,14.0,44.44,9.44,21.88
27871,2019-10-29,15.0,46.25,10.0,25.62
27872,2019-10-29,16.0,46.25,10.0,14.38
27873,2019-10-29,17.0,43.12,10.0,15.0
27882,2019-10-30,8.0,26.0,10.0,9.29
27883,2019-10-30,9.0,41.88,14.38,5.0
27884,2019-10-30,10.0,52.5,13.75,21.11
27885,2019-10-30,11.0,60.62,21.25,33.12
27886,2019-10-30,12.0,65.62,31.25,57.5
27887,2019-10-30,13.0,63.12,29.38,49.38
27888,2019-10-30,14.0,59.38,19.38,34.0
27889,2019-10-30,15.0,71.25,33.12,
27890,2019-10-30,16.0,76.88,26.67,
27891,2019-10-30,17.0,58.12,24.44,41.67
27892,2019-10-30,18.0,75.62,21.11,
27893,2019-10-30,19.0,64.38,8.89,35.71
27894,2019-10-30,20.0,40.0,5.0,24.29
27895,2019-10-30,21.0,28.75,5.62,8.75
27898,2019-10-31,8.0,24.38,,5.0
27899,2019-10-31,9.0,35.0,14.29,6.88
27900,2019-10-31,10.0,44.38,40.62,22.5
27901,2019-10-31,11.0,58.12,54.38,36.25
27902,2019-10-31,12.0,51.11,49.44,30.0
27903,2019-10-31,13.0,48.75,50.0,33.89
27904,2019-10-31,14.0,50.62,15.62,19.5
27905,2019-10-31,15.0,48.75,19.38,31.88
27906,2019-10-31,16.0,51.11,13.12,21.88
27907,2019-10-31,17.0,48.75,14.38,24.5
27916,2019-11-01,8.0,23.12,5.0,5.0
27917,2019-11-01,9.0,43.64,10.0,5.0
27918,2019-11-01,10.0,54.29,15.56,8.57
27919,2019-11-01,11.0,57.5,17.5,9.29
27920,2019-11-01,12.0,53.57,10.71,10.83
27921,2019-11-01,13.0,55.62,12.5,23.0
27922,2019-11-01,14.0,63.33,10.0,30.0
27923,2019-11-01,15.0,59.29,17.14,44.29
27924,2019-11-01,16.0,56.25,12.5,26.25
27925,2019-11-01,17.0,48.75,15.0,23.75
27933,2019-11-02,8.0,30.62,5.0,8.33
27948,2019-11-02,9.0,,9.38,6.88
27934,2019-11-02,10.0,60.62,17.14,27.86
27935,2019-11-02,11.0,91.25,30.0,36.67
27936,2019-11-02,12.0,90.0,27.5,41.88
27937,2019-11-02,13.0,93.75,35.62,44.38
27938,2019-11-02,14.0,81.25,32.78,45.56
27939,2019-11-02,15.0,86.88,39.5,48.12
27940,2019-11-02,16.0,103.75,38.75,49.38
27941,2019-11-02,17.0,82.86,35.0,47.86
27942,2019-11-02,18.0,91.25,25.0,41.88
27943,2019-11-02,19.0,87.5,31.25,34.38
27944,2019-11-02,20.0,72.5,21.25,13.12
27945,2019-11-02,21.0,52.5,6.25,8.75
27946,2019-11-02,22.0,42.78,24.38,6.88
27950,2019-11-03,9.0,65.62,9.38,5.0
27951,2019-11-03,10.0,96.25,28.93,
27952,2019-11-03,11.0,102.5,42.5,
27953,2019-11-03,12.0,100.62,40.0,16.67
27954,2019-11-03,13.0,97.0,37.5,58.12
27955,2019-11-03,14.0,100.0,35.0,84.38
27956,2019-11-03,15.0,101.25,51.11,79.38
27957,2019-11-03,16.0,105.0,41.25,68.12
27958,2019-11-03,17.0,84.38,40.0,43.57
27959,2019-11-03,18.0,71.25,26.25,36.25
27960,2019-11-03,19.0,70.0,26.88,26.25
27961,2019-11-03,20.0,43.12,9.38,11.25
27963,2019-11-04,9.0,70.0,18.89,7.86
27964,2019-11-04,10.0,64.38,28.33,31.0
27965,2019-11-04,11.0,81.43,41.25,40.71
27966,2019-11-04,12.0,100.62,51.25,50.56
27974,2019-11-04,13.0,,41.11,64.44
27975,2019-11-04,14.0,,45.0,53.12
27967,2019-11-04,15.0,92.22,46.88,64.44
27968,2019-11-04,16.0,123.75,38.33,50.56
27969,2019-11-04,17.0,80.0,36.11,53.75
27970,2019-11-04,18.0,89.5,22.5,38.33
27971,2019-11-04,19.0,110.56,23.12,23.75
27972,2019-11-04,20.0,40.0,17.78,10.0
27976,2019-11-05,9.0,63.5,12.78,6.88
27977,2019-11-05,10.0,81.25,28.75,44.29
27978,2019-11-05,11.0,83.33,46.0,57.78
27979,2019-11-05,12.0,73.75,45.62,38.33
27980,2019-11-05,13.0,78.75,50.0,
27981,2019-11-05,14.0,71.88,36.88,48.75
27982,2019-11-05,15.0,77.14,37.5,75.0
27983,2019-11-05,16.0,81.25,51.67,
27984,2019-11-05,17.0,71.88,34.44,
27985,2019-11-05,18.0,58.33,19.38,33.33
27987,2019-11-05,19.0,,7.5,
27986,2019-11-05,20.0,32.5,5.0,5.0
27988,2019-11-06,9.0,59.38,14.44,11.67
27989,2019-11-06,10.0,75.0,18.75,28.12
27990,2019-11-06,11.0,79.38,37.5,36.25
27991,2019-11-06,12.0,66.88,46.25,51.88
27992,2019-11-06,13.0,73.89,36.25,61.25
27993,2019-11-06,14.0,76.88,33.75,49.38
27994,2019-11-06,15.0,83.75,40.62,66.25
27995,2019-11-06,16.0,90.0,33.75,51.25
27996,2019-11-06,17.0,81.25,29.38,38.75
27997,2019-11-06,18.0,73.12,20.62,39.38
27998,2019-11-06,19.0,65.0,22.5,25.0
27999,2019-11-06,20.0,73.75,13.75,17.5
28003,2019-11-07,9.0,77.22,8.75,10.62
28004,2019-11-07,10.0,70.62,23.0,37.5
28005,2019-11-07,11.0,85.62,55.0,56.67
28006,2019-11-07,12.0,77.5,40.0,47.22
28007,2019-11-07,13.0,83.75,45.62,67.5
28008,2019-11-07,14.0,77.22,36.88,50.62
28009,2019-11-07,15.0,85.71,47.86,75.0
28010,2019-11-07,16.0,80.62,38.75,56.25
28011,2019-11-07,17.0,83.75,43.12,50.0
28012,2019-11-07,18.0,72.5,33.89,42.5
28013,2019-11-07,19.0,72.5,25.0,
28014,2019-11-07,20.0,53.75,10.62,17.14
28017,2019-11-08,9.0,62.86,25.0,
28018,2019-11-08,10.0,88.57,25.62,39.17
28019,2019-11-08,11.0,68.33,25.0,49.44
28020,2019-11-08,12.0,68.33,37.5,46.11
28021,2019-11-08,13.0,78.12,37.5,58.12
28022,2019-11-08,14.0,83.12,34.38,56.88
28023,2019-11-08,15.0,73.89,28.75,47.78
28024,2019-11-08,16.0,64.38,30.62,35.62
28025,2019-11-08,17.0,80.0,21.67,21.88
28034,2019-11-09,9.0,87.22,10.0,5.0
28035,2019-11-09,10.0,90.0,31.88,25.0
28036,2019-11-09,11.0,108.89,43.12,49.0
28037,2019-11-09,12.0,120.0,48.75,48.89
28038,2019-11-09,13.0,124.29,47.86,51.25
28039,2019-11-09,14.0,121.25,42.0,55.62
28040,2019-11-09,15.0,120.0,44.17,50.0
28041,2019-11-09,16.0,113.89,56.25,61.25
28042,2019-11-09,17.0,128.33,49.17,51.25
28043,2019-11-09,18.0,114.29,46.43,
28044,2019-11-09,19.0,110.71,47.86,30.0
28045,2019-11-09,20.0,91.43,32.5,20.0
28046,2019-11-09,21.0,78.12,18.12,9.38
28047,2019-11-09,22.0,62.14,11.43,5.0
28048,2019-11-10,9.0,88.75,31.5,17.22
28049,2019-11-10,10.0,115.83,32.86,43.89
28050,2019-11-10,11.0,106.43,45.71,67.14
28051,2019-11-10,12.0,110.0,60.0,74.38
28052,2019-11-10,13.0,108.75,53.57,95.0
28053,2019-11-10,14.0,121.25,51.25,85.0
28054,2019-11-10,15.0,124.38,62.5,98.12
28055,2019-11-10,16.0,135.0,58.0,86.0
28056,2019-11-10,17.0,112.5,51.67,81.88
28057,2019-11-10,18.0,101.88,55.0,57.5
28058,2019-11-10,19.0,91.88,38.33,40.0
28059,2019-11-10,20.0,66.88,27.5,20.56
28060,2019-11-10,21.0,59.29,13.89,10.62
28061,2019-11-10,22.0,44.38,8.75,7.5
28062,2019-11-11,9.0,60.56,9.38,
28063,2019-11-11,10.0,106.0,24.0,26.25
28064,2019-11-11,11.0,84.38,44.44,
28065,2019-11-11,12.0,93.75,45.56,
28066,2019-11-11,13.0,102.86,43.57,45.0
28067,2019-11-11,14.0,89.38,36.67,
28068,2019-11-11,15.0,101.67,34.38,57.5
28069,2019-11-11,16.0,91.11,25.5,81.88
28070,2019-11-11,17.0,56.88,23.33,53.75
28077,2019-11-12,9.0,50.5,21.5,6.67
28078,2019-11-12,10.0,76.67,18.0,25.62
28079,2019-11-12,11.0,61.88,42.14,40.56
28080,2019-11-12,12.0,73.75,,41.67
28081,2019-11-12,13.0,60.0,,40.62
28082,2019-11-12,14.0,60.71,25.83,42.86
28083,2019-11-12,15.0,63.75,33.89,32.5
28084,2019-11-12,16.0,60.0,33.89,39.38
28085,2019-11-12,17.0,49.38,23.75,20.62
28094,2019-11-13,9.0,74.44,28.12,
28095,2019-11-13,10.0,102.86,44.29,
28096,2019-11-13,11.0,101.25,51.25,
28097,2019-11-13,12.0,117.14,57.14,
28098,2019-11-13,13.0,118.12,68.12,25.0
28099,2019-11-13,14.0,116.67,51.25,53.12
28100,2019-11-13,15.0,128.57,60.62,78.12
28101,2019-11-13,16.0,120.0,59.38,70.0
28102,2019-11-13,17.0,111.88,52.78,30.0
28103,2019-11-13,18.0,104.38,43.75,43.75
28104,2019-11-13,19.0,88.75,44.38,43.12
28105,2019-11-13,20.0,65.0,26.25,26.88
28106,2019-11-13,21.0,57.5,17.78,15.0
28110,2019-11-14,9.0,60.0,16.67,5.62
28111,2019-11-14,10.0,66.88,45.5,25.62
28112,2019-11-14,11.0,74.38,42.5,23.75
28113,2019-11-14,12.0,66.88,21.67,21.25
28114,2019-11-14,13.0,70.62,15.0,27.5
28115,2019-11-14,14.0,60.0,23.89,20.62
28116,2019-11-14,15.0,82.86,23.33,26.88
28117,2019-11-14,16.0,72.5,24.38,25.62
28118,2019-11-14,17.0,57.5,21.25,18.75
28127,2019-11-15,9.0,48.12,11.43,10.0
28128,2019-11-15,10.0,72.78,16.25,28.33
28129,2019-11-15,11.0,70.56,25.62,35.0
28130,2019-11-15,12.0,58.75,21.25,21.88
28131,2019-11-15,13.0,61.88,25.0,26.67
28132,2019-11-15,14.0,60.56,18.12,18.75
28133,2019-11-15,15.0,68.12,24.38,18.75
28134,2019-11-15,16.0,71.88,18.75,15.0
28135,2019-11-15,17.0,53.75,13.75,9.38
28143,2019-11-16,9.0,77.86,20.0,5.71
28144,2019-11-16,10.0,81.88,31.11,25.0
28145,2019-11-16,11.0,109.38,51.25,37.5
28146,2019-11-16,12.0,101.88,42.5,33.75
28147,2019-11-16,13.0,112.22,50.62,28.75
28148,2019-11-16,14.0,95.62,51.25,28.12
28149,2019-11-16,15.0,100.62,48.33,36.67
28150,2019-11-16,16.0,116.88,46.88,
28151,2019-11-16,17.0,105.0,46.25,14.29
28152,2019-11-16,18.0,93.12,39.38,10.0
28153,2019-11-16,19.0,81.25,34.38,10.0
28154,2019-11-16,20.0,60.0,25.62,5.62
28155,2019-11-16,21.0,58.75,12.5,5.0
28156,2019-11-16,22.0,50.0,12.5,5.0
28159,2019-11-17,9.0,55.56,10.62,
28160,2019-11-17,10.0,72.73,20.0,
28161,2019-11-17,11.0,90.0,39.38,
28162,2019-11-17,12.0,84.5,30.56,15.71
28163,2019-11-17,13.0,76.88,30.0,24.38
28164,2019-11-17,14.0,77.5,20.62,10.0
28165,2019-11-17,15.0,71.67,32.78,6.0
28166,2019-11-17,16.0,72.22,32.0,5.0
28167,2019-11-17,17.0,53.75,23.12,5.0
28174,2019-11-18,9.0,80.56,21.11,5.0
28175,2019-11-18,10.0,91.88,39.38,18.75
28176,2019-11-18,11.0,105.62,44.38,43.75
28177,2019-11-18,12.0,108.12,43.12,60.62
28178,2019-11-18,13.0,98.75,45.0,71.25
28179,2019-11-18,14.0,97.5,37.5,60.0
28180,2019-11-18,15.0,111.88,56.88,101.25
28181,2019-11-18,16.0,101.25,47.5,75.62
28182,2019-11-18,17.0,101.88,49.38,49.38
28183,2019-11-18,18.0,91.25,36.88,27.5
28184,2019-11-18,19.0,81.88,28.12,23.75
28185,2019-11-18,20.0,56.25,20.62,10.0
28186,2019-11-18,21.0,43.75,5.62,5.0
28192,2019-11-19,9.0,53.75,15.0,5.0
28193,2019-11-19,10.0,60.0,39.44,16.25
28194,2019-11-19,11.0,68.75,40.0,15.0
28195,2019-11-19,12.0,84.29,51.11,18.12
28196,2019-11-19,13.0,68.89,18.12,10.62
28197,2019-11-19,14.0,56.11,16.25,14.38
28198,2019-11-19,15.0,58.12,18.12,24.38
28199,2019-11-19,16.0,50.0,10.62,15.62
28200,2019-11-19,17.0,48.12,16.88,15.62
28211,2019-11-20,9.0,78.89,6.88,9.0
28212,2019-11-20,10.0,76.25,24.38,24.38
28213,2019-11-20,11.0,93.75,35.0,54.38
28214,2019-11-20,12.0,101.25,45.62,82.22
28215,2019-11-20,13.0,105.62,42.5,80.62
28216,2019-11-20,14.0,86.88,25.62,70.62
28217,2019-11-20,15.0,97.5,40.0,60.0
28218,2019-11-20,16.0,95.0,39.38,58.75
28219,2019-11-20,17.0,93.12,40.0,47.5
28220,2019-11-20,18.0,79.38,26.67,38.12
28221,2019-11-20,19.0,82.5,30.62,18.75
28222,2019-11-20,20.0,47.78,20.0,6.67
28226,2019-11-21,9.0,61.88,8.89,5.0
28227,2019-11-21,10.0,53.12,25.62,23.33
28228,2019-11-21,11.0,67.86,50.0,21.11
28229,2019-11-21,12.0,66.11,31.88,23.75
28230,2019-11-21,13.0,66.25,41.11,18.12
28231,2019-11-21,14.0,58.57,15.0,25.56
28232,2019-11-21,15.0,63.12,13.75,24.38
28233,2019-11-21,16.0,67.5,15.62,15.56
28234,2019-11-21,17.0,55.0,18.33,11.88
28242,2019-11-22,9.0,51.67,9.44,8.5
28243,2019-11-22,10.0,65.0,17.78,35.0
28244,2019-11-22,11.0,66.25,24.38,31.25
28245,2019-11-22,12.0,63.12,23.75,35.62
28246,2019-11-22,13.0,61.25,25.0,35.62
28247,2019-11-22,14.0,57.14,20.62,26.11
28248,2019-11-22,15.0,79.38,16.88,38.12
28249,2019-11-22,16.0,67.5,15.83,32.5
28250,2019-11-22,17.0,53.12,15.0,15.62
28258,2019-11-23,9.0,95.0,10.0,8.89
28259,2019-11-23,10.0,117.5,23.0,30.56
28260,2019-11-23,11.0,90.62,40.56,50.62
28261,2019-11-23,12.0,85.62,38.12,68.75
28262,2019-11-23,13.0,109.38,43.75,81.88
28263,2019-11-23,14.0,103.75,40.62,63.75
28264,2019-11-23,15.0,108.12,52.5,87.5
28265,2019-11-23,16.0,122.86,45.0,75.71
28266,2019-11-23,17.0,114.38,55.0,73.89
28267,2019-11-23,18.0,98.75,42.5,50.0
28268,2019-11-23,19.0,102.14,40.71,32.86
28269,2019-11-23,20.0,72.5,21.88,28.75
28270,2019-11-23,21.0,75.56,13.33,13.75
28271,2019-11-23,22.0,85.0,11.25,13.12
28273,2019-11-24,8.0,44.29,9.29,5.0
28274,2019-11-24,9.0,66.11,11.11,11.25
28275,2019-11-24,10.0,79.38,38.12,28.12
28276,2019-11-24,11.0,174.29,41.67,51.25
28277,2019-11-24,12.0,133.75,33.75,58.89
28278,2019-11-24,13.0,88.12,43.75,52.22
28279,2019-11-24,14.0,92.5,40.0,64.38
28280,2019-11-24,15.0,116.67,39.29,75.62
28281,2019-11-24,16.0,142.5,35.56,51.25
28282,2019-11-24,17.0,69.44,30.0,40.62
28290,2019-11-25,9.0,78.5,13.57,5.0
28291,2019-11-25,10.0,163.12,43.33,38.89
28292,2019-11-25,11.0,147.78,67.5,52.5
28293,2019-11-25,12.0,165.56,61.25,72.14
28294,2019-11-25,13.0,178.75,60.56,96.0
28295,2019-11-25,14.0,197.5,61.67,95.0
28296,2019-11-25,15.0,188.75,68.5,124.38
28297,2019-11-25,16.0,137.78,75.0,112.5
28298,2019-11-25,17.0,142.5,64.38,113.75
28299,2019-11-25,18.0,148.75,57.0,65.0
28300,2019-11-25,19.0,150.62,44.38,56.88
28301,2019-11-25,20.0,117.78,41.25,31.25
28302,2019-11-25,21.0,95.0,27.5,8.75
28303,2019-11-25,22.0,75.0,11.25,5.0
28306,2019-11-26,9.0,104.38,9.38,9.38
28307,2019-11-26,10.0,166.67,56.25,55.56
28308,2019-11-26,11.0,132.5,52.5,94.38
28309,2019-11-26,12.0,136.25,63.12,95.62
28310,2019-11-26,13.0,139.38,56.25,109.38
28311,2019-11-26,14.0,174.38,49.38,83.12
28312,2019-11-26,15.0,185.62,65.56,125.0
28313,2019-11-26,16.0,152.5,66.88,
28314,2019-11-26,17.0,135.62,62.22,45.0
28315,2019-11-26,18.0,120.62,48.12,58.12
28316,2019-11-26,19.0,128.75,40.0,58.75
28317,2019-11-26,20.0,106.67,33.12,40.62
28318,2019-11-26,21.0,81.25,16.25,18.75
28319,2019-11-26,22.0,64.38,6.88,
28322,2019-11-27,9.0,88.75,11.67,16.11
28323,2019-11-27,10.0,160.62,46.25,51.25
28324,2019-11-27,11.0,133.75,55.62,65.62
28325,2019-11-27,12.0,131.67,48.57,80.0
28326,2019-11-27,13.0,122.5,50.0,85.62
28327,2019-11-27,14.0,148.12,46.25,116.67
28328,2019-11-27,15.0,133.89,55.0,121.67
28329,2019-11-27,16.0,118.57,43.57,97.14
28330,2019-11-27,17.0,136.25,41.88,83.75
28331,2019-11-27,18.0,135.0,45.56,72.5
28332,2019-11-27,19.0,125.0,36.67,40.56
28333,2019-11-27,20.0,107.86,32.14,39.29
28334,2019-11-27,21.0,76.88,27.5,36.88
28335,2019-11-27,22.0,75.0,16.11,16.11
28338,2019-11-28,9.0,96.5,11.25,10.0
28339,2019-11-28,10.0,176.88,38.75,37.5
28340,2019-11-28,11.0,90.0,42.14,57.14
28341,2019-11-28,12.0,127.78,48.75,81.25
28342,2019-11-28,13.0,150.0,45.0,70.62
28343,2019-11-28,14.0,155.0,41.25,97.5
28344,2019-11-28,15.0,146.25,48.12,103.12
28345,2019-11-28,16.0,107.5,47.5,78.12
28346,2019-11-28,17.0,131.88,33.12,75.62
28347,2019-11-28,18.0,131.25,36.88,53.12
28348,2019-11-28,19.0,156.88,29.38,39.38
28349,2019-11-28,20.0,115.62,21.25,38.75
28350,2019-11-28,21.0,63.75,13.75,17.5
28351,2019-11-28,22.0,87.5,8.75,19.38
28355,2019-11-29,9.0,79.38,10.0,20.56
28356,2019-11-29,10.0,110.62,36.67,49.44
28357,2019-11-29,11.0,113.75,45.0,64.44
28358,2019-11-29,12.0,130.0,49.38,83.12
28359,2019-11-29,13.0,108.75,43.75,103.75
28360,2019-11-29,14.0,119.29,32.5,86.43
28361,2019-11-29,15.0,123.75,30.0,113.12
28362,2019-11-29,16.0,123.57,38.75,96.43
28363,2019-11-29,17.0,128.33,54.38,66.88
28364,2019-11-29,18.0,118.12,50.62,61.88
28365,2019-11-29,19.0,96.25,40.0,50.0
28366,2019-11-29,20.0,84.38,39.38,32.5
28367,2019-11-29,21.0,79.38,21.25,31.88
28368,2019-11-29,22.0,67.14,8.57,10.71
28370,2019-11-30,9.0,77.5,10.62,8.12
28371,2019-11-30,10.0,88.75,23.12,49.38
28372,2019-11-30,11.0,101.25,40.0,58.75
28373,2019-11-30,12.0,112.86,42.86,76.43
28374,2019-11-30,13.0,116.25,48.12,75.62
28375,2019-11-30,14.0,111.25,46.25,87.0
28376,2019-11-30,15.0,137.14,53.57,84.29
28377,2019-11-30,16.0,114.38,57.5,
28378,2019-11-30,17.0,125.71,45.0,
28379,2019-11-30,18.0,157.5,38.75,40.71
28380,2019-11-30,19.0,117.5,36.25,64.38
28381,2019-11-30,20.0,89.38,38.75,54.38
28382,2019-11-30,21.0,78.12,22.22,24.38
28383,2019-11-30,22.0,60.62,5.62,15.0
28387,2019-12-01,8.0,45.62,5.62,5.0
28388,2019-12-01,9.0,61.11,10.0,13.75
28389,2019-12-01,10.0,75.71,25.77,21.67
28390,2019-12-01,11.0,83.12,32.22,42.5
28391,2019-12-01,12.0,96.25,31.25,39.38
28392,2019-12-01,13.0,76.67,32.22,43.12
28393,2019-12-01,14.0,70.62,25.45,51.5
28394,2019-12-01,15.0,87.5,32.5,48.12
28395,2019-12-01,16.0,72.5,26.25,41.25
28396,2019-12-01,17.0,59.38,35.0,35.56
28404,2019-12-02,8.0,34.29,,
28405,2019-12-02,9.0,45.62,19.38,
28406,2019-12-02,10.0,58.75,30.62,12.14
28407,2019-12-02,11.0,66.43,40.0,10.62
28408,2019-12-02,12.0,62.5,29.58,6.25
28409,2019-12-02,13.0,65.0,33.89,5.0
28410,2019-12-02,14.0,65.0,25.56,9.38
28411,2019-12-02,15.0,62.5,20.62,8.75
28415,2019-12-03,9.0,51.67,8.89,5.0
28416,2019-12-03,10.0,45.0,23.89,6.88
28429,2019-12-03,11.0,,31.25,10.0
28417,2019-12-03,12.0,77.0,36.25,11.88
28418,2019-12-03,13.0,115.0,31.88,17.78
28419,2019-12-03,14.0,87.86,25.0,17.86
28420,2019-12-03,15.0,98.57,35.0,16.25
28421,2019-12-03,16.0,55.0,36.88,14.38
28422,2019-12-03,17.0,56.67,25.62,5.62
28431,2019-12-04,9.0,66.43,10.0,5.0
28432,2019-12-04,10.0,110.62,,17.5
28433,2019-12-04,11.0,153.75,50.0,34.38
28434,2019-12-04,12.0,119.38,72.5,66.88
28435,2019-12-04,13.0,127.22,71.25,53.12
28436,2019-12-04,14.0,136.88,56.88,55.0
28437,2019-12-04,15.0,173.12,66.0,85.62
28438,2019-12-04,16.0,170.0,71.25,76.25
28445,2019-12-04,17.0,,63.75,44.44
28439,2019-12-04,18.0,80.0,51.25,29.0
28440,2019-12-04,19.0,121.25,47.5,14.38
28441,2019-12-04,20.0,71.88,23.75,6.25
28442,2019-12-04,21.0,61.88,11.88,5.0
28449,2019-12-05,9.0,58.33,,5.0
28450,2019-12-05,10.0,75.0,5.0,8.89
28451,2019-12-05,11.0,84.44,,30.56
28452,2019-12-05,12.0,108.75,,37.14
28453,2019-12-05,13.0,73.12,,43.12
28454,2019-12-05,14.0,90.0,,30.62
28455,2019-12-05,15.0,80.0,,33.75
28456,2019-12-05,16.0,66.25,,43.12
28457,2019-12-05,17.0,60.0,,24.44
28466,2019-12-06,9.0,58.5,,7.5
28467,2019-12-06,10.0,65.0,20.0,28.5
28468,2019-12-06,11.0,75.62,38.12,28.33
28469,2019-12-06,12.0,77.5,36.88,45.0
28470,2019-12-06,13.0,81.25,40.0,50.0
28471,2019-12-06,14.0,75.0,47.22,
28472,2019-12-06,15.0,69.38,36.88,46.88
28473,2019-12-06,16.0,68.75,26.67,47.14
28474,2019-12-06,17.0,59.38,27.5,32.22
28481,2019-12-07,8.0,41.25,5.0,5.0
28482,2019-12-07,9.0,57.5,10.62,5.0
28483,2019-12-07,10.0,81.88,43.12,
28484,2019-12-07,11.0,113.75,45.62,
28485,2019-12-07,12.0,153.75,45.62,
28486,2019-12-07,13.0,95.0,43.12,47.86
28487,2019-12-07,14.0,107.5,48.75,92.5
28488,2019-12-07,15.0,130.0,48.33,116.25
28489,2019-12-07,16.0,120.0,61.11,110.62
28490,2019-12-07,17.0,107.5,56.25,84.38
28491,2019-12-07,18.0,113.12,41.88,63.75
28492,2019-12-07,19.0,103.75,41.25,40.62
28493,2019-12-07,20.0,74.38,27.5,16.25
28494,2019-12-07,21.0,83.75,17.5,15.0
28495,2019-12-07,22.0,78.12,20.62,11.25
28499,2019-12-08,9.0,48.64,17.14,13.75
28500,2019-12-08,10.0,72.78,20.0,32.78
28501,2019-12-08,11.0,75.0,30.56,42.22
28502,2019-12-08,12.0,73.33,28.33,39.44
28503,2019-12-08,13.0,90.0,32.5,40.56
28504,2019-12-08,14.0,71.88,31.0,38.75
28505,2019-12-08,15.0,81.88,35.62,35.62
28506,2019-12-08,16.0,81.25,36.25,29.44
28507,2019-12-08,17.0,61.25,24.38,20.0
28517,2019-12-09,9.0,71.25,20.71,7.86
28518,2019-12-09,10.0,94.44,28.12,39.5
28519,2019-12-09,11.0,86.88,58.12,59.38
28520,2019-12-09,12.0,105.56,59.38,76.25
28521,2019-12-09,13.0,94.38,70.0,87.5
28522,2019-12-09,14.0,92.5,41.43,89.38
28523,2019-12-09,15.0,120.0,61.88,97.5
28524,2019-12-09,16.0,109.38,52.5,101.25
28525,2019-12-09,17.0,96.25,45.0,75.62
28526,2019-12-09,18.0,94.29,41.43,41.25
28527,2019-12-09,19.0,79.38,39.44,44.38
28528,2019-12-09,20.0,52.5,23.12,15.62
28529,2019-12-09,21.0,49.38,10.0,5.0
28534,2019-12-10,9.0,60.0,15.83,12.78
28535,2019-12-10,10.0,84.0,29.0,35.0
28536,2019-12-10,11.0,93.89,35.56,35.0
28537,2019-12-10,12.0,85.56,35.62,34.38
28538,2019-12-10,13.0,61.67,25.56,34.38
28539,2019-12-10,14.0,77.78,27.78,29.38
28540,2019-12-10,15.0,69.38,27.5,29.38
28541,2019-12-10,16.0,72.5,24.17,33.75
28542,2019-12-10,17.0,53.12,27.5,28.75
28552,2019-12-11,9.0,65.0,7.86,7.86
28553,2019-12-11,10.0,82.5,27.5,36.88
28554,2019-12-11,11.0,110.62,51.88,48.75
28555,2019-12-11,12.0,103.33,38.75,61.88
28556,2019-12-11,13.0,97.14,43.89,65.62
28557,2019-12-11,14.0,90.0,44.38,78.89
28558,2019-12-11,15.0,109.29,59.38,84.29
28559,2019-12-11,16.0,113.75,49.44,49.38
28560,2019-12-11,17.0,95.0,43.12,31.88
28561,2019-12-11,18.0,85.0,37.5,8.12
28562,2019-12-11,19.0,80.56,31.25,22.5
28563,2019-12-11,20.0,62.5,26.25,10.62
28564,2019-12-11,21.0,53.75,13.33,5.62
28567,2019-12-12,9.0,35.0,12.5,5.0
28568,2019-12-12,10.0,75.0,11.88,11.67
28569,2019-12-12,11.0,65.62,23.12,19.0
28570,2019-12-12,12.0,70.62,31.67,10.0
28571,2019-12-12,13.0,80.0,27.5,18.33
28572,2019-12-12,14.0,68.33,21.25,20.0
28573,2019-12-12,15.0,77.78,24.38,25.62
28574,2019-12-12,16.0,58.12,22.78,11.88
28575,2019-12-12,17.0,49.44,16.11,9.38
28585,2019-12-13,9.0,59.0,8.12,
28586,2019-12-13,10.0,74.38,20.0,12.5
28587,2019-12-13,11.0,59.5,23.89,8.33
28588,2019-12-13,12.0,71.25,28.89,17.5
28589,2019-12-13,13.0,76.25,34.44,25.0
28590,2019-12-13,14.0,77.78,24.38,31.25
28591,2019-12-13,15.0,72.5,39.0,25.62
28592,2019-12-13,16.0,75.91,36.25,26.88
28593,2019-12-13,17.0,53.12,25.0,16.25
28601,2019-12-14,8.0,20.0,5.0,5.83
28602,2019-12-14,9.0,53.75,6.25,6.25
28603,2019-12-14,10.0,66.88,24.38,36.67
28604,2019-12-14,11.0,98.75,44.38,65.0
28605,2019-12-14,12.0,97.5,44.44,64.38
28606,2019-12-14,13.0,106.88,48.12,65.0
28607,2019-12-14,14.0,135.62,46.88,59.38
28608,2019-12-14,15.0,137.5,53.75,71.88
28609,2019-12-14,16.0,115.0,51.25,74.38
28616,2019-12-14,17.0,,48.0,70.62
28617,2019-12-14,18.0,,48.12,35.45
28610,2019-12-14,19.0,87.86,43.89,28.12
28611,2019-12-14,20.0,91.88,29.38,7.5
28612,2019-12-14,21.0,89.38,18.75,6.25
28613,2019-12-14,22.0,77.86,27.86,10.71
28619,2019-12-15,8.0,33.75,5.0,5.0
28620,2019-12-15,9.0,54.38,8.75,
28621,2019-12-15,10.0,72.78,28.89,16.67
28622,2019-12-15,11.0,75.0,40.0,36.5
28623,2019-12-15,12.0,114.38,32.5,51.88
28624,2019-12-15,13.0,91.67,42.5,46.88
28625,2019-12-15,14.0,86.25,42.78,42.5
28626,2019-12-15,15.0,94.38,42.5,48.33
28627,2019-12-15,16.0,75.62,39.44,49.38
28628,2019-12-15,17.0,64.5,38.33,25.0
28635,2019-12-16,9.0,96.43,17.5,8.75
28636,2019-12-16,10.0,94.38,28.12,43.12
28637,2019-12-16,11.0,117.5,63.75,65.62
28638,2019-12-16,12.0,123.12,55.62,73.12
28639,2019-12-16,13.0,105.0,66.25,76.88
28640,2019-12-16,14.0,111.25,55.0,74.38
28641,2019-12-16,15.0,123.75,66.88,99.38
28642,2019-12-16,16.0,123.12,76.25,100.0
28643,2019-12-16,17.0,114.38,55.0,80.0
28644,2019-12-16,18.0,116.88,43.64,65.62
28645,2019-12-16,19.0,105.0,45.0,68.12
28646,2019-12-16,20.0,65.62,31.88,32.5
28647,2019-12-16,21.0,60.71,12.5,14.29
28648,2019-12-16,22.0,57.5,7.5,20.0
28651,2019-12-17,9.0,49.38,7.78,5.71
28652,2019-12-17,10.0,84.44,20.0,33.33
28653,2019-12-17,11.0,80.62,39.44,33.12
28654,2019-12-17,12.0,65.62,32.5,36.88
28655,2019-12-17,13.0,71.25,34.38,38.75
28656,2019-12-17,14.0,68.12,33.75,38.12
28657,2019-12-17,15.0,80.0,35.62,35.0
28658,2019-12-17,16.0,73.75,24.38,16.43
28659,2019-12-17,17.0,53.75,28.12,38.12
28668,2019-12-18,9.0,66.0,5.0,5.0
28669,2019-12-18,10.0,96.25,27.5,5.0
28670,2019-12-18,11.0,109.44,41.88,6.25
28671,2019-12-18,12.0,105.62,49.38,8.75
28672,2019-12-18,13.0,108.12,45.0,15.5
28673,2019-12-18,14.0,117.78,38.12,21.43
28674,2019-12-18,15.0,120.0,64.38,36.25
28675,2019-12-18,16.0,126.25,51.88,23.12
28676,2019-12-18,17.0,123.75,48.75,16.25
28677,2019-12-18,18.0,103.75,40.56,5.62
28678,2019-12-18,19.0,98.75,37.78,5.0
28679,2019-12-18,20.0,69.38,18.75,5.0
28680,2019-12-18,21.0,57.78,7.22,
28685,2019-12-19,9.0,65.56,8.12,5.0
28686,2019-12-19,10.0,75.62,13.89,5.62
28687,2019-12-19,11.0,81.25,24.38,16.25
28688,2019-12-19,12.0,86.25,28.89,27.5
28689,2019-12-19,13.0,85.0,35.62,18.75
28690,2019-12-19,14.0,80.62,22.27,12.78
28691,2019-12-19,15.0,86.25,34.38,27.5
28692,2019-12-19,16.0,89.38,25.56,16.88
28693,2019-12-19,17.0,83.75,24.38,14.38
28702,2019-12-20,8.0,40.0,9.29,9.38
28703,2019-12-20,9.0,56.82,10.0,8.75
28704,2019-12-20,10.0,80.62,20.0,22.5
28705,2019-12-20,11.0,91.5,32.78,48.12
28706,2019-12-20,12.0,85.62,34.44,40.0
28707,2019-12-20,13.0,71.25,28.89,30.0
28708,2019-12-20,14.0,82.5,24.0,27.5
28709,2019-12-20,15.0,82.5,27.22,34.38
28710,2019-12-20,16.0,73.33,28.0,30.0
28711,2019-12-20,17.0,61.25,22.78,21.88
28718,2019-12-21,7.0,38.12,5.0,5.0
28719,2019-12-21,8.0,53.12,10.0,5.0
28720,2019-12-21,9.0,70.0,17.22,
28721,2019-12-21,10.0,111.25,43.12,15.0
28722,2019-12-21,11.0,106.88,57.5,71.25
28723,2019-12-21,12.0,127.5,48.33,76.25
28724,2019-12-21,13.0,114.38,55.0,71.88
28725,2019-12-21,14.0,146.25,43.89,68.75
28726,2019-12-21,15.0,141.11,48.75,83.12
28727,2019-12-21,16.0,99.38,51.88,69.38
28728,2019-12-21,17.0,137.14,45.71,50.71
28729,2019-12-21,18.0,101.88,31.88,60.0
28730,2019-12-21,19.0,81.25,28.75,41.25
28731,2019-12-21,20.0,65.62,19.38,18.75
28732,2019-12-21,21.0,53.12,10.62,5.62
28733,2019-12-21,22.0,37.5,9.38,5.0
28736,2019-12-22,8.0,28.12,5.0,7.5
28737,2019-12-22,9.0,58.75,8.12,10.0
28738,2019-12-22,10.0,53.12,19.0,10.0
28739,2019-12-22,11.0,85.62,20.62,23.12
28740,2019-12-22,12.0,77.5,26.88,43.33
28741,2019-12-22,13.0,76.88,29.38,31.25
28742,2019-12-22,14.0,70.71,17.14,27.78
28743,2019-12-22,15.0,73.12,30.56,27.78
28744,2019-12-22,16.0,75.0,22.22,27.5
28745,2019-12-22,17.0,60.0,28.75,27.5
28753,2019-12-23,8.0,51.25,8.75,5.0
28754,2019-12-23,9.0,96.82,12.78,19.38
28755,2019-12-23,10.0,116.25,45.0,58.75
28756,2019-12-23,11.0,112.5,53.75,60.62
28757,2019-12-23,12.0,106.25,37.5,76.25
28758,2019-12-23,13.0,144.38,63.75,101.88
28759,2019-12-23,14.0,141.25,46.88,83.75
28760,2019-12-23,15.0,143.75,53.89,67.5
28761,2019-12-23,16.0,109.38,63.12,81.88
28762,2019-12-23,17.0,99.38,37.14,56.43
28763,2019-12-23,18.0,108.12,33.12,33.75
28764,2019-12-23,19.0,87.14,25.71,13.57
28765,2019-12-23,20.0,82.5,23.75,11.25
28766,2019-12-23,21.0,53.12,11.25,5.62
28767,2019-12-23,22.0,49.38,9.38,5.0
28770,2019-12-24,8.0,65.0,10.0,6.25
28771,2019-12-24,9.0,112.5,25.62,10.62
28772,2019-12-24,10.0,130.0,52.5,31.67
28773,2019-12-24,11.0,172.5,51.25,64.44
28774,2019-12-24,12.0,152.86,52.5,47.86
28775,2019-12-24,13.0,183.12,58.12,74.38
28776,2019-12-24,14.0,173.12,65.0,86.43
28777,2019-12-24,15.0,179.38,71.88,67.5
28778,2019-12-24,16.0,180.0,71.88,72.5
28779,2019-12-24,17.0,157.5,75.62,70.62
28780,2019-12-24,18.0,125.62,59.38,58.75
28781,2019-12-24,19.0,145.62,52.5,50.0
28782,2019-12-24,20.0,107.78,37.5,34.38
28783,2019-12-24,21.0,71.25,30.0,21.25
28784,2019-12-24,22.0,71.43,10.71,6.43
28787,2019-12-25,6.0,41.5,5.0,5.0
28788,2019-12-25,7.0,53.12,8.75,5.0
28789,2019-12-25,8.0,103.12,10.56,11.88
28790,2019-12-25,9.0,113.12,37.22,56.25
28791,2019-12-25,10.0,108.12,47.78,83.12
28792,2019-12-25,11.0,135.0,43.75,109.38
28793,2019-12-25,12.0,132.78,77.5,125.0
28794,2019-12-25,13.0,152.5,82.14,136.25
28795,2019-12-25,14.0,127.14,,152.86
28796,2019-12-25,15.0,161.88,,133.12
28797,2019-12-25,16.0,153.12,,134.38
28798,2019-12-25,17.0,167.5,,138.12
28799,2019-12-25,18.0,138.12,,113.12
28800,2019-12-25,19.0,150.0,,79.38
28801,2019-12-25,20.0,60.0,,53.57
28802,2019-12-25,21.0,82.5,,16.88
28803,2019-12-25,22.0,75.0,10.0,18.12
28806,2019-12-26,8.0,60.0,8.57,7.14
28807,2019-12-26,9.0,86.5,19.38,17.86
28808,2019-12-26,10.0,119.38,41.25,42.22
28809,2019-12-26,11.0,111.67,36.88,71.88
28810,2019-12-26,12.0,120.0,42.86,80.0
28811,2019-12-26,13.0,145.5,68.75,107.5
28812,2019-12-26,14.0,140.0,62.5,86.88
28813,2019-12-26,15.0,137.78,45.0,78.75
28814,2019-12-26,16.0,133.75,62.5,96.25
28815,2019-12-26,17.0,126.43,49.38,88.12
28816,2019-12-26,18.0,116.88,38.12,55.0
28817,2019-12-26,19.0,106.25,35.0,55.0
28818,2019-12-26,20.0,98.57,24.29,37.86
28819,2019-12-26,21.0,71.25,8.75,35.0
28820,2019-12-26,22.0,51.88,5.0,5.0
28824,2019-12-27,8.0,67.78,17.78,11.67
28825,2019-12-27,9.0,72.5,42.22,38.33
28826,2019-12-27,10.0,88.75,65.0,72.5
28827,2019-12-27,11.0,110.62,58.33,87.5
28828,2019-12-27,12.0,129.44,,114.38
28829,2019-12-27,13.0,133.75,59.29,97.22
28830,2019-12-27,14.0,128.12,66.88,90.0
28831,2019-12-27,15.0,143.12,63.75,95.0
28832,2019-12-27,16.0,133.75,79.38,103.75
28833,2019-12-27,17.0,108.75,56.88,58.12
28834,2019-12-27,18.0,108.75,43.89,54.38
28835,2019-12-27,19.0,100.62,37.5,43.12
28836,2019-12-27,20.0,76.88,27.5,41.88
28837,2019-12-27,21.0,57.22,25.62,20.62
28838,2019-12-27,22.0,53.75,6.88,8.33
28842,2019-12-28,8.0,56.25,10.0,7.14
28843,2019-12-28,9.0,73.75,13.89,29.38
28844,2019-12-28,10.0,90.0,28.12,43.89
28845,2019-12-28,11.0,102.14,61.88,61.88
28846,2019-12-28,12.0,90.0,42.5,73.75
28847,2019-12-28,13.0,127.5,57.86,83.57
28848,2019-12-28,14.0,116.25,50.0,81.88
28849,2019-12-28,15.0,135.0,39.44,75.0
28850,2019-12-28,16.0,141.25,44.44,68.89
28851,2019-12-28,17.0,123.12,45.0,66.25
28852,2019-12-28,18.0,117.5,33.12,70.0
28853,2019-12-28,19.0,90.0,35.62,56.88
28854,2019-12-28,20.0,72.14,21.43,28.57
28855,2019-12-28,21.0,58.75,5.62,23.75
28856,2019-12-28,22.0,53.33,5.0,13.12
28860,2019-12-29,8.0,49.0,9.29,
28861,2019-12-29,9.0,82.5,19.38,
28862,2019-12-29,10.0,115.0,41.25,28.75
28863,2019-12-29,11.0,126.88,61.11,80.0
28864,2019-12-29,12.0,115.0,41.88,95.62
28865,2019-12-29,13.0,130.0,65.0,118.12
28866,2019-12-29,14.0,129.38,53.12,115.0
28867,2019-12-29,15.0,125.71,60.56,95.71
28868,2019-12-29,16.0,143.75,52.5,119.38
28869,2019-12-29,17.0,116.25,40.62,82.5
28870,2019-12-29,18.0,113.12,38.12,65.0
28871,2019-12-29,19.0,97.86,25.0,65.0
28872,2019-12-29,20.0,80.62,28.12,48.12
28873,2019-12-29,21.0,70.0,12.5,40.62
28874,2019-12-29,22.0,55.0,8.75,17.5
28878,2019-12-30,8.0,75.0,10.0,9.29
28879,2019-12-30,9.0,92.14,26.88,33.75
28893,2019-12-30,10.0,,53.12,69.44
28880,2019-12-30,11.0,136.0,57.78,108.75
28881,2019-12-30,12.0,125.62,76.25,97.5
28882,2019-12-30,13.0,155.0,87.5,108.75
28883,2019-12-30,14.0,145.5,74.5,130.0
28884,2019-12-30,15.0,163.12,73.75,109.38
28885,2019-12-30,16.0,168.75,81.25,120.62
28886,2019-12-30,17.0,169.29,58.33,121.67
28887,2019-12-30,18.0,133.75,38.12,81.25
28888,2019-12-30,19.0,143.12,43.75,80.0
28889,2019-12-30,20.0,105.0,35.0,69.0
28890,2019-12-30,21.0,112.78,25.0,42.5
28891,2019-12-30,22.0,77.86,26.88,32.86
